403	404	472	471
404	405	473	472
405	406	474	473
406	407	475	474
407	408	476	475
408	409	477	476
409	410	478	477
410	411	479	478
411	412	480	479
1045	230	231	1044
1046	229	230	1045
1047	228	229	1046
1048	1098	228	1047
1049	1097	1098	1048
1050	327	1097	1049
1051	227	327	1050
1052	326	227	1051
1053	226	326	1052
1066	1044	1043	1065
1067	1045	1044	1066
1068	1046	1045	1067
1069	1047	1046	1068
1070	1048	1047	1069
1071	1049	1048	1070
1072	1050	1049	1071
1073	1051	1050	1072
1074	1052	1051	1073
1075	1053	1052	1074
471	472	1088	1087
1088	1067	1066	1087
472	473	1089	1088
1089	1068	1067	1088
473	474	1090	1089
1090	1069	1068	1089
474	475	1091	1090
1091	1070	1069	1090
475	476	1092	1091
1092	1071	1070	1091
476	477	1093	1092
1093	1072	1071	1092
477	478	1094	1093
1094	1073	1072	1093
478	479	1095	1094
1095	1074	1073	1094
479	480	1096	1095
1096	1075	1074	1095
327	288	1375	1097
1097	1375	1374	1098
1098	1374	289	228
187	498	1955	1954
506	500	501	507
507	501	502	508
508	502	503	509
510	504	2984	2983
290	1409	1613	1609
289	1410	1783	1638
1374	1411	1410	289
1375	1412	1411	1374
288	1413	1412	1375
287	1414	1785	1644
231	230	290	1609
1613	1616	1617	1609
1616	1792	1793	1617
1608	231	1609	1617
1043	1044	231	1608
1627	471	1087	1626
1626	1087	1066	1065
1633	1627	1626	1632
1626	1065	1631	1632
1631	1065	1043	1635
1635	1043	1608	1636
1638	229	228	289
290	230	229	1638
1644	227	326	287
288	327	227	1644
1779	403	471	1627
1783	1409	290	1638
1785	1413	288	1644
1792	324	285	1793
1636	1608	1617	1793
1794	1779	1627	1633
1802	1636	1793	285
1804	1635	1636	1802
1806	1631	1635	1804
1809	1633	1632	1808
1808	1632	1631	1806
1810	1794	1633	1809
1856	1857	1863	1862
1857	1858	1864	1863
1858	1859	1865	1864
1859	1860	1866	1865
1860	1861	1867	1866
1867	1861	411	410
1862	1863	1869	1868
1863	1864	1870	1869
1864	1865	1871	1870
1865	1866	1872	1871
1866	1867	1873	1872
1873	1867	410	409
1868	1869	1875	1874
1869	1870	1876	1875
1870	1871	1877	1876
1871	1872	1878	1877
1872	1873	1879	1878
1879	1873	409	408
1874	1875	1881	1880
1875	1876	1882	1881
1876	1877	1883	1882
1877	1878	1884	1883
1878	1879	1885	1884
1885	1879	408	407
1880	1881	1887	1886
1881	1882	1888	1887
1882	1883	1889	1888
1883	1884	1890	1889
1884	1885	1891	1890
1891	1885	407	406
1886	1887	1893	1892
1887	1888	1894	1893
1888	1889	1895	1894
1889	1890	1896	1895
1890	1891	1897	1896
1897	1891	406	405
1892	1893	1899	1898
1893	1894	1900	1899
1894	1895	1901	1900
1895	1896	1902	1901
1896	1897	1903	1902
1903	1897	405	404
1898	1899	1905	1904
1899	1900	1906	1905
1900	1901	1907	1906
1901	1902	1908	1907
1902	1903	1909	1908
1909	1903	404	403
1904	1905	1911	1910
1905	1906	1912	1911
1906	1907	1913	1912
1907	1908	1914	1913
1908	1909	1915	1914
1915	1909	403	1779
1910	1911	1917	1916
1911	1912	1918	1917
1912	1913	1919	1918
1913	1914	1920	1919
1914	1915	1921	1920
1921	1915	1779	1794
1916	1917	1923	1922
1917	1918	1924	1923
1918	1919	1925	1924
1919	1920	1926	1925
1920	1921	1927	1926
1927	1921	1794	1810
1852	1853	1859	1858
1853	1854	1860	1859
1854	1855	1861	1860
1861	1855	412	411
1957	1951	1952	1958
1951	1954	1955	1952
505	1957	1958	499
509	503	2064	2063
2063	2064	504	510
506	1799	2117	500
1799	505	499	2117
2943	1414	287	2944
1856	2979	2980	1857
1858	1857	2980	1852
287	326	226	2944
1954	1916	1922	187
1951	1910	1916	1954
1957	1904	1910	1951
1904	1957	505	1898
1799	1892	1898	505
1886	1892	1799	506
507	1880	1886	506
1874	1880	507	508
508	509	1868	1874
509	2063	1862	1868
1862	2063	510	1856
510	2983	2979	1856
4876	4875	4937	4938
4877	4876	4938	4939
4878	4877	4939	4940
4879	4878	4940	4941
4880	4879	4941	4942
4881	4880	4942	4943
4882	4881	4943	4944
4883	4882	4944	4945
412	4883	4945	480
4707	5479	5478	4708
4706	5480	5479	4707
4705	5481	5480	4706
5527	5482	5481	4705
5526	5483	5482	5527
4802	5484	5483	5526
4704	5485	5484	4802
4801	5486	5485	4704
226	1053	5486	4801
5478	5498	5497	5477
5479	5499	5498	5478
5480	5500	5499	5479
5481	5501	5500	5480
5482	5502	5501	5481
5483	5503	5502	5482
5484	5504	5503	5483
5485	5505	5504	5484
5486	5506	5505	5485
1053	1075	5506	5486
4938	4937	5517	5518
5499	5518	5517	5498
4939	4938	5518	5519
5500	5519	5518	5499
4940	4939	5519	5520
5501	5520	5519	5500
4941	4940	5520	5521
5502	5521	5520	5501
4942	4941	5521	5522
5503	5522	5521	5502
4943	4942	5522	5523
5504	5523	5522	5503
4944	4943	5523	5524
5505	5524	5523	5504
4945	4944	5524	5525
5506	5525	5524	5505
480	4945	5525	1096
1075	1096	5525	5506
4764	4802	5526	5782
5782	5526	5527	5781
5781	5527	4705	4765
4962	4665	6342	6343
4964	4970	4971	4965
4965	4971	4972	4966
4966	4972	4973	4967
4968	4974	2983	2984
5816	4766	6016	6020
5817	4765	6045	6175
5818	5781	4765	5817
5819	5782	5781	5818
5820	4764	5782	5819
5821	4763	6051	6177
4707	4708	6016	4766
6023	6020	6016	6024
6184	6023	6024	6185
4708	6015	6024	6016
5478	5477	6015	4708
4937	6034	6033	5517
5517	6033	5497	5498
6034	6040	6039	6033
5497	6033	6039	6038
5497	6038	6042	5477
5477	6042	6043	6015
4706	6045	4765	4705
4707	4766	6045	4706
4704	6051	4763	4801
4802	4764	6051	4704
4875	6171	6034	4937
5816	6175	6045	4766
5820	6177	6051	4764
4799	6184	6185	4761
6015	6043	6185	6024
6171	6186	6040	6034
6043	6194	4761	6185
6042	6196	6194	6043
6038	6198	6196	6042
6040	6201	6200	6039
6039	6200	6198	6038
6186	6202	6201	6040
6245	6244	6250	6251
6246	6245	6251	6252
6247	6246	6252	6253
6248	6247	6253	6254
6249	6248	6254	6255
6249	6255	4882	4883
6251	6250	6256	6257
6252	6251	6257	6258
6253	6252	6258	6259
6254	6253	6259	6260
6255	6254	6260	6261
6255	6261	4881	4882
6257	6256	6262	6263
6258	6257	6263	6264
6259	6258	6264	6265
6260	6259	6265	6266
6261	6260	6266	6267
6261	6267	4880	4881
6263	6262	6268	6269
6264	6263	6269	6270
6265	6264	6270	6271
6266	6265	6271	6272
6267	6266	6272	6273
6267	6273	4879	4880
6269	6268	6274	6275
6270	6269	6275	6276
6271	6270	6276	6277
6272	6271	6277	6278
6273	6272	6278	6279
6273	6279	4878	4879
6275	6274	6280	6281
6276	6275	6281	6282
6277	6276	6282	6283
6278	6277	6283	6284
6279	6278	6284	6285
6279	6285	4877	4878
6281	6280	6286	6287
6282	6281	6287	6288
6283	6282	6288	6289
6284	6283	6289	6290
6285	6284	6290	6291
6285	6291	4876	4877
6287	6286	6292	6293
6288	6287	6293	6294
6289	6288	6294	6295
6290	6289	6295	6296
6291	6290	6296	6297
6291	6297	4875	4876
6293	6292	6298	6299
6294	6293	6299	6300
6295	6294	6300	6301
6296	6295	6301	6302
6297	6296	6302	6303
6297	6303	6171	4875
6299	6298	6304	6305
6300	6299	6305	6306
6301	6300	6306	6307
6302	6301	6307	6308
6303	6302	6308	6309
6303	6309	6186	6171
6305	6304	6310	6311
6306	6305	6311	6312
6307	6306	6312	6313
6308	6307	6313	6314
6309	6308	6314	6315
6309	6315	6202	6186
1853	1852	6246	6247
1854	1853	6247	6248
1855	1854	6248	6249
1855	6249	4883	412
6339	6345	6346	6340
6342	6339	6340	6343
6345	4969	4963	6346
4967	4973	6451	6452
6452	6451	4974	4968
6191	4970	4964	6505
4969	6191	6505	4963
5821	2943	2944	4763
2979	6244	6245	2980
6245	6246	1852	2980
4801	4763	2944	226
6304	6342	4665	6310
6298	6339	6342	6304
6339	6298	6292	6345
6286	4969	6345	6292
4969	6286	6280	6191
6280	6274	4970	6191
4970	6274	6268	4971
6268	6262	4972	4971
4973	4972	6262	6256
6451	4973	6256	6250
6244	4974	6451	6250
2983	4974	6244	2979
