0 30000000000 1.0
Linear 3 explicit
 0.000000 0.0 1.6876 7.12046
 0.010000 0.0 1.6876 7.12046
 0.020000 0.0 1.6876 7.12046
 0.030000 0.0 1.6876 7.12046
 0.040000 0.0 1.6876 7.12046
 0.050000 0.0 1.6876 7.12046
 0.060000 0.0 1.6876 7.12046
 0.070000 0.0 1.6876 7.12046
 0.080000 0.0 1.6876 7.12046
 0.090000 0.0 1.6876 7.12046
 0.100000 0.0 1.6876 7.12046
 0.110000 0.0 1.6876 7.12046
 0.120000 0.0 1.6876 7.12046
 0.130000 0.0 1.6876 7.12046
 0.140000 0.0 1.6876 7.12046
 0.150000 0.0 1.6876 7.12046
 0.160000 0.0 1.6876 7.12046
 0.170000 0.0 1.6876 7.12046
 0.180000 0.0 1.6876 7.12046
 0.190000 0.0 1.6876 7.12046
 0.200000 0.0 1.6876 7.12046
 0.210000 0.0 1.6876 7.12046
 0.220000 0.0 1.6876 7.12046
 0.230000 0.0 1.6876 7.12046
 0.240000 0.0 1.6876 7.12046
 0.250000 0.0 1.6876 7.12046
 0.260000 0.0 1.6876 7.12046
 0.270000 0.0 1.6876 7.12046
 0.280000 0.0 1.6876 7.12046
 0.290000 0.0 1.6876 7.12046
 0.300000 0.0 1.6876 7.12046
 0.310000 0.0 1.6876 7.12046
 0.320000 0.0 1.6876 7.12046
 0.330000 0.0 1.6876 7.12046
 0.340000 0.0 1.6876 7.12046
 0.350000 0.0 1.6876 7.12046
 0.360000 0.0 1.6876 7.12046
 0.370000 0.0 1.6876 7.12046
 0.380000 0.0 1.6876 7.12046
 0.390000 0.0 1.6876 7.12046
 0.400000 0.0 1.6876 7.12046
 0.410000 0.0 1.6876 7.12046
 0.420000 0.0 1.6876 7.12046
 0.430000 0.0 1.6876 7.12046
 0.440000 0.0 1.6876 7.12046
 0.450000 0.0 1.6876 7.12046
 0.460000 0.0 1.6876 7.12046
 0.470000 0.0 1.6876 7.12046
 0.480000 0.0 1.6876 7.12046
 0.490000 0.0 1.6876 7.12046
 0.500000 0.0 1.6876 7.12046
 0.510000 0.0 1.6876 7.12046
 0.520000 0.0 1.6876 7.12046
 0.530000 0.0 1.6876 7.12046
 0.540000 0.0 1.6876 7.12046
 0.550000 0.0 1.6876 7.12046
 0.560000 0.0 1.6876 7.12046
 0.570000 0.0 1.6876 7.12046
 0.580000 0.0 1.6876 7.12046
 0.590000 0.0 1.6876 7.12046
 0.600000 0.0 1.6876 7.12046
 0.610000 0.0 1.6876 7.12046
 0.620000 0.0 1.6876 7.12046
 0.630000 0.0 1.6876 7.12046
 0.640000 0.0 1.6876 7.12046
 0.650000 0.0 1.6876 7.12046
 0.660000 0.0 1.6876 7.12046
 0.670000 0.0 1.6876 7.12046
 0.680000 0.0 1.6876 7.12046
 0.690000 0.0 1.6876 7.12046
 0.700000 0.0 1.6876 7.12046
 0.710000 0.0 1.6876 7.12046
 0.720000 0.0 1.6876 7.12046
 0.730000 0.0 1.6876 7.12046
 0.740000 0.0 1.6876 7.12046
 0.750000 0.0 1.6876 7.12046
 0.760000 0.0 1.6876 7.12046
 0.770000 0.0 1.6876 7.12046
 0.780000 0.0 1.6876 7.12046
 0.790000 0.0 1.6876 7.12046
 0.800000 0.0 1.6876 7.12046
 0.810000 0.0 1.6876 7.12046
 0.820000 0.0 1.6876 7.12046
 0.830000 0.0 1.6876 7.12046
 0.840000 0.0 1.6876 7.12046
 0.850000 0.0 1.6876 7.12046
 0.860000 0.0 1.6876 7.12046
 0.870000 0.0 1.6876 7.12046
 0.880000 0.0 1.6876 7.12046
 0.890000 0.0 1.6876 7.12046
 0.900000 0.0 1.6876 7.12046
 0.910000 0.0 1.6876 7.12046
 0.920000 0.0 1.6876 7.12046
 0.930000 0.0 1.6876 7.12046
 0.940000 0.0 1.6876 7.12046
 0.950000 0.0 1.6876 7.12046
 0.960000 0.0 1.6876 7.12046
 0.970000 0.0 1.6876 7.12046
 0.980000 0.0 1.6876 7.12046
 0.990000 0.0 1.6876 7.12046
 1.000000 0.0 1.6876 7.12046
 1.010000 0.0 1.6876 7.12046
 1.020000 0.0 1.6876 7.12046
 1.030000 0.0 1.6876 7.12046
 1.040000 0.0 1.6876 7.12046
 1.050000 0.0 1.6876 7.12046
 1.060000 0.0 1.6876 7.12046
 1.070000 0.0 1.6876 7.12046
 1.080000 0.0 1.6876 7.12046
 1.090000 0.0 1.6876 7.12046
 1.100000 0.0 1.6876 7.12046
 1.110000 0.0 1.6876 7.12046
 1.120000 0.0 1.6876 7.12046
 1.130000 0.0 1.6876 7.12046
 1.140000 0.0 1.6876 7.12046
 1.150000 0.0 1.6876 7.12046
 1.160000 0.0 1.6876 7.12046
 1.170000 0.0 1.6876 7.12046
 1.180000 0.0 1.6876 7.12046
 1.190000 0.0 1.6876 7.12046
 1.200000 0.0 1.6876 7.12046
 1.210000 0.0 1.6876 7.12046
 1.220000 0.0 1.6876 7.12046
 1.230000 0.0 1.6876 7.12046
 1.240000 0.0 1.6876 7.12046
 1.250000 0.0 1.6876 7.12046
 1.260000 0.0 1.6876 7.12046
 1.270000 0.0 1.6876 7.12046
 1.280000 0.0 1.6876 7.12046
 1.290000 0.0 1.6876 7.12046
 1.300000 0.0 1.6876 7.12046
 1.310000 0.0 1.6876 7.12046
 1.320000 0.0 1.6876 7.12046
 1.330000 0.0 1.6876 7.12046
 1.340000 0.0 1.6876 7.12046
 1.350000 0.0 1.6876 7.12046
 1.360000 0.0 1.6876 7.12046
 1.370000 0.0 1.6876 7.12046
 1.380000 0.0 1.6876 7.12046
 1.390000 0.0 1.6876 7.12046
 1.400000 0.0 1.6876 7.12046
 1.410000 0.0 1.6876 7.12046
 1.420000 0.0 1.6876 7.12046
 1.430000 0.0 1.6876 7.12046
 1.440000 0.0 1.6876 7.12046
 1.450000 0.0 1.6876 7.12046
 1.460000 0.0 1.6876 7.12046
 1.470000 0.0 1.6876 7.12046
 1.480000 0.0 1.6876 7.12046
 1.490000 0.0 1.6876 7.12046
 1.500000 0.0 1.6876 7.12046
 1.510000 0.0 1.6876 7.12046
 1.520000 0.0 1.6876 7.12046
 1.530000 0.0 1.6876 7.12046
 1.540000 0.0 1.6876 7.12046
 1.550000 0.0 1.6876 7.12046
 1.560000 0.0 1.6876 7.12046
 1.570000 0.0 1.6876 7.12046
 1.580000 0.0 1.6876 7.12046
 1.590000 0.0 1.6876 7.12046
 1.600000 0.0 1.6876 7.12046
 1.610000 0.0 1.6876 7.12046
 1.620000 0.0 1.6876 7.12046
 1.630000 0.0 1.6876 7.12046
 1.640000 0.0 1.6876 7.12046
 1.650000 0.0 1.6876 7.12046
 1.660000 0.0 1.6876 7.12046
 1.670000 0.0 1.6876 7.12046
 1.680000 0.0 1.6876 7.12046
 1.690000 0.0 1.6876 7.12046
 1.700000 0.0 1.6876 7.12046
 1.710000 0.0 1.6876 7.12046
 1.720000 0.0 1.6876 7.12046
 1.730000 0.0 1.6876 7.12046
 1.740000 0.0 1.6876 7.12046
 1.750000 0.0 1.6876 7.12046
 1.760000 0.0 1.6876 7.12046
 1.770000 0.0 1.6876 7.12046
 1.780000 0.0 1.6876 7.12046
 1.790000 0.0 1.6876 7.12046
 1.800000 0.0 1.6876 7.12046
 1.810000 0.0 1.6876 7.12046
 1.820000 0.0 1.6876 7.12046
 1.830000 0.0 1.6876 7.12046
 1.840000 0.0 1.6876 7.12046
 1.850000 0.0 1.6876 7.12046
 1.860000 0.0 1.6876 7.12046
 1.870000 0.0 1.6876 7.12046
 1.880000 0.0 1.6876 7.12046
 1.890000 0.0 1.6876 7.12046
 1.900000 0.0 1.6876 7.12046
 1.910000 0.0 1.6876 7.12046
 1.920000 0.0 1.6876 7.12046
 1.930000 0.0 1.6876 7.12046
 1.940000 0.0 1.6876 7.12046
 1.950000 0.0 1.6876 7.12046
 1.960000 0.0 1.6876 7.12046
 1.970000 0.0 1.6876 7.12046
 1.980000 0.0 1.6876 7.12046
 1.990000 0.0 1.6876 7.12046
 2.000000 0.0 1.6876 7.12046
 2.010000 0.0 1.6876 7.12046
 2.020000 0.0 1.6876 7.12046
 2.030000 0.0 1.6876 7.12046
 2.040000 0.0 1.6876 7.12046
 2.050000 0.0 1.6876 7.12046
 2.060000 0.0 1.6876 7.12046
 2.070000 0.0 1.6876 7.12046
 2.080000 0.0 1.6876 7.12046
 2.090000 0.0 1.6876 7.12046
 2.100000 0.0 1.6876 7.12046
 2.110000 0.0 1.6876 7.12046
 2.120000 0.0 1.6876 7.12046
 2.130000 0.0 1.6876 7.12046
 2.140000 0.0 1.6876 7.12046
 2.150000 0.0 1.6876 7.12046
 2.160000 0.0 1.6876 7.12046
 2.170000 0.0 1.6876 7.12046
 2.180000 0.0 1.6876 7.12046
 2.190000 0.0 1.6876 7.12046
 2.200000 0.0 1.6876 7.12046
 2.210000 0.0 1.6876 7.12046
 2.220000 0.0 1.6876 7.12046
 2.230000 0.0 1.6876 7.12046
 2.240000 0.0 1.6876 7.12046
 2.250000 0.0 1.6876 7.12046
 2.260000 0.0 1.6876 7.12046
 2.270000 0.0 1.6876 7.12046
 2.280000 0.0 1.6876 7.12046
 2.290000 0.0 1.6876 7.12046
 2.300000 0.0 1.6876 7.12046
 2.310000 0.0 1.6876 7.12046
 2.320000 0.0 1.6876 7.12046
 2.330000 0.0 1.6876 7.12046
 2.340000 0.0 1.6876 7.12046
 2.350000 0.0 1.6876 7.12046
 2.360000 0.0 1.6876 7.12046
 2.370000 0.0 1.6876 7.12046
 2.380000 0.0 1.6876 7.12046
 2.390000 0.0 1.6876 7.12046
 2.400000 0.0 1.6876 7.12046
 2.410000 0.0 1.6876 7.12046
 2.420000 0.0 1.6876 7.12046
 2.430000 0.0 1.6876 7.12046
 2.440000 0.0 1.6876 7.12046
 2.450000 0.0 1.6876 7.12046
 2.460000 0.0 1.6876 7.12046
 2.470000 0.0 1.6876 7.12046
 2.480000 0.0 1.6876 7.12046
 2.490000 0.0 1.6876 7.12046
 2.500000 0.0 1.6876 7.12046
 2.510000 0.0 1.6876 7.12046
 2.520000 0.0 1.6876 7.12046
 2.530000 0.0 1.6876 7.12046
 2.540000 0.0 1.6876 7.12046
 2.550000 0.0 1.6876 7.12046
 2.560000 0.0 1.6876 7.12046
 2.570000 0.0 1.6876 7.12046
 2.580000 0.0 1.6876 7.12046
 2.590000 0.0 1.6876 7.12046
 2.600000 0.0 1.6876 7.12046
 2.610000 0.0 1.6876 7.12046
 2.620000 0.0 1.6876 7.12046
 2.630000 0.0 1.6876 7.12046
 2.640000 0.0 1.6876 7.12046
 2.650000 0.0 1.6876 7.12046
 2.660000 0.0 1.6876 7.12046
 2.670000 0.0 1.6876 7.12046
 2.680000 0.0 1.6876 7.12046
 2.690000 0.0 1.6876 7.12046
 2.700000 0.0 1.6876 7.12046
 2.710000 0.0 1.6876 7.12046
 2.720000 0.0 1.6876 7.12046
 2.730000 0.0 1.6876 7.12046
 2.740000 0.0 1.6876 7.12046
 2.750000 0.0 1.6876 7.12046
 2.760000 0.0 1.6876 7.12046
 2.770000 0.0 1.6876 7.12046
 2.780000 0.0 1.6876 7.12046
 2.790000 0.0 1.6876 7.12046
 2.800000 0.0 1.6876 7.12046
 2.810000 0.0 1.6876 7.12046
 2.820000 0.0 1.6876 7.12046
 2.830000 0.0 1.6876 7.12046
 2.840000 0.0 1.6876 7.12046
 2.850000 0.0 1.6876 7.12046
 2.860000 0.0 1.6876 7.12046
 2.870000 0.0 1.6876 7.12046
 2.880000 0.0 1.6876 7.12046
 2.890000 0.0 1.6876 7.12046
 2.900000 0.0 1.6876 7.12046
 2.910000 0.0 1.6876 7.12046
 2.920000 0.0 1.6876 7.12046
 2.930000 0.0 1.6876 7.12046
 2.940000 0.0 1.6876 7.12046
 2.950000 0.0 1.6876 7.12046
 2.960000 0.0 1.6876 7.12046
 2.970000 0.0 1.6876 7.12046
 2.980000 0.0 1.6876 7.12046
 2.990000 0.0 1.6876 7.12046
 3.000000 0.0 1.6876 7.12046
 3.010000 0.0 1.6876 7.12046
 3.020000 0.0 1.6876 7.12046
 3.030000 0.0 1.6876 7.12046
 3.040000 0.0 1.6876 7.12046
 3.050000 0.0 1.6876 7.12046
 3.060000 0.0 1.6876 7.12046
 3.070000 0.0 1.6876 7.12046
 3.080000 0.0 1.6876 7.12046
 3.090000 0.0 1.6876 7.12046
 3.100000 0.0 1.6876 7.12046
 3.110000 0.0 1.6876 7.12046
 3.120000 0.0 1.6876 7.12046
 3.130000 0.0 1.6876 7.12046
 3.140000 0.0 1.6876 7.12046
 3.150000 0.0 1.6876 7.12046
 3.160000 0.0 1.6876 7.12046
 3.170000 0.0 1.6876 7.12046
 3.180000 0.0 1.6876 7.12046
 3.190000 0.0 1.6876 7.12046
 3.200000 0.0 1.6876 7.12046
 3.210000 0.0 1.6876 7.12046
 3.220000 0.0 1.6876 7.12046
 3.230000 0.0 1.6876 7.12046
 3.240000 0.0 1.6876 7.12046
 3.250000 0.0 1.6876 7.12046
 3.260000 0.0 1.6876 7.12046
 3.270000 0.0 1.6876 7.12046
 3.280000 0.0 1.6876 7.12046
 3.290000 0.0 1.6876 7.12046
 3.300000 0.0 1.6876 7.12046
 3.310000 0.0 1.6876 7.12046
 3.320000 0.0 1.6876 7.12046
 3.330000 0.0 1.6876 7.12046
 3.340000 0.0 1.6876 7.12046
 3.350000 0.0 1.6876 7.12046
 3.360000 0.0 1.6876 7.12046
 3.370000 0.0 1.6876 7.12046
 3.380000 0.0 1.6876 7.12046
 3.390000 0.0 1.6876 7.12046
 3.400000 0.0 1.6876 7.12046
 3.410000 0.0 1.6876 7.12046
 3.420000 0.0 1.6876 7.12046
 3.430000 0.0 1.6876 7.12046
 3.440000 0.0 1.6876 7.12046
 3.450000 0.0 1.6876 7.12046
 3.460000 0.0 1.6876 7.12046
 3.470000 0.0 1.6876 7.12046
 3.480000 0.0 1.6876 7.12046
 3.490000 0.0 1.6876 7.12046
 3.500000 0.0 1.6876 7.12046
 3.510000 0.0 1.6876 7.12046
 3.520000 0.0 1.6876 7.12046
 3.530000 0.0 1.6876 7.12046
 3.540000 0.0 1.6876 7.12046
 3.550000 0.0 1.6876 7.12046
 3.560000 0.0 1.6876 7.12046
 3.570000 0.0 1.6876 7.12046
 3.580000 0.0 1.6876 7.12046
 3.590000 0.0 1.6876 7.12046
 3.600000 0.0 1.6876 7.12046
 3.610000 0.0 1.6876 7.12046
 3.620000 0.0 1.6876 7.12046
 3.630000 0.0 1.6876 7.12046
 3.640000 0.0 1.6876 7.12046
 3.650000 0.0 1.6876 7.12046
 3.660000 0.0 1.6876 7.12046
 3.670000 0.0 1.6876 7.12046
 3.680000 0.0 1.6876 7.12046
 3.690000 0.0 1.6876 7.12046
 3.700000 0.0 1.6876 7.12046
 3.710000 0.0 1.6876 7.12046
 3.720000 0.0 1.6876 7.12046
 3.730000 0.0 1.6876 7.12046
 3.740000 0.0 1.6876 7.12046
 3.750000 0.0 1.6876 7.12046
 3.760000 0.0 1.6876 7.12046
 3.770000 0.0 1.6876 7.12046
 3.780000 0.0 1.6876 7.12046
 3.790000 0.0 1.6876 7.12046
 3.800000 0.0 1.6876 7.12046
 3.810000 0.0 1.6876 7.12046
 3.820000 0.0 1.6876 7.12046
 3.830000 0.0 1.6876 7.12046
 3.840000 0.0 1.6876 7.12046
 3.850000 0.0 1.6876 7.12046
 3.860000 0.0 1.6876 7.12046
 3.870000 0.0 1.6876 7.12046
 3.880000 0.0 1.6876 7.12046
 3.890000 0.0 1.6876 7.12046
 3.900000 0.0 1.6876 7.12046
 3.910000 0.0 1.6876 7.12046
 3.920000 0.0 1.6876 7.12046
 3.930000 0.0 1.6876 7.12046
 3.940000 0.0 1.6876 7.12046
 3.950000 0.0 1.6876 7.12046
 3.960000 0.0 1.6876 7.12046
 3.970000 0.0 1.6876 7.12046
 3.980000 0.0 1.6876 7.12046
 3.990000 0.0 1.6876 7.12046
 4.000000 0.0 1.6876 7.12046
 4.010000 0.0 1.6876 7.12046
 4.020000 0.0 1.6876 7.12046
 4.030000 0.0 1.6876 7.12046
 4.040000 0.0 1.6876 7.12046
 4.050000 0.0 1.6876 7.12046
 4.060000 0.0 1.6876 7.12046
 4.070000 0.0 1.6876 7.12046
 4.080000 0.0 1.6876 7.12046
 4.090000 0.0 1.6876 7.12046
 4.100000 0.0 1.6876 7.12046
 4.110000 0.0 1.6876 7.12046
 4.120000 0.0 1.6876 7.12046
 4.130000 0.0 1.6876 7.12046
 4.140000 0.0 1.6876 7.12046
 4.150000 0.0 1.6876 7.12046
 4.160000 0.0 1.6876 7.12046
 4.170000 0.0 1.6876 7.12046
 4.180000 0.0 1.6876 7.12046
 4.190000 0.0 1.6876 7.12046
 4.200000 0.0 1.6876 7.12046
 4.210000 0.0 1.6876 7.12046
 4.220000 0.0 1.6876 7.12046
 4.230000 0.0 1.6876 7.12046
 4.240000 0.0 1.6876 7.12046
 4.250000 0.0 1.6876 7.12046
 4.260000 0.0 1.6876 7.12046
 4.270000 0.0 1.6876 7.12046
 4.280000 0.0 1.6876 7.12046
 4.290000 0.0 1.6876 7.12046
 4.300000 0.0 1.6876 7.12046
 4.310000 0.0 1.6876 7.12046
 4.320000 0.0 1.6876 7.12046
 4.330000 0.0 1.6876 7.12046
 4.340000 0.0 1.6876 7.12046
 4.350000 0.0 1.6876 7.12046
 4.360000 0.0 1.6876 7.12046
 4.370000 0.0 1.6876 7.12046
 4.380000 0.0 1.6876 7.12046
 4.390000 0.0 1.6876 7.12046
 4.400000 0.0 1.6876 7.12046
 4.410000 0.0 1.6876 7.12046
 4.420000 0.0 1.6876 7.12046
 4.430000 0.0 1.6876 7.12046
 4.440000 0.0 1.6876 7.12046
 4.450000 0.0 1.6876 7.12046
 4.460000 0.0 1.6876 7.12046
 4.470000 0.0 1.6876 7.12046
 4.480000 0.0 1.6876 7.12046
 4.490000 0.0 1.6876 7.12046
 4.500000 0.0 1.6876 7.12046
 4.510000 0.0 1.6876 7.12046
 4.520000 0.0 1.6876 7.12046
 4.530000 0.0 1.6876 7.12046
 4.540000 0.0 1.6876 7.12046
 4.550000 0.0 1.6876 7.12046
 4.560000 0.0 1.6876 7.12046
 4.570000 0.0 1.6876 7.12046
 4.580000 0.0 1.6876 7.12046
 4.590000 0.0 1.6876 7.12046
 4.600000 0.0 1.6876 7.12046
 4.610000 0.0 1.6876 7.12046
 4.620000 0.0 1.6876 7.12046
 4.630000 0.0 1.6876 7.12046
 4.640000 0.0 1.6876 7.12046
 4.650000 0.0 1.6876 7.12046
 4.660000 0.0 1.6876 7.12046
 4.670000 0.0 1.6876 7.12046
 4.680000 0.0 1.6876 7.12046
 4.690000 0.0 1.6876 7.12046
 4.700000 0.0 1.6876 7.12046
 4.710000 0.0 1.6876 7.12046
 4.720000 0.0 1.6876 7.12046
 4.730000 0.0 1.6876 7.12046
 4.740000 0.0 1.6876 7.12046
 4.750000 0.0 1.6876 7.12046
 4.760000 0.0 1.6876 7.12046
 4.770000 0.0 1.6876 7.12046
 4.780000 0.0 1.6876 7.12046
 4.790000 0.0 1.6876 7.12046
 4.800000 0.0 1.6876 7.12046
 4.810000 0.0 1.6876 7.12046
 4.820000 0.0 1.6876 7.12046
 4.830000 0.0 1.6876 7.12046
 4.840000 0.0 1.6876 7.12046
 4.850000 0.0 1.6876 7.12046
 4.860000 0.0 1.6876 7.12046
 4.870000 0.0 1.6876 7.12046
 4.880000 0.0 1.6876 7.12046
 4.890000 0.0 1.6876 7.12046
 4.900000 0.0 1.6876 7.12046
 4.910000 0.0 1.6876 7.12046
 4.920000 0.0 1.6876 7.12046
 4.930000 0.0 1.6876 7.12046
 4.940000 0.0 1.6876 7.12046
 4.950000 0.0 1.6876 7.12046
 4.960000 0.0 1.6876 7.12046
 4.970000 0.0 1.6876 7.12046
 4.980000 0.0 1.6876 7.12046
 4.990000 0.0 1.6876 7.12046
 5.000000 0.0 1.6876 7.12046
 5.010000 0.0 1.6876 7.12046
 5.020000 0.0 1.6876 7.12046
 5.030000 0.0 1.6876 7.12046
 5.040000 0.0 1.6876 7.12046
 5.050000 0.0 1.6876 7.12046
 5.060000 0.0 1.6876 7.12046
 5.070000 0.0 1.6876 7.12046
 5.080000 0.0 1.6876 7.12046
 5.090000 0.0 1.6876 7.12046
 5.100000 0.0 1.6876 7.12046
 5.110000 0.0 1.6876 7.12046
 5.120000 0.0 1.6876 7.12046
 5.130000 0.0 1.6876 7.12046
 5.140000 0.0 1.6876 7.12046
 5.150000 0.0 1.6876 7.12046
 5.160000 0.0 1.6876 7.12046
 5.170000 0.0 1.6876 7.12046
 5.180000 0.0 1.6876 7.12046
 5.190000 0.0 1.6876 7.12046
 5.200000 0.0 1.6876 7.12046
 5.210000 0.0 1.6876 7.12046
 5.220000 0.0 1.6876 7.12046
 5.230000 0.0 1.6876 7.12046
 5.240000 0.0 1.6876 7.12046
 5.250000 0.0 1.6876 7.12046
 5.260000 0.0 1.6876 7.12046
 5.270000 0.0 1.6876 7.12046
 5.280000 0.0 1.6876 7.12046
 5.290000 0.0 1.6876 7.12046
 5.300000 0.0 1.6876 7.12046
 5.310000 0.0 1.6876 7.12046
 5.320000 0.0 1.6876 7.12046
 5.330000 0.0 1.6876 7.12046
 5.340000 0.0 1.6876 7.12046
 5.350000 0.0 1.6876 7.12046
 5.360000 0.0 1.6876 7.12046
 5.370000 0.0 1.6876 7.12046
 5.380000 0.0 1.6876 7.12046
 5.390000 0.0 1.6876 7.12046
 5.400000 0.0 1.6876 7.12046
 5.410000 0.0 1.6876 7.12046
 5.420000 0.0 1.6876 7.12046
 5.430000 0.0 1.6876 7.12046
 5.440000 0.0 1.6876 7.12046
 5.450000 0.0 1.6876 7.12046
 5.460000 0.0 1.6876 7.12046
 5.470000 0.0 1.6876 7.12046
 5.480000 0.0 1.6876 7.12046
 5.490000 0.0 1.6876 7.12046
 5.500000 0.0 1.6876 7.12046
 5.510000 0.0 1.6876 7.12046
 5.520000 0.0 1.6876 7.12046
 5.530000 0.0 1.6876 7.12046
 5.540000 0.0 1.6876 7.12046
 5.550000 0.0 1.6876 7.12046
 5.560000 0.0 1.6876 7.12046
 5.570000 0.0 1.6876 7.12046
 5.580000 0.0 1.6876 7.12046
 5.590000 0.0 1.6876 7.12046
 5.600000 0.0 1.6876 7.12046
 5.610000 0.0 1.6876 7.12046
 5.620000 0.0 1.6876 7.12046
 5.630000 0.0 1.6876 7.12046
 5.640000 0.0 1.6876 7.12046
 5.650000 0.0 1.6876 7.12046
 5.660000 0.0 1.6876 7.12046
 5.670000 0.0 1.6876 7.12046
 5.680000 0.0 1.6876 7.12046
 5.690000 0.0 1.6876 7.12046
 5.700000 0.0 1.6876 7.12046
 5.710000 0.0 1.6876 7.12046
 5.720000 0.0 1.6876 7.12046
 5.730000 0.0 1.6876 7.12046
 5.740000 0.0 1.6876 7.12046
 5.750000 0.0 1.6876 7.12046
 5.760000 0.0 1.6876 7.12046
 5.770000 0.0 1.6876 7.12046
 5.780000 0.0 1.6876 7.12046
 5.790000 0.0 1.6876 7.12046
 5.800000 0.0 1.6876 7.12046
 5.810000 0.0 1.6876 7.12046
 5.820000 0.0 1.6876 7.12046
 5.830000 0.0 1.6876 7.12046
 5.840000 0.0 1.6876 7.12046
 5.850000 0.0 1.6876 7.12046
 5.860000 0.0 1.6876 7.12046
 5.870000 0.0 1.6876 7.12046
 5.880000 0.0 1.6876 7.12046
 5.890000 0.0 1.6876 7.12046
 5.900000 0.0 1.6876 7.12046
 5.910000 0.0 1.6876 7.12046
 5.920000 0.0 1.6876 7.12046
 5.930000 0.0 1.6876 7.12046
 5.940000 0.0 1.6876 7.12046
 5.950000 0.0 1.6876 7.12046
 5.960000 0.0 1.6876 7.12046
 5.970000 0.0 1.6876 7.12046
 5.980000 0.0 1.6876 7.12046
 5.990000 0.0 1.6876 7.12046
 6.000000 0.0 1.6876 7.12046
 6.010000 0.0 1.6876 7.12046
 6.020000 0.0 1.6876 7.12046
 6.030000 0.0 1.6876 7.12046
 6.040000 0.0 1.6876 7.12046
 6.050000 0.0 1.6876 7.12046
 6.060000 0.0 1.6876 7.12046
 6.070000 0.0 1.6876 7.12046
 6.080000 0.0 1.6876 7.12046
 6.090000 0.0 1.6876 7.12046
 6.100000 0.0 1.6876 7.12046
 6.110000 0.0 1.6876 7.12046
 6.120000 0.0 1.6876 7.12046
 6.130000 0.0 1.6876 7.12046
 6.140000 0.0 1.6876 7.12046
 6.150000 0.0 1.6876 7.12046
 6.160000 0.0 1.6876 7.12046
 6.170000 0.0 1.6876 7.12046
 6.180000 0.0 1.6876 7.12046
 6.190000 0.0 1.6876 7.12046
 6.200000 0.0 1.6876 7.12046
 6.210000 0.0 1.6876 7.12046
 6.220000 0.0 1.6876 7.12046
 6.230000 0.0 1.6876 7.12046
 6.240000 0.0 1.6876 7.12046
 6.250000 0.0 1.6876 7.12046
 6.260000 0.0 1.6876 7.12046
 6.270000 0.0 1.6876 7.12046
 6.280000 0.0 1.6876 7.12046
 6.290000 0.0 1.6876 7.12046
 6.300000 0.0 1.6876 7.12046
 6.310000 0.0 1.6876 7.12046
 6.320000 0.0 1.6876 7.12046
 6.330000 0.0 1.6876 7.12046
 6.340000 0.0 1.6876 7.12046
 6.350000 0.0 1.6876 7.12046
 6.360000 0.0 1.6876 7.12046
 6.370000 0.0 1.6876 7.12046
 6.380000 0.0 1.6876 7.12046
 6.390000 0.0 1.6876 7.12046
 6.400000 0.0 1.6876 7.12046
 6.410000 0.0 1.6876 7.12046
 6.420000 0.0 1.6876 7.12046
 6.430000 0.0 1.6876 7.12046
 6.440000 0.0 1.6876 7.12046
 6.450000 0.0 1.6876 7.12046
 6.460000 0.0 1.6876 7.12046
 6.470000 0.0 1.6876 7.12046
 6.480000 0.0 1.6876 7.12046
 6.490000 0.0 1.6876 7.12046
 6.500000 0.0 1.6876 7.12046
 6.510000 0.0 1.6876 7.12046
 6.520000 0.0 1.6876 7.12046
 6.530000 0.0 1.6876 7.12046
 6.540000 0.0 1.6876 7.12046
 6.550000 0.0 1.6876 7.12046
 6.560000 0.0 1.6876 7.12046
 6.570000 0.0 1.6876 7.12046
 6.580000 0.0 1.6876 7.12046
 6.590000 0.0 1.6876 7.12046
 6.600000 0.0 1.6876 7.12046
 6.610000 0.0 1.6876 7.12046
 6.620000 0.0 1.6876 7.12046
 6.630000 0.0 1.6876 7.12046
 6.640000 0.0 1.6876 7.12046
 6.650000 0.0 1.6876 7.12046
 6.660000 0.0 1.6876 7.12046
 6.670000 0.0 1.6876 7.12046
 6.680000 0.0 1.6876 7.12046
 6.690000 0.0 1.6876 7.12046
 6.700000 0.0 1.6876 7.12046
 6.710000 0.0 1.6876 7.12046
 6.720000 0.0 1.6876 7.12046
 6.730000 0.0 1.6876 7.12046
 6.740000 0.0 1.6876 7.12046
 6.750000 0.0 1.6876 7.12046
 6.760000 0.0 1.6876 7.12046
 6.770000 0.0 1.6876 7.12046
 6.780000 0.0 1.6876 7.12046
 6.790000 0.0 1.6876 7.12046
 6.800000 0.0 1.6876 7.12046
 6.810000 0.0 1.6876 7.12046
 6.820000 0.0 1.6876 7.12046
 6.830000 0.0 1.6876 7.12046
 6.840000 0.0 1.6876 7.12046
 6.850000 0.0 1.6876 7.12046
 6.860000 0.0 1.6876 7.12046
 6.870000 0.0 1.6876 7.12046
 6.880000 0.0 1.6876 7.12046
 6.890000 0.0 1.6876 7.12046
 6.900000 0.0 1.6876 7.12046
 6.910000 0.0 1.6876 7.12046
 6.920000 0.0 1.6876 7.12046
 6.930000 0.0 1.6876 7.12046
 6.940000 0.0 1.6876 7.12046
 6.950000 0.0 1.6876 7.12046
 6.960000 0.0 1.6876 7.12046
 6.970000 0.0 1.6876 7.12046
 6.980000 0.0 1.6876 7.12046
 6.990000 0.0 1.6876 7.12046
 7.000000 0.0 1.6876 7.12046
 7.010000 0.0 1.6876 7.12046
 7.020000 0.0 1.6876 7.12046
 7.030000 0.0 1.6876 7.12046
 7.040000 0.0 1.6876 7.12046
 7.050000 0.0 1.6876 7.12046
 7.060000 0.0 1.6876 7.12046
 7.070000 0.0 1.6876 7.12046
 7.080000 0.0 1.6876 7.12046
 7.090000 0.0 1.6876 7.12046
 7.100000 0.0 1.6876 7.12046
 7.110000 0.0 1.6876 7.12046
 7.120000 0.0 1.6876 7.12046
 7.130000 0.0 1.6876 7.12046
 7.140000 0.0 1.6876 7.12046
 7.150000 0.0 1.6876 7.12046
 7.160000 0.0 1.6876 7.12046
 7.170000 0.0 1.6876 7.12046
 7.180000 0.0 1.6876 7.12046
 7.190000 0.0 1.6876 7.12046
 7.200000 0.0 1.6876 7.12046
 7.210000 0.0 1.6876 7.12046
 7.220000 0.0 1.6876 7.12046
 7.230000 0.0 1.6876 7.12046
 7.240000 0.0 1.6876 7.12046
 7.250000 0.0 1.6876 7.12046
 7.260000 0.0 1.6876 7.12046
 7.270000 0.0 1.6876 7.12046
 7.280000 0.0 1.6876 7.12046
 7.290000 0.0 1.6876 7.12046
 7.300000 0.0 1.6876 7.12046
 7.310000 0.0 1.6876 7.12046
 7.320000 0.0 1.6876 7.12046
 7.330000 0.0 1.6876 7.12046
 7.340000 0.0 1.6876 7.12046
 7.350000 0.0 1.6876 7.12046
 7.360000 0.0 1.6876 7.12046
 7.370000 0.0 1.6876 7.12046
 7.380000 0.0 1.6876 7.12046
 7.390000 0.0 1.6876 7.12046
 7.400000 0.0 1.6876 7.12046
 7.410000 0.0 1.6876 7.12046
 7.420000 0.0 1.6876 7.12046
 7.430000 0.0 1.6876 7.12046
 7.440000 0.0 1.6876 7.12046
 7.450000 0.0 1.6876 7.12046
 7.460000 0.0 1.6876 7.12046
 7.470000 0.0 1.6876 7.12046
 7.480000 0.0 1.6876 7.12046
 7.490000 0.0 1.6876 7.12046
 7.500000 0.0 1.6876 7.12046
 7.510000 0.0 1.6876 7.12046
 7.520000 0.0 1.6876 7.12046
 7.530000 0.0 1.6876 7.12046
 7.540000 0.0 1.6876 7.12046
 7.550000 0.0 1.6876 7.12046
 7.560000 0.0 1.6876 7.12046
 7.570000 0.0 1.6876 7.12046
 7.580000 0.0 1.6876 7.12046
 7.590000 0.0 1.6876 7.12046
 7.600000 0.0 1.6876 7.12046
 7.610000 0.0 1.6876 7.12046
 7.620000 0.0 1.6876 7.12046
 7.630000 0.0 1.6876 7.12046
 7.640000 0.0 1.6876 7.12046
 7.650000 0.0 1.6876 7.12046
 7.660000 0.0 1.6876 7.12046
 7.670000 0.0 1.6876 7.12046
 7.680000 0.0 1.6876 7.12046
 7.690000 0.0 1.6876 7.12046
 7.700000 0.0 1.6876 7.12046
 7.710000 0.0 1.6876 7.12046
 7.720000 0.0 1.6876 7.12046
 7.730000 0.0 1.6876 7.12046
 7.740000 0.0 1.6876 7.12046
 7.750000 0.0 1.6876 7.12046
 7.760000 0.0 1.6876 7.12046
 7.770000 0.0 1.6876 7.12046
 7.780000 0.0 1.6876 7.12046
 7.790000 0.0 1.6876 7.12046
 7.800000 0.0 1.6876 7.12046
 7.810000 0.0 1.6876 7.12046
 7.820000 0.0 1.6876 7.12046
 7.830000 0.0 1.6876 7.12046
 7.840000 0.0 1.6876 7.12046
 7.850000 0.0 1.6876 7.12046
 7.860000 0.0 1.6876 7.12046
 7.870000 0.0 1.6876 7.12046
 7.880000 0.0 1.6876 7.12046
 7.890000 0.0 1.6876 7.12046
 7.900000 0.0 1.6876 7.12046
 7.910000 0.0 1.6876 7.12046
 7.920000 0.0 1.6876 7.12046
 7.930000 0.0 1.6876 7.12046
 7.940000 0.0 1.6876 7.12046
 7.950000 0.0 1.6876 7.12046
 7.960000 0.0 1.6876 7.12046
 7.970000 0.0 1.6876 7.12046
 7.980000 0.0 1.6876 7.12046
 7.990000 0.0 1.6876 7.12046
 8.000000 0.0 1.6876 7.12046
 8.010000 0.0 1.6876 7.12046
 8.020000 0.0 1.6876 7.12046
 8.030000 0.0 1.6876 7.12046
 8.040000 0.0 1.6876 7.12046
 8.050000 0.0 1.6876 7.12046
 8.060000 0.0 1.6876 7.12046
 8.070000 0.0 1.6876 7.12046
 8.080000 0.0 1.6876 7.12046
 8.090000 0.0 1.6876 7.12046
 8.100000 0.0 1.6876 7.12046
 8.110000 0.0 1.6876 7.12046
 8.120000 0.0 1.6876 7.12046
 8.130000 0.0 1.6876 7.12046
 8.140000 0.0 1.6876 7.12046
 8.150000 0.0 1.6876 7.12046
 8.160000 0.0 1.6876 7.12046
 8.170000 0.0 1.6876 7.12046
 8.180000 0.0 1.6876 7.12046
 8.190000 0.0 1.6876 7.12046
 8.200000 0.0 1.6876 7.12046
 8.210000 0.0 1.6876 7.12046
 8.220000 0.0 1.6876 7.12046
 8.230000 0.0 1.6876 7.12046
 8.240000 0.0 1.6876 7.12046
 8.250000 0.0 1.6876 7.12046
 8.260000 0.0 1.6876 7.12046
 8.270000 0.0 1.6876 7.12046
 8.280000 0.0 1.6876 7.12046
 8.290000 0.0 1.6876 7.12046
 8.300000 0.0 1.6876 7.12046
 8.310000 0.0 1.6876 7.12046
 8.320000 0.0 1.6876 7.12046
 8.330000 0.0 1.6876 7.12046
 8.340000 0.0 1.6876 7.12046
 8.350000 0.0 1.6876 7.12046
 8.360000 0.0 1.6876 7.12046
 8.370000 0.0 1.6876 7.12046
 8.380000 0.0 1.6876 7.12046
 8.390000 0.0 1.6876 7.12046
 8.400000 0.0 1.6876 7.12046
 8.410000 0.0 1.6876 7.12046
 8.420000 0.0 1.6876 7.12046
 8.430000 0.0 1.6876 7.12046
 8.440000 0.0 1.6876 7.12046
 8.450000 0.0 1.6876 7.12046
 8.460000 0.0 1.6876 7.12046
 8.470000 0.0 1.6876 7.12046
 8.480000 0.0 1.6876 7.12046
 8.490000 0.0 1.6876 7.12046
 8.500000 0.0 1.6876 7.12046
 8.510000 0.0 1.6876 7.12046
 8.520000 0.0 1.6876 7.12046
 8.530000 0.0 1.6876 7.12046
 8.540000 0.0 1.6876 7.12046
 8.550000 0.0 1.6876 7.12046
 8.560000 0.0 1.6876 7.12046
 8.570000 0.0 1.6876 7.12046
 8.580000 0.0 1.6876 7.12046
 8.590000 0.0 1.6876 7.12046
 8.600000 0.0 1.6876 7.12046
 8.610000 0.0 1.6876 7.12046
 8.620000 0.0 1.6876 7.12046
 8.630000 0.0 1.6876 7.12046
 8.640000 0.0 1.6876 7.12046
 8.650000 0.0 1.6876 7.12046
 8.660000 0.0 1.6876 7.12046
 8.670000 0.0 1.6876 7.12046
 8.680000 0.0 1.6876 7.12046
 8.690000 0.0 1.6876 7.12046
 8.700000 0.0 1.6876 7.12046
 8.710000 0.0 1.6876 7.12046
 8.720000 0.0 1.6876 7.12046
 8.730000 0.0 1.6876 7.12046
 8.740000 0.0 1.6876 7.12046
 8.750000 0.0 1.6876 7.12046
 8.760000 0.0 1.6876 7.12046
 8.770000 0.0 1.6876 7.12046
 8.780000 0.0 1.6876 7.12046
 8.790000 0.0 1.6876 7.12046
 8.800000 0.0 1.6876 7.12046
 8.810000 0.0 1.6876 7.12046
 8.820000 0.0 1.6876 7.12046
 8.830000 0.0 1.6876 7.12046
 8.840000 0.0 1.6876 7.12046
 8.850000 0.0 1.6876 7.12046
 8.860000 0.0 1.6876 7.12046
 8.870000 0.0 1.6876 7.12046
 8.880000 0.0 1.6876 7.12046
 8.890000 0.0 1.6876 7.12046
 8.900000 0.0 1.6876 7.12046
 8.910000 0.0 1.6876 7.12046
 8.920000 0.0 1.6876 7.12046
 8.930000 0.0 1.6876 7.12046
 8.940000 0.0 1.6876 7.12046
 8.950000 0.0 1.6876 7.12046
 8.960000 0.0 1.6876 7.12046
 8.970000 0.0 1.6876 7.12046
 8.980000 0.0 1.6876 7.12046
 8.990000 0.0 1.6876 7.12046
 9.000000 0.0 1.6876 7.12046
 9.010000 0.0 1.6876 7.12046
 9.020000 0.0 1.6876 7.12046
 9.030000 0.0 1.6876 7.12046
 9.040000 0.0 1.6876 7.12046
 9.050000 0.0 1.6876 7.12046
 9.060000 0.0 1.6876 7.12046
 9.070000 0.0 1.6876 7.12046
 9.080000 0.0 1.6876 7.12046
 9.090000 0.0 1.6876 7.12046
 9.100000 0.0 1.6876 7.12046
 9.110000 0.0 1.6876 7.12046
 9.120000 0.0 1.6876 7.12046
 9.130000 0.0 1.6876 7.12046
 9.140000 0.0 1.6876 7.12046
 9.150000 0.0 1.6876 7.12046
 9.160000 0.0 1.6876 7.12046
 9.170000 0.0 1.6876 7.12046
 9.180000 0.0 1.6876 7.12046
 9.190000 0.0 1.6876 7.12046
 9.200000 0.0 1.6876 7.12046
 9.210000 0.0 1.6876 7.12046
 9.220000 0.0 1.6876 7.12046
 9.230000 0.0 1.6876 7.12046
 9.240000 0.0 1.6876 7.12046
 9.250000 0.0 1.6876 7.12046
 9.260000 0.0 1.6876 7.12046
 9.270000 0.0 1.6876 7.12046
 9.280000 0.0 1.6876 7.12046
 9.290000 0.0 1.6876 7.12046
 9.300000 0.0 1.6876 7.12046
 9.310000 0.0 1.6876 7.12046
 9.320000 0.0 1.6876 7.12046
 9.330000 0.0 1.6876 7.12046
 9.340000 0.0 1.6876 7.12046
 9.350000 0.0 1.6876 7.12046
 9.360000 0.0 1.6876 7.12046
 9.370000 0.0 1.6876 7.12046
 9.380000 0.0 1.6876 7.12046
 9.390000 0.0 1.6876 7.12046
 9.400000 0.0 1.6876 7.12046
 9.410000 0.0 1.6876 7.12046
 9.420000 0.0 1.6876 7.12046
 9.430000 0.0 1.6876 7.12046
 9.440000 0.0 1.6876 7.12046
 9.450000 0.0 1.6876 7.12046
 9.460000 0.0 1.6876 7.12046
 9.470000 0.0 1.6876 7.12046
 9.480000 0.0 1.6876 7.12046
 9.490000 0.0 1.6876 7.12046
 9.500000 0.0 1.6876 7.12046
 9.510000 0.0 1.6876 7.12046
 9.520000 0.0 1.6876 7.12046
 9.530000 0.0 1.6876 7.12046
 9.540000 0.0 1.6876 7.12046
 9.550000 0.0 1.6876 7.12046
 9.560000 0.0 1.6876 7.12046
 9.570000 0.0 1.6876 7.12046
 9.580000 0.0 1.6876 7.12046
 9.590000 0.0 1.6876 7.12046
 9.600000 0.0 1.6876 7.12046
 9.610000 0.0 1.6876 7.12046
 9.620000 0.0 1.6876 7.12046
 9.630000 0.0 1.6876 7.12046
 9.640000 0.0 1.6876 7.12046
 9.650000 0.0 1.6876 7.12046
 9.660000 0.0 1.6876 7.12046
 9.670000 0.0 1.6876 7.12046
 9.680000 0.0 1.6876 7.12046
 9.690000 0.0 1.6876 7.12046
 9.700000 0.0 1.6876 7.12046
 9.710000 0.0 1.6876 7.12046
 9.720000 0.0 1.6876 7.12046
 9.730000 0.0 1.6876 7.12046
 9.740000 0.0 1.6876 7.12046
 9.750000 0.0 1.6876 7.12046
 9.760000 0.0 1.6876 7.12046
 9.770000 0.0 1.6876 7.12046
 9.780000 0.0 1.6876 7.12046
 9.790000 0.0 1.6876 7.12046
 9.800000 0.0 1.6876 7.12046
 9.810000 0.0 1.6876 7.12046
 9.820000 0.0 1.6876 7.12046
 9.830000 0.0 1.6876 7.12046
 9.840000 0.0 1.6876 7.12046
 9.850000 0.0 1.6876 7.12046
 9.860000 0.0 1.6876 7.12046
 9.870000 0.0 1.6876 7.12046
 9.880000 0.0 1.6876 7.12046
 9.890000 0.0 1.6876 7.12046
 9.900000 0.0 1.6876 7.12046
 9.910000 0.0 1.6876 7.12046
 9.920000 0.0 1.6876 7.12046
 9.930000 0.0 1.6876 7.12046
 9.940000 0.0 1.6876 7.12046
 9.950000 0.0 1.6876 7.12046
 9.960000 0.0 1.6876 7.12046
 9.970000 0.0 1.6876 7.12046
 9.980000 0.0 1.6876 7.12046
 9.990000 0.0 1.6876 7.12046
10.000000 0.0 1.6876 7.12046
10.010000 0.0 1.6876 7.12046
10.020000 0.0 1.6876 7.12046
10.030000 0.0 1.6876 7.12046
10.040000 0.0 1.6876 7.12046
10.050000 0.0 1.6876 7.12046
10.060000 0.0 1.6876 7.12046
10.070000 0.0 1.6876 7.12046
10.080000 0.0 1.6876 7.12046
10.090000 0.0 1.6876 7.12046
10.100000 0.0 1.6876 7.12046
10.110000 0.0 1.6876 7.12046
10.120000 0.0 1.6876 7.12046
10.130000 0.0 1.6876 7.12046
10.140000 0.0 1.6876 7.12046
10.150000 0.0 1.6876 7.12046
10.160000 0.0 1.6876 7.12046
10.170000 0.0 1.6876 7.12046
10.180000 0.0 1.6876 7.12046
10.190000 0.0 1.6876 7.12046
10.200000 0.0 1.6876 7.12046
10.210000 0.0 1.6876 7.12046
10.220000 0.0 1.6876 7.12046
10.230000 0.0 1.6876 7.12046
10.240000 0.0 1.6876 7.12046
10.250000 0.0 1.6876 7.12046
10.260000 0.0 1.6876 7.12046
10.270000 0.0 1.6876 7.12046
10.280000 0.0 1.6876 7.12046
10.290000 0.0 1.6876 7.12046
10.300000 0.0 1.6876 7.12046
10.310000 0.0 1.6876 7.12046
10.320000 0.0 1.6876 7.12046
10.330000 0.0 1.6876 7.12046
10.340000 0.0 1.6876 7.12046
10.350000 0.0 1.6876 7.12046
10.360000 0.0 1.6876 7.12046
10.370000 0.0 1.6876 7.12046
10.380000 0.0 1.6876 7.12046
10.390000 0.0 1.6876 7.12046
10.400000 0.0 1.6876 7.12046
10.410000 0.0 1.6876 7.12046
10.420000 0.0 1.6876 7.12046
10.430000 0.0 1.6876 7.12046
10.440000 0.0 1.6876 7.12046
10.450000 0.0 1.6876 7.12046
10.460000 0.0 1.6876 7.12046
10.470000 0.0 1.6876 7.12046
10.480000 0.0 1.6876 7.12046
10.490000 0.0 1.6876 7.12046
10.500000 0.0 1.6876 7.12046
10.510000 0.0 1.6876 7.12046
10.520000 0.0 1.6876 7.12046
10.530000 0.0 1.6876 7.12046
10.540000 0.0 1.6876 7.12046
10.550000 0.0 1.6876 7.12046
10.560000 0.0 1.6876 7.12046
10.570000 0.0 1.6876 7.12046
10.580000 0.0 1.6876 7.12046
10.590000 0.0 1.6876 7.12046
10.600000 0.0 1.6876 7.12046
10.610000 0.0 1.6876 7.12046
10.620000 0.0 1.6876 7.12046
10.630000 0.0 1.6876 7.12046
10.640000 0.0 1.6876 7.12046
10.650000 0.0 1.6876 7.12046
10.660000 0.0 1.6876 7.12046
10.670000 0.0 1.6876 7.12046
10.680000 0.0 1.6876 7.12046
10.690000 0.0 1.6876 7.12046
10.700000 0.0 1.6876 7.12046
10.710000 0.0 1.6876 7.12046
10.720000 0.0 1.6876 7.12046
10.730000 0.0 1.6876 7.12046
10.740000 0.0 1.6876 7.12046
10.750000 0.0 1.6876 7.12046
10.760000 0.0 1.6876 7.12046
10.770000 0.0 1.6876 7.12046
10.780000 0.0 1.6876 7.12046
10.790000 0.0 1.6876 7.12046
10.800000 0.0 1.6876 7.12046
10.810000 0.0 1.6876 7.12046
10.820000 0.0 1.6876 7.12046
10.830000 0.0 1.6876 7.12046
10.840000 0.0 1.6876 7.12046
10.850000 0.0 1.6876 7.12046
10.860000 0.0 1.6876 7.12046
10.870000 0.0 1.6876 7.12046
10.880000 0.0 1.6876 7.12046
10.890000 0.0 1.6876 7.12046
10.900000 0.0 1.6876 7.12046
10.910000 0.0 1.6876 7.12046
10.920000 0.0 1.6876 7.12046
10.930000 0.0 1.6876 7.12046
10.940000 0.0 1.6876 7.12046
10.950000 0.0 1.6876 7.12046
10.960000 0.0 1.6876 7.12046
10.970000 0.0 1.6876 7.12046
10.980000 0.0 1.6876 7.12046
10.990000 0.0 1.6876 7.12046
11.000000 0.0 1.6876 7.12046
11.010000 0.0 1.6876 7.12046
11.020000 0.0 1.6876 7.12046
11.030000 0.0 1.6876 7.12046
11.040000 0.0 1.6876 7.12046
11.050000 0.0 1.6876 7.12046
11.060000 0.0 1.6876 7.12046
11.070000 0.0 1.6876 7.12046
11.080000 0.0 1.6876 7.12046
11.090000 0.0 1.6876 7.12046
11.100000 0.0 1.6876 7.12046
11.110000 0.0 1.6876 7.12046
11.120000 0.0 1.6876 7.12046
11.130000 0.0 1.6876 7.12046
11.140000 0.0 1.6876 7.12046
11.150000 0.0 1.6876 7.12046
11.160000 0.0 1.6876 7.12046
11.170000 0.0 1.6876 7.12046
11.180000 0.0 1.6876 7.12046
11.190000 0.0 1.6876 7.12046
11.200000 0.0 1.6876 7.12046
11.210000 0.0 1.6876 7.12046
11.220000 0.0 1.6876 7.12046
11.230000 0.0 1.6876 7.12046
11.240000 0.0 1.6876 7.12046
11.250000 0.0 1.6876 7.12046
11.260000 0.0 1.6876 7.12046
11.270000 0.0 1.6876 7.12046
11.280000 0.0 1.6876 7.12046
11.290000 0.0 1.6876 7.12046
11.300000 0.0 1.6876 7.12046
11.310000 0.0 1.6876 7.12046
11.320000 0.0 1.6876 7.12046
11.330000 0.0 1.6876 7.12046
11.340000 0.0 1.6876 7.12046
11.350000 0.0 1.6876 7.12046
11.360000 0.0 1.6876 7.12046
11.370000 0.0 1.6876 7.12046
11.380000 0.0 1.6876 7.12046
11.390000 0.0 1.6876 7.12046
11.400000 0.0 1.6876 7.12046
11.410000 0.0 1.6876 7.12046
11.420000 0.0 1.6876 7.12046
11.430000 0.0 1.6876 7.12046
11.440000 0.0 1.6876 7.12046
11.450000 0.0 1.6876 7.12046
11.460000 0.0 1.6876 7.12046
11.470000 0.0 1.6876 7.12046
11.480000 0.0 1.6876 7.12046
11.490000 0.0 1.6876 7.12046
11.500000 0.0 1.6876 7.12046
11.510000 0.0 1.6876 7.12046
11.520000 0.0 1.6876 7.12046
11.530000 0.0 1.6876 7.12046
11.540000 0.0 1.6876 7.12046
11.550000 0.0 1.6876 7.12046
11.560000 0.0 1.6876 7.12046
11.570000 0.0 1.6876 7.12046
11.580000 0.0 1.6876 7.12046
11.590000 0.0 1.6876 7.12046
