116.93847280237019 -24.009362123224317 87.89063243715496
116.9480986104858 -25.248798357497883 87.32149537843394
116.64537350874917 -28.386823758490042 86.24275018106488
117.02586362888795 -22.603449501210125 85.80886881628476
117.87068476893992 -21.994096041943248 80.27198277116652
119.3084903972334 -21.016573053608667 71.8648102587508
120.86 -15.562 62.042
117.7414852627248 -30.581485833771854 76.17899324541627
118.47061176547902 -19.226567665610958 60.56230554235506
118.20393357123554 -24.91767131399702 75.01544745017118
118.91 -14.981100000000001 60.202
115.58047603519212 -15.614991667984965 84.25116582809149
117.70441834904221 -16.577451252593374 77.51796287313826
119.29202400455554 -16.23979483783768 69.80301716034562
119.998 -13.5521 63.27589999999999
105.68370090225473 -18.48745877455613 84.86573978239757
108.98238492731133 -21.960163432355305 84.14722760298021
108.92709154446159 -23.582863432355303 82.83807112577321
105.63587034867837 -12.686106060189903 80.66043319199261
107.1484211400209 -13.296206008114696 77.01678459419097
108.82794095051213 -13.900423398158848 71.06934416365606
111.292 -8.36715 62.4828
109.70461104270126 -26.08919477809285 74.76465624869849
111.761 -12.2522 59.1736
109.47965154092039 -19.535989826116396 73.95501109191628
110.508 -9.184009999999999 59.1768
108.84159693311692 -11.74375238511711 82.09293142223699
110.3712166922813 -11.631535502107793 77.85188336367979
111.40954314940622 -12.524836787183846 71.16729249503871
113.399 -8.78125 63.90840000000001
102.79064472731756 -11.413698668680116 58.609097924967045
99.91792188752183 -8.76978613907904 59.4054739545386
100.68872776337824 -7.79623813062854 63.87907873575338
100.55588097971561 -9.355740149006078 70.88600022523674
100.46088051340381 -9.563570271496577 75.89902353629476
100.6782220987651 -8.86599821651808 78.70922038801574
128.36231049423782 -16.498987700129458 86.76244891426418
131.1931868211596 -17.790484952365055 78.32953423036928
130.99544310256263 -18.264402265558456 68.91873179688204
131.138 -17.893900000000002 64.33949999999999
130.83819590372872 -20.329068837383574 89.10271995422485
132.51460610519214 -21.65146365703783 80.4333628569959
133.2190415014196 -21.32563615765521 71.05848821366658
132.989 -20.492 65.36699999999999
101.95496282261075 -20.202763432355304 77.14415587034989
102.2303459019058 -21.443162835665696 68.4990855924311
100.57041596467658 -13.093080893929312 69.90922300761984
100.9127161463338 -17.169963432355303 77.52968433335839
101.249215196426 -15.625498939537337 81.71719244908829
95.61482950878505 -10.139667523749848 58.25717140060868
93.63760616391026 -7.582316178909026 60.17475165490605
94.28537467359602 -6.725112966220264 64.62313577414476
94.57629167744915 -10.423668445124742 67.55127758717704
95.34338360104191 -16.183772139648177 63.757525670954834
94.76021365379358 -7.883834654897647 71.22585623942511
95.14394632701413 -8.497084204872209 74.71911822690004
95.44121560024375 -14.616863432355304 73.6629876521929
95.4691856205019 -16.991363432355303 71.30813685267995
95.52794214119486 -8.294858554043069 77.44644175051299
95.86280393200933 -13.486408653003712 79.3281166269406
131.15280448151034 -26.14131893841424 62.50450272256608
130.979 -22.523600000000002 63.912499999999994
130.21547307622566 -32.536248560978414 78.53544403129654
130.53936366300266 -26.46963669293689 77.1660788520092
128.69157876966327 -27.643399461445398 85.83902552955293
129.55499253335563 -32.50433370220353 84.27336078213229
128.3584780711305 -25.13104177811741 89.13743467074224
123.92225920640863 -17.727990985303144 93.19705541073044
127.69769183634772 -19.456428418971015 95.87445015972206
112.90354615609014 -15.57708578276399 89.03410661585784
107.89205492159331 -11.367902771362214 85.30987738803458
104.39833569814583 -12.282275978140962 83.21464837097213
100.29433737420868 -9.356399996206697 82.1985074880011
96.99319003289038 -8.838440815113366 80.66535861793487
113.555282359519 -21.744080117205364 91.13149034354981
104.16245213118164 -17.066910317300742 87.8487945917971
115.55540503772689 -23.95433829251635 93.79468744656809
100.69959845285003 -15.824513669931756 86.38799166454696
96.86959905695265 -13.313684145343455 83.06840407984141
126.86158594821843 -22.311401740840058 96.34504488030767
88.35223384802258 -7.973155861999663 58.514642669511105
87.87934969449556 -6.673219073996399 60.71651795705257
88.17583559647682 -5.950521470077037 64.99724336859671
89.01287154029136 -5.548985565197638 71.0839607112427
89.76428963633519 -6.345369664501416 75.17879708517052
90.18350888169289 -6.55409494236075 78.16195816597836
90.5275884177918 -7.368538194320027 81.70328930119085
89.03610107228175 -11.480422155626268 61.118471177099465
89.18749967903287 -8.107183749844525 65.88838202512018
90.18775415273149 -11.720363432355303 71.06609821682946
89.94270926133255 -12.496363432355302 67.76973837433664
91.20789668078156 -10.764007926813568 78.7114613974646
91.78651023859364 -11.320288447976642 83.35099701820288
91.6180833486793 -8.091266914643676 85.02677973252936
92.98621604658256 -13.067002567591551 87.68352271449515
129.40172572333427 -8.584864026426013 96.69621810343293
123.29400982484135 -8.395617586989925 95.84899385591426
131.66965718389264 -9.064788583620082 87.37300000550475
128.48857166592126 -9.261514473199277 86.21758487254269
131.93902908241017 -9.687937114063313 78.13105730795627
128.4264211436192 -9.3140675427901 77.74484329696678
130.55375749822144 -9.718547260415496 69.34177005979278
126.9214746120357 -9.33393551595257 70.25641106038321
104.17154174733054 -7.090590479231484 77.92667806411535
108.71502249100392 -7.546624968635315 79.08693647970341
109.27641060706173 -7.132561810379901 73.64480781107702
105.75848470873743 -6.894041960071164 73.25497870097718
110.10584916786688 -7.244963210648053 68.66931492429461
106.89123315887309 -6.685969265415209 68.85070476970398
111.06920000000001 -6.1280730000000005 62.61707
110.29769999999999 -5.6170279999999995 62.19437
111.1535 -6.3561440000000005 56.12323000000001
102.40298002226483 -6.140434797223736 56.19017626455795
111.2105 -6.5461540000000005 57.80144
100.59504967059755 -5.274818376660025 58.84928065986403
101.18781905690021 -4.248925974773712 63.1889618712044
101.02336324066502 -5.52795794352547 68.32858409025386
100.75500985051362 -6.1396435076955544 72.46733270374844
99.93203160543209 -6.398787847540554 76.66534219535097
128.51143604971074 -9.532547824399428 62.34437629856562
124.74793026142615 -8.930303698638117 62.48368900217158
95.73401571902635 -5.666019148901114 56.81876426531856
94.35051752215558 -4.40179044429671 59.603605494734445
95.22578898091896 -3.376420375985149 63.884466107974376
95.58652391447873 -4.9793001205517315 68.53868864372606
95.71865807166786 -5.484488516526747 72.21329241247031
95.28805855632699 -5.863924990530559 75.57709917364625
106.90852802584423 -6.492173162204834 85.662021768703
102.06405480354807 -6.7840130544622745 82.87703327036158
98.51573066534246 -6.584985273562118 81.0398040258871
94.38596912444406 -6.202198069120711 79.27938250292749
88.03896297829151 -5.036787952828613 57.601427616109696
87.32028775306459 -3.398203513336951 60.43550849019012
87.50996242265317 -2.4431574056001883 64.59824885687125
87.6573244920852 -3.706385446179913 68.33860512808374
87.9473394463345 -3.9181902157989272 71.56863995431884
87.77032823957914 -4.29191735990116 74.64662124907332
87.75638970157678 -4.8472871197896605 77.33307904358087
89.92183750015882 -5.52682461233654 83.38763587254567
91.65614473242243 -5.73072024475095 87.0962606018761
92.34949250048514 -9.792547208390342 88.41047851119973
96.99396625412776 -21.24257473929041 101.49288851821508
99.17795015271098 -13.85882426412261 113.91288943697324
100.04693781114248 -6.572631099478997 114.54340989965189
93.23431210842527 -5.814240394201334 92.53500538168937
98.3648071722529 -6.391639621724525 111.29887727885297
93.92063651036258 -10.254313299125478 92.06733911788669
96.95392859052683 -18.907019175405726 103.09064417663379
98.2912185164561 -13.2503231345992 110.56197082019641
84.92845806904886 -5.152482216024923 87.14670773533827
85.93693761514581 -8.926458691865397 88.49945003984655
82.9759121416565 -16.366523240215468 99.26816451284708
81.31358242832154 -9.734107522825601 112.33577146623924
81.73991630935632 -4.090789550918248 112.82706423861066
84.69788514157428 -4.81746269507929 91.10653164962397
82.97365990418993 -4.369866982305726 108.50032290264767
84.63257612766789 -9.727148900731464 92.58785107013752
82.70479207293306 -14.576269952439368 99.58465196273963
82.10777048105214 -9.429157210075937 109.3241354977877
108.39574147550232 -17.453188999477774 86.9179315292574
109.7098377179738 -13.433608599222454 86.39602621287877
123.13601524767786 -23.36165049957265 86.81176675169748
109.82048397268306 -17.848194432018705 84.09273841829146
85.13459405629526 -13.284000842044435 93.9306467385392
80.90430001880623 -15.592089321321982 107.99821028415435
95.75672537434323 -16.051752804487535 93.33307313536258
98.56608698337027 -18.828126917776853 109.29721835398422
113.37415993873414 -28.405176091792114 75.45618549870656
113.18833032824482 -22.486142395118534 73.7465178960503
113.9576 -11.4663 60.181529999999995
114.0949 -16.01001 60.03577
112.41626440984257 -25.62710565278509 84.83946834648074
113.04216942744632 -23.91445424144348 86.31740121370312
114.21715984291883 -18.219586064072907 71.892964375089
115.7085 -13.349 62.59927
111.89855334893969 -18.16779273664877 79.56100732333456
110.50604415624267 -21.174408699035588 86.50903222845206
110.93355850259219 -13.719495724996854 84.03091830891279
112.3280788390383 -13.600035017076785 77.85608963675382
113.8062462412777 -13.558123326744933 71.34215402878614
114.07849999999999 -10.72294 65.35581
126.2491 -16.84966 62.86288
127.3311 -18.97399 62.09547
125.15179332046243 -17.60438308005483 69.09440992807743
126.7151549043548 -22.229248547306163 71.01999279341064
124.3899945354491 -17.502706867903907 77.42175009719634
124.84639281636872 -23.219967483519444 79.24672788755211
121.47450926494086 -16.768914423643384 85.08298749612942
122.88867828486126 -27.46767784859775 76.79617902679361
123.98767134688859 -31.93506878576616 77.78967337042945
124.76643532497965 -23.997225562425594 61.18232685752061
125.1213 -20.5582 61.83573
122.82843349739744 -29.27810572958757 89.00521966398905
122.83120700346936 -32.24426357256931 87.2027774987914
122.22909156577647 -26.250896969908354 89.25374253629808
118.44490057360547 -17.37176473206309 91.81530903890288
119.83576885041381 -22.42375603982682 92.66051554945312
120.78067976714935 -24.146004432889935 95.19844729099866
107.18397161541353 -18.527958597312864 89.19776643499404
94.65955824831589 -14.209262594380656 95.13827898898481
96.73825411431095 -17.86422384298487 106.81759820889854
83.81025264487175 -12.595577000047442 94.38311082524683
80.75907737842994 -12.959495397319387 104.88754049797637
113.2311 -6.651941 62.881640000000004
116.18437927773346 -7.319563695931251 63.01821774122281
120.72684072257717 -8.12714003615931 62.73792532353839
114.5046 -8.686335999999999 63.109410000000004
117.46820890131968 -9.624917627396714 63.3971855364081
122.63975568454916 -12.914087537001185 62.84355436411433
115.33550000000001 -10.33444 64.47113
118.53869999999999 -12.004859999999999 64.55257999999999
123.1283 -14.46099 63.493179999999995
113.2690263053934 -7.427864693261848 68.68440756129895
117.09958595661676 -8.056394421688072 69.05935991356401
122.07292644904253 -8.482294210557242 69.85969788325502
115.0094360028969 -12.451702262487014 70.7208074088201
118.70448816069428 -13.23463165022449 70.11651502093468
123.93418465065035 -14.73801386219027 69.87038830946187
115.12488901839622 -13.233059857331014 70.71591349446535
119.18093978786298 -14.81600025958891 69.92295230845113
123.75620661940178 -16.02382979282706 68.84037216065856
113.48627144675908 -7.392650925111577 74.25947440871964
117.74121179859733 -7.665433060638158 75.16775412870241
122.88953185786703 -8.2802901082898 76.35056220240249
114.32824693961796 -12.807291376136028 77.80652138978768
119.55557911821023 -13.81950105542909 77.46889417935715
125.72535183631561 -15.248398372575899 77.20682421411188
114.05409813915706 -13.94833529891132 78.06481239330722
118.61046824516204 -15.480743049900822 77.85371399395025
124.00833277229103 -16.124675330400663 77.07588584130632
113.49442534460127 -7.471678738075806 80.73911985381014
118.19288898790955 -7.8088408433063865 82.62450118176682
123.31760652863032 -8.842665909763012 84.43462459953365
114.2971526782518 -12.617025418427591 83.17289733873847
118.52835177685238 -12.91477550379383 83.60618404143398
124.98760022965081 -14.338878167846133 84.89824104004353
113.9963265027852 -13.876877542345065 83.84935837482087
116.485689710726 -14.399441551997807 84.1061419183478
121.49100077179246 -15.507964721990424 84.67071673132808
111.02139959913933 -6.878267852498476 88.21571670232667
115.28324883785153 -7.262477170418355 90.65143471296645
119.24388975697654 -7.670234168397596 93.34504246517795
111.39950273872464 -11.458301070419257 86.34297423291983
116.09320747859636 -13.899239470694491 88.90728609881565
121.19639794830478 -14.355302811532452 91.33899719663185
112.06233780406426 -12.74834349131587 86.31959703921201
113.81879405104954 -14.535971731578405 88.91436699683389
117.95965026004187 -16.351169172002475 91.27548436175422
94.64123967447422 -5.981451594557621 97.28545399239944
96.04046810507238 -6.134440851203664 102.00831425126992
97.43598194431527 -6.297883774140401 106.70141922609614
95.023227153153 -11.063296212332773 96.95063052648521
95.94880255840462 -11.805777165823645 101.55150823679139
97.14775819014832 -12.596911253480561 106.70428848680308
95.04023128426182 -14.835519020121156 99.21191095078976
95.9887603281711 -16.455206108797004 102.95571380498475
96.58091016224677 -15.993414801939993 106.0913560790702
84.55808936057754 -4.736944715199489 95.5077615930884
84.19953812435813 -4.643658858528878 99.86430223989417
83.54541733873391 -4.496773643415949 104.17778832218912
84.16283390109433 -9.133596173630016 96.39480913832645
83.46207818487021 -9.363715306458115 100.71521028306775
82.75557097114749 -9.606418957775231 105.05791134585294
82.71873922478808 -10.692366939805693 98.01622585693575
82.13427618172457 -11.051788762843088 100.51633193428854
80.95288560802183 -11.25438833552964 102.99903462917453
91.4557936432764 -5.439916268541443 57.34141811471411
90.56199137524332 -3.8583840674878243 59.90499542053431
91.6783432836928 -9.171791305631965 58.3750801965636
89.88237852083486 -6.8954034676706275 60.514682047728044
91.25189023000078 -2.784394021099219 64.51503614059759
90.42369076174533 -6.2834286494329135 64.92274486173024
91.51175829890676 -4.436325506122545 68.45767859750312
91.77784543074594 -6.261632893259352 71.03531145855766
91.3447632012613 -4.52525215737965 71.81994832974945
92.4242327713944 -7.365549739030651 74.98776210293599
91.28996642257512 -5.0576407640156 75.03846166964024
92.50562518882451 -7.769256888651311 77.5187322641635
91.0811124931126 -5.760667653565139 78.21228359808717
93.98212806452524 -8.81600907732612 81.39616806485255
91.45807012241859 -13.29521248171203 61.78807735591682
91.26016715374519 -9.024760369429824 66.33126998454468
92.34369467756743 -13.544233432355304 72.19420703107131
92.00669090555577 -14.133703432355304 68.84229268942266
93.45292342531629 -12.40723594101289 78.5878505561365
94.43002703247711 -12.7765197118641 83.91431353975022
94.78803140376417 -6.145414794477251 83.10920560349649
96.23086125612483 -8.617124847371983 84.55283940812632
99.06276946155523 -15.512122466309583 87.90954478000091
98.32089770137482 -6.283304375945561 86.72051482271273
101.31074736332101 -6.241052241799725 90.35808558045557
114.43401492641281 -7.288432931033156 104.8629349672377
117.75887385170181 -7.558398281313657 109.56523736411272
100.10055917693713 -11.094673790352063 87.89728659324497
102.5250011532352 -10.595292339406136 90.79022743450277
116.107534181471 -15.656512168715182 102.97649990273355
118.39361452315703 -16.981813254885907 108.06231788415047
104.68096964892842 -18.247086652248925 92.99054402440386
104.58930668809661 -13.325988506570825 94.196811570552
109.44293478693494 -22.23971621235451 98.65986488949018
108.81735637657229 -16.592746388570003 98.38651597510683
114.56046010697608 -21.6245242796797 104.33006447293306
114.08799688928288 -16.60456401743119 101.02867777279438
104.60798303120038 -6.503097545389257 93.99768393022886
107.8874731350148 -6.753693051167739 97.62625996793659
111.16845940084757 -7.018020674476171 101.24838870099629
106.24823693795864 -12.002390882135478 92.63498354566123
110.27764810407241 -13.37101249157998 96.53772037064773
114.58922853032304 -14.298296641080578 101.73834741217124
106.04762821665716 -13.7622839498068 94.95447643026063
109.56127772012395 -15.327458180028547 97.75985032992841
112.835196741671 -15.522293692842164 101.03696213209147
78.64135582591308 -3.949645939465974 87.85407685454811
78.04249783525019 -8.541194843175465 90.68514981627428
76.14483109937251 -10.846330635198052 94.49516786473497
73.45328127248762 -14.061900374923546 98.58156678848717
69.9346573722355 -11.987750963482524 105.22251866450297
69.00848398611917 -6.8927256641090775 107.78863617500235
68.90649873916978 -2.7852527298941974 107.9287546781227
77.28866292558345 -4.110125413265424 91.87858117461329
75.9756681209109 -8.332592101343332 94.30121763728106
75.59269145051319 -10.88696379191494 95.44568359545607
73.32592885260406 -12.787321122787043 98.82250352735204
70.69080598372362 -10.290341270484836 103.84894986546001
70.21736613427458 -5.408710871559679 105.82524209794403
70.49118292880877 -3.2257512714137975 103.7764120299598
75.88402240436173 -4.310432276048971 95.14863403266615
74.36388406016303 -4.0827349974018325 98.21737153264202
72.4284268305145 -3.902464605848238 100.99486399559804
75.15295232108902 -7.278105922016305 96.93787672738087
73.6839101858762 -6.692638042182084 99.95194716321996
72.16468438685332 -6.146448700383341 103.00155263587419
75.26930609955492 -9.958741368101876 97.49427647819965
74.5479788120284 -10.508769538001143 100.18529363567912
73.23868339107344 -9.17820805418391 102.88292458231228
68.43318740376886 -3.207104648354989 93.79535734669149
67.91757631543443 -6.069101342948259 94.92217594188104
67.54944645482189 -8.983120975832863 96.11254583694642
64.19504841572584 -9.951538167910169 98.19432919077252
63.12216097091615 -9.78740602867463 101.16346449964065
62.3071077097974 -5.69831247445716 101.82895252038219
62.08997357850964 -2.438629856960113 101.79768495602688
70.44628711525074 -3.818915637183019 94.01404960581326
70.84509375345961 -6.449149217661057 94.94010734714885
70.40446419824205 -9.114264015447363 96.16111162295883
66.69150627963381 -9.631676606743438 97.89374956388058
64.38892155777323 -8.815273737546226 101.32150724889982
64.46778272984669 -4.972812590888602 101.6032417738915
65.60449081156766 -2.5416917237521055 101.60822706178432
72.34694574292098 -4.361047006100359 95.29710701032491
71.95179739258604 -5.989403836624565 95.56005057524135
72.09577985373849 -8.145921211869982 96.40501899073661
69.47444692271145 -8.261190997284414 98.35988523823991
69.00474063891546 -7.674010127901525 100.82518903803175
68.7843845047375 -4.423565838546946 100.79227526455439
69.55460617257808 -3.739761866952759 100.53003006765448
69.08493070897917 -3.6058879641958823 97.31430487032173
68.87217099870963 -4.529323782995623 97.54545567883044
64.54741201352054 -2.4786603613029374 97.3030891072377
61.42253252727039 -2.748905562164314 96.7132443790799
64.63811075052747 -5.146323180753882 97.24507440708322
61.33135970150916 -5.937331444813174 97.17457245489874
82.93748825991516 -6.406642432355304 59.987308685749625
81.98008545108699 -5.768432432355303 61.75184065138468
82.50606983914983 -5.002907432355304 65.01819013542864
83.26867736469362 -6.100197793013043 69.35500829846666
83.80385947696162 -5.961151439786159 74.22074669005008
84.12245999179393 -5.744414706520324 77.7305158717044
82.99464970043677 -5.97844252280051 80.56066769011169
84.67910755281646 -8.182448432355303 63.33136120344338
83.78043300610734 -6.417297432355304 65.95626995010434
85.39491626254716 -8.004481432355304 68.97384962982704
85.22452260796719 -8.475227432355302 66.45836102341698
86.49599974903101 -7.9536065835127 78.22199359107255
85.79398271918255 -8.740874226087914 82.79893195398438
81.90552234355468 -7.40465915902386 84.35595298009696
81.97129405596542 -9.685078082811966 87.3384482329473
85.32634446426586 -7.007687020796354 58.743814963518126
85.43285846559927 -6.457165148818943 61.05715341179095
85.73661071853722 -5.7241129718398085 65.28357492955426
86.10883670362561 -5.749024885293674 69.6754022203466
87.1438634216911 -6.136481664192219 75.1549430434571
87.18831523737914 -6.107067450116561 78.27770259647716
87.33757950491508 -7.1393715426967885 81.2966941508897
86.75510821644097 -9.607301819194351 62.20290072838119
86.54369334635165 -7.567909267159897 65.73276355962976
87.57271245453478 -9.464489432355304 69.79204060396711
87.59660901100801 -10.378863432355303 66.65312796442316
87.62430010835044 -8.864097984310796 78.13025777549227
87.90993389653167 -9.25849883252762 82.58408086311007
87.02300330424416 -8.050499283348122 84.80225623792371
86.70201127162457 -11.106631957413187 87.15424372859553
84.78083995935789 -4.771910673155459 57.93501629385939
84.15182436175263 -3.09000675535894 60.95716105571666
80.06305175165122 -4.098390432355304 58.366575381050964
80.65383315719006 -2.5897724323553035 61.51563258646492
84.29145386203504 -2.3227796918878703 64.78699782895663
80.47180448570874 -1.7214504323553033 64.91770382895217
84.31243528935477 -3.479986549699871 68.13255785806304
80.19506201294816 -1.6467024323553034 67.8000808703488
84.34958353996163 -3.5945208971378753 71.20766424209418
79.95591758515593 -1.7466284323553034 70.68923026100964
84.40005927001413 -3.8254324675124427 74.25175811193893
79.97856810384624 -1.5662404323553032 73.77679691829869
84.44322023872212 -4.107039317760756 76.94963106090779
80.18232920882069 -1.8682324323553032 76.2962871936321
84.44634281177248 -4.924357105182709 83.15085982543944
80.42656616270774 -2.6165575544210022 83.00257927356381
121.76061756313386 -20.183811780607478 103.96892290772776
117.42374185428311 -22.86376294272001 100.9960339244739
112.2071455236726 -23.60832642018586 97.87391443098635
105.21100889979276 -18.996994964026413 92.06514583631748
102.08226841013168 -17.541912321596644 90.27693673525648
116.95207587530075 24.069722009913594 87.87713683084122
116.96687202911265 25.31034729155972 87.30657246784293
116.66509111159256 28.44907803817078 86.22340541543043
117.03667037442587 22.66338310021279 85.79730278358814
117.87351185548064 22.040107825611404 80.2600380139007
119.30875499273637 21.044515700540025 71.85481212375859
120.863 15.56203 62.04249
117.76023763007001 30.622080063225347 76.15218275874666
118.47246500063443 19.229210411425388 60.55612881633801
118.21170507063202 24.953273748309755 74.99942904716956
118.9104 14.98109 60.202020000000005
115.58350388985349 15.676052713469716 84.24332652505508
117.70285962524507 16.622807823252273 77.51188361926775
119.29228099339431 16.262003457212607 69.79991145002988
119.9978 13.552109999999999 63.27587
105.69251068343416 18.566579888104716 84.8570425514964
108.98278419578742 22.057846567644695 84.14719622330524
108.92709125976705 23.680516567644695 82.83806112982658
105.63749577703726 12.767514142665148 80.65493599113813
107.146119251247 13.366031579930096 77.01750763957646
108.82856605952512 13.950971885999522 71.07016202281783
111.2921 8.367154999999999 62.48277
109.71990696934392 26.139676508057818 74.75026983785533
111.7612 12.25216 59.1736
109.48184690857587 19.588792627909523 73.95678078205322
110.5077 9.184009 59.17678
108.84350276686672 11.81223499783493 82.08945245511799
110.37005914973432 11.693554969899465 77.84972417761996
111.40840889493722 12.569535404544323 71.16575940565308
113.39920000000001 8.781253 63.90843
102.80471170850157 11.45932494356254 58.60709535045639
99.9293776973454 8.82411688806049 59.406042451145915
100.69174691191483 7.859360354516648 63.88482873852062
100.5556367220712 9.432211935466004 70.88990391071435
100.46264851124937 9.645301549968197 75.89759528479473
100.68145953155498 8.94781778969839 78.70559420638554
128.36910092140818 16.54677381680329 86.75288964193857
131.20072295954878 17.822985517887385 78.32231058953722
131.00226726795555 18.274920237891806 68.91755037835563
131.1382 17.89392 64.33945
130.84810853905807 20.378082100454627 89.0896061781741
132.52446144498933 21.68851861744385 80.42044200218349
133.2286913466132 21.33940205758123 71.05509091200726
132.9889 20.49199 65.36697
101.95494311541202 20.300416567644696 77.1441664356856
102.24838417738486 21.498440778089524 68.49924774955626
100.56977629042869 13.16754465882234 69.91973030037634
100.9127075738599 17.267686567644695 77.52973459778609
101.257740351043 15.705894701585052 81.71238164014662
95.6289159489094 10.212488285567215 58.26010716042591
93.64746204362461 7.660040690899788 60.17898289940667
94.28832773262813 6.811357306055679 64.62664093342386
94.5750068123087 10.512982524024103 67.55743446274721
95.3609702960457 16.25676081946425 63.762322323837545
94.75952378499088 7.973182240342744 71.22650022224678
95.14736082727497 8.585014410575782 74.71824832736547
95.44118618179296 14.714506567644698 73.66300849816979
95.46918590519644 17.089036567644694 71.30814684862656
95.5317098387872 8.381996878702054 77.44304229392202
95.869927393999 13.571093133680282 79.32590911796031
131.16205750713806 26.135471970382966 62.48868633117369
130.9793 22.523580000000003 63.912490000000005
130.23208183226865 32.57481710926701 78.50160987941629
130.55435845990473 26.502727431879183 77.14505228758202
128.7055606965298 27.691112899853717 85.81446091632158
129.572546464694 32.54850772323409 84.24172802570254
128.37286820481378 25.18179481465735 89.11869816083596
123.93192425078176 17.78627791577147 93.18549918065249
127.71006774541422 19.51400665461365 95.86011725749835
112.90873576721354 15.646279380952636 89.02569053707788
107.89486242378234 11.442560937164881 85.30435594263916
104.40404123299933 12.358332120534984 83.20787988515005
100.30019302718458 9.4361792866855 82.19410203046212
96.99845607901808 8.921399176739824 80.66230047121323
113.56725035667087 21.813021947747316 91.1178724698072
104.17148635562341 17.145190347385 87.84386368813394
115.57015621809751 24.021390534533914 93.77948039973116
100.70783464890808 15.904706977284384 86.38426265596416
96.87777744960623 13.3974045612284 83.06625482566076
126.8763431246014 22.369632646262172 96.32848980019101
88.35921406871087 8.064298598249353 58.516678593894724
87.88385243642867 6.765824448099812 60.72016368476002
88.17758563167807 6.048204066417625 64.99881608182784
89.01355308587229 5.645291454860152 71.08321437453955
89.76832689935243 6.437510501944944 75.17683656074745
90.18720877782883 6.644243879054113 78.16050859312394
90.53234786064921 7.457061285708598 81.70240283065388
89.04972189504308 11.570204737518957 61.12235201031642
89.18696523451861 8.204033743234062 65.89091948839044
90.18777499870838 11.818026567644697 71.06612763528027
89.94268069696538 12.594036567644697 67.76978920815343
91.214112543379 10.852730651972468 78.71081282511484
91.79372340339266 11.408075875962522 83.34993678184885
91.62351185389001 8.178386250619761 85.02579144773564
92.99464881784631 13.153829604301004 87.68123037103815
129.40606599460844 8.641196027003014 96.6913391635901
123.29850521661753 8.455813126935126 95.84391247206358
131.67300662479406 9.110184290966886 87.36892222921232
128.4915957768779 9.307333543265308 86.21360194126922
131.9431035550391 9.719078941212217 78.13124608987313
128.42886110219737 9.346512593560831 77.74428905758708
130.55915402947429 9.732928061231364 69.3431096795016
126.92446488448375 9.35160655790615 70.2572995426841
104.17215754872271 7.162789024520971 77.92569012087684
108.71457670429724 7.612222058996642 79.08481953423244
109.27584135611693 7.186710235474977 73.64543478032842
105.75928443743332 6.95680434638971 73.25554836925298
110.10295490741463 7.278878220714273 68.67187571874264
106.8895402675066 6.733582433154459 68.85243693076536
111.06920000000001 6.1280730000000005 62.61707
110.29769999999999 5.6170279999999995 62.19437
111.1535 6.3561440000000005 56.12323000000001
102.41176031148295 6.180358923686234 56.191008802821266
111.2105 6.5461540000000005 57.80144
100.60098367167724 5.325044287111242 58.85058299838704
101.18991381165925 4.305430688790495 63.19155499921916
101.02372317518841 5.596767576638545 68.33041354973162
100.75528663111778 6.213574024233499 72.46765579906516
99.93398552549533 6.478550525132638 76.6641541617272
128.518035222634 9.53961739237017 62.34252201675297
124.75334703611466 8.938298966156998 62.480957594681975
95.74096825325805 5.738457849368875 56.822356769216974
94.35466080774066 4.482112781718485 59.60713874923926
95.22738484797006 3.4574602024597514 63.88635712393673
95.58711810945287 5.064066427460331 68.53999244285923
95.71931541012387 5.571005368525136 72.21276074143529
95.29021441481645 5.9505392440596125 75.57577009950703
106.91162835833151 6.564815447166032 85.65824179259461
102.06730771571112 6.863549681827518 82.87364017676158
98.51894525128945 6.667641385921082 81.03682215705442
94.38962190500798 6.289173592428047 79.27723897033802
88.04239829092012 5.130202078550038 57.60505275179823
87.32121448799681 3.493519017680703 60.43799287566692
87.50994318038563 2.5396011979472024 64.5987063530377
87.65827774352617 3.80311171997936 68.33845914858234
87.94883006101401 4.014097744965958 71.56775642979446
87.7728173425652 4.385805121900349 74.64549998184336
87.75938361926684 4.939606376089422 77.33232695684023
89.92535183728289 5.61590007330458 83.38691042066587
91.65964843994094 5.818750883517838 87.09539457120786
92.35644311907362 9.879275544361782 88.40858846233452
97.01009065630666 21.329345896129215 101.48708474421788
99.18986911501196 13.946602263763909 113.90879189594072
100.05277669905705 6.660099711756655 114.54162945317299
93.23843872217715 5.901014728736561 92.53415834638743
98.37015633225525 6.479302438450843 111.29710231899767
93.92754949472004 10.34074097274884 92.06501897752179
96.96814880650963 18.99414156794186 103.08579386232475
98.30234445534006 13.337951076290995 110.5585104388294
84.93203178260977 5.244867154818153 87.14624959466711
85.94268151129089 9.019178077632382 88.4984885229872
82.98790664844029 16.462361927405066 99.26595148511632
81.32116146599145 9.833973219305394 112.33439008764137
81.74323272996139 4.190433736550782 112.82635743529042
84.7012408576234 4.911046314948428 91.10593375701718
82.97707993460983 4.467816069291533 108.49968747615735
84.63933723452213 9.821050742039372 92.58680620497272
82.7157320038174 14.672230637329728 99.58283644227329
82.11504401530857 9.527815472441407 109.3226315535217
108.40348068247066 17.529336540369947 86.91065407337162
109.71556151518736 13.504686577172317 86.38760700527669
123.14841594526686 23.414529362801304 86.7951523237553
109.8216583691684 17.92652752071642 84.08395407249293
85.14413559355991 13.377638034602732 93.9287072891712
80.91618585021163 15.691469559991708 107.99558639460899
95.76787675604851 16.13717634837211 93.32969547719546
98.58178533432101 18.914826954420477 109.29273127651047
113.38863417220216 28.451610341605164 75.43486996772324
113.19600138250766 22.52700012692032 73.73890144066769
113.9576 11.4663 60.181529999999995
114.0949 16.01001 60.03577
112.4328976888602 25.692360080149026 84.82172122430072
113.04599836271537 23.986986568200273 86.30628138364791
114.21931491452384 18.255934467509324 71.8852701551271
115.7085 13.349 62.59927
111.89747852290539 18.231499832399084 79.56006061044438
110.51274634553049 21.25136910034486 86.49921423116669
110.93349237274049 13.79065286330942 84.02570560288207
112.32889632749932 13.654142017844782 77.85276285006738
113.80368317301118 13.600075202960154 71.33609400896869
114.07849999999999 10.72294 65.35581
126.2491 16.84966 62.86288
127.3311 18.97399 62.09547
125.1534395927617 17.61958565522536 69.09022777249642
126.72044857823815 22.247609001197144 71.01321629871187
124.39457124902466 17.536548829246918 77.41723172836798
124.8565084737158 23.26076255765774 79.23249801329922
121.4794359696859 16.821248986169877 85.07360795971464
122.90011655149799 27.505750959696712 76.77437586156994
124.00293257242528 31.974287133358363 77.75902897544125
124.77188337466693 23.99784604238696 61.171712501315056
125.1213 20.5582 61.83573
122.84752314063891 29.336175284247783 88.97814344488405
122.8526495880706 32.297566099747684 87.17187927772943
122.2453269156643 26.309424797955298 89.23400825460868
118.4540056320189 17.434146041609807 91.80496583718852
119.84946913795007 22.485544008176536 92.64670389541465
120.79694177102205 24.20844580140417 95.18399129612915
107.19460199955726 18.603575466515903 89.1902348987649
94.66977059916582 14.295720224880904 95.13541628957583
96.75272285484003 17.951876097902254 106.81335587026638
83.81916305841159 12.690398644839371 94.38121501290242
80.76878598326213 13.058370748832937 104.88552925044579
113.2311 6.651941 62.881640000000004
116.18558761984877 7.325584331581782 63.01752728706087
120.72993219553297 8.135533004421534 62.73545003036961
114.5046 8.686335999999999 63.109410000000004
117.46917669150734 9.623273132882375 63.395733647465505
122.64249454825988 12.917327328472501 62.84168694989903
115.33550000000001 10.33444 64.47113
118.53869999999999 12.004859999999999 64.55257999999999
123.1283 14.46099 63.493179999999995
113.26746220903053 7.456326430848265 68.68716011423712
117.10014656636909 8.077068673743282 69.06185410751488
122.0748332627793 8.502814896542885 69.86054192570747
115.00838460232153 12.481461762185797 70.72343157301256
118.70449638656999 13.261494554632208 70.11662436348104
123.93530587140229 14.75607647178212 69.87030477507506
115.12505452837374 13.266498130066553 70.71330186589758
119.17806256234672 14.842886481307568 69.91933031554201
123.7582237289775 16.040531444435082 68.83823646388778
113.48537477627013 7.435451394490103 74.25965543007032
117.74080000082792 7.705137191202388 75.1680044113794
122.89013894022044 8.314728040188637 76.35019198924589
114.32624236457389 12.862004422991632 77.80252612669265
119.55585315833237 13.860704024240908 77.46427013577683
125.72863157257235 15.281547786015546 77.20230103021007
114.05201447906971 14.0009956671842 78.05980199694196
118.61190773987269 15.523502709359425 77.84923453452365
124.01060924926827 16.15802155891974 77.07144551119814
113.49410901992988 7.530881686004927 80.73665520203205
118.19358046868136 7.8615122739991 82.62162423327759
123.31934717336692 8.890929423206115 84.43111604840202
114.30022354594813 12.675837469910498 83.16786455383267
118.53017400961946 12.968410927185744 83.60064917315096
124.99225392418964 14.386246316956194 84.89185550498534
113.99916366509768 13.940766238699519 83.84416510562892
116.48827249973542 14.459086297145028 84.09944576722279
121.4949575139716 15.560603246223149 84.66341834790215
111.02464395366381 6.945602938941663 88.21154684976972
115.28636020496617 7.327289570611193 90.64723580171413
119.2475245977022 7.732515545817706 93.34044667156459
111.4019010795924 11.528945302534623 86.33755533070531
116.09852374635219 13.96319365884273 88.89918628507016
121.20286387106475 14.414586016581147 91.32997967324822
112.06571826527187 12.815964795884822 86.31078150039053
113.82442317802993 14.602871087865935 88.90702405689328
117.96755240201009 16.41370731746104 91.26546066944739
94.64576838946843 6.067730576035047 97.28418826347607
96.04508741836189 6.2211956005704785 102.00676920783809
97.44103394776594 6.384892161157747 106.69980106442598
95.03095401411873 11.15073130022442 96.94831645533058
95.95795567149757 11.892796589567023 101.54888321993843
97.1578452210172 12.684135600802342 106.70112639827697
95.05110956100995 14.92236695473604 99.20873340790006
96.00156242486527 16.542166594552096 102.95222840845314
96.59337823982216 16.080779773660208 106.08742245770628
84.56138751576229 4.831534436190965 95.50711520309244
84.20304098790224 4.7388987539821485 99.86369931943203
83.5488538855311 4.593474936450974 104.17712826159791
84.16987276292991 9.227445470005067 96.39356621616817
83.46899235210452 9.459654071479097 100.71386213735619
82.76282609005824 9.703854826256844 105.05650137340851
82.72621871041535 10.788805750045169 98.01490131826864
82.1424059164087 11.149034746016119 100.51447045276915
80.9612943357277 11.35291137258912 102.99767780652763
91.46204341470921 5.526403106722261 57.34517112629783
90.5652992073356 3.9468068310832347 59.907076891993654
91.6894366045996 9.255743061029937 58.37617066993871
89.88785505181944 6.982793688390548 60.51787572534943
91.25331004321463 2.874369674743599 64.5166964108386
90.42385457941903 6.37781869386923 64.92638089451894
91.5123654177105 4.529845701296082 68.45805057277857
91.7794320598495 6.354917816992421 71.03443243809133
91.3458671473776 4.618012664977733 71.81892981562956
92.42612803661594 7.456158556278527 74.98604647074492
91.29238591925738 5.148253720026988 75.03690187370431
92.51004881257735 7.857898361599244 77.51656509447626
91.08438249396745 5.850394842232945 78.21085566050651
93.98735010479838 8.90193074320333 81.39427760996773
91.47352296024404 13.379007996514892 61.793757855798255
91.2603896854411 9.119235496833644 66.33512011988961
92.34369467756743 13.641906567644698 72.19420703107131
92.00669090555577 14.231376567644698 68.84229268942266
93.46028536805714 12.49418588803364 78.58660394072693
94.43764046586568 12.862231972123999 83.9125568339547
94.79218021598287 6.229921796057916 83.10726283927828
96.23583069468478 8.700890071188057 84.55108958525045
99.07306959456896 15.593752028808128 87.90552223321097
98.3255199456495 6.364157434088888 86.71801315442585
101.31479593616984 6.320107771330335 90.35527580167985
114.43965345108163 7.361727230881409 104.85899031537572
117.76505328300674 7.631653707150746 109.56055845751493
100.1074290985365 11.175310307323324 87.89473338163091
102.53289549922816 10.672405875951608 90.7865224221368
116.11921882950594 15.727530789364875 102.96786938161293
118.40759386208022 17.053756986111882 108.05275062790251
104.69296633621425 18.323266643275243 92.98404175017686
104.59798469119661 13.403552762609248 94.1920734411734
109.46039136335094 22.31359704267461 98.65108144045679
108.83038010213654 16.666722082160998 98.37894629928245
114.57696087506235 21.69749151483607 104.31818988017369
114.10009255864362 16.676335335567572 101.0199220098352
104.61197623307623 6.580764746499406 93.99511161790853
107.89219908769138 6.829157878612711 97.6232825239038
111.17345550675691 7.0922112228075616 101.24491375179308
106.25663846182772 12.076498745978087 92.6294135740882
110.2863574429657 13.443851274003332 96.5311411692112
114.59968972337407 14.370004377261115 101.73069090630891
106.05738544645054 13.839146647468988 94.94920213037392
109.57167109938283 15.40149377707895 97.75220917216137
112.84699869012019 15.595519344464673 101.02917654343203
78.64376249293 4.047553516676461 87.85373066191562
78.04865539541605 8.63931766868828 90.68407198353684
76.15260057016484 10.946824098445717 94.4936470603056
73.46366757156403 14.165120347628934 98.57945200059635
69.9434346529611 12.094489036216684 105.2209812023764
69.0136548084804 7.0004819452897715 107.78756146115741
68.9085883706462 2.8932579468817283 107.92846649946308
77.29147848095211 4.209111163894016 91.87803693910065
75.98179107757235 8.432944615600842 94.30015763295928
75.60065797499921 10.987893450668018 95.44416770844282
73.33517096423203 12.890863803977728 98.8204177997988
70.69837354419593 10.39625351854216 103.84764881851105
70.22135164913388 5.515432592636191 105.82455693617229
70.49359500430572 3.3318541384838785 103.77597394460885
75.88726056881413 4.410506517648257 95.14814467744328
74.36680711109223 4.185153420348994 98.21691168962323
72.43126779315966 4.006662624325141 100.99435158856085
75.15787662121163 7.38033039468007 96.93693508091589
73.68878022963098 6.795944177364672 99.95103653750306
72.16927134055256 6.251234131619029 103.00069632904668
75.27693937877498 10.05975473919831 97.4926358266276
74.55564036286806 10.611075550146563 100.18407207607206
73.24542853163663 9.281993995898556 102.88141551459674
68.43577804753801 3.312779591410827 93.79492964535879
67.92182705716634 6.176027799943688 94.92136517266607
67.55608576205988 9.09013337836503 96.11120493184124
64.20227227920522 10.061471963641303 98.19303728563922
63.12939815242465 9.898503775090534 101.16194737098672
62.31122020567003 5.8101774714113565 101.82833670801651
62.09186187029893 2.550396496748116 101.7972214898286
70.44916835019802 3.923403352140829 94.01362218111203
70.849721803025 6.553708571781425 94.93923500745296
70.4108876627348 9.219390598689241 96.15972891671437
66.69868518724763 9.739505193297076 97.89266687405089
64.39538926066732 8.925574703622202 101.32015154529367
64.47150593348212 5.082907358080285 101.60259674371325
65.60632031286123 2.6511358209984346 101.60778220968601
72.3499327833715 4.465077281927328 95.29660478666077
71.95662207243078 6.0926866343381345 95.55928720735578
72.10102940962818 8.250117848740885 96.40423263997518
69.48028141225828 8.367572717620325 98.35826284409454
69.01040797341759 7.780852586630026 100.8243906826219
68.78750153898012 4.530486149135697 100.79158170806912
69.55739877841431 3.8461620596221637 100.52960229225573
69.08758791911607 3.711979333254584 97.31373993499233
68.87551950609767 4.6356244666671875 97.54512198683689
64.5492985181819 2.5880166922070167 97.30278249554355
61.42440523658533 2.860922362434724 96.71292584457603
64.64183426356772 5.255900806408394 97.24417466037863
61.33587120583903 6.0489582013659 97.17366655429943
82.93748825991516 6.504315567644697 59.987308685749625
81.98008545108699 5.866105567644696 61.75184065138468
82.50606983914983 5.1005805676446965 65.01819013542864
83.27014291441607 6.198092532058827 69.35572878877319
83.80745120889269 6.056460708882796 74.22040058052657
84.12545138477668 5.8390903211975775 77.73069163521261
82.99821518473772 6.073174406989694 80.56041040036486
84.67910755281646 8.280121567644697 63.33136120344338
83.78043300610734 6.5149705676446965 65.95626995010434
85.39491626254716 8.102154567644698 68.97384962982704
85.22452260796719 8.572900567644696 66.45836102341698
86.50098114964675 8.04627556029479 78.22216471970754
85.7994748288549 8.833317802950038 82.79827361232266
81.91007452293685 7.499528337478363 84.35546991864248
81.97766942049725 9.780399602384978 87.337278009568
85.32913442693851 7.103940929472903 58.74655788011956
85.43452818413758 6.554179128939945 61.05907392184333
85.73696497095074 5.823024210032473 65.2844429084737
86.11089460470767 5.846183054730472 69.67446137294598
87.14681446138572 6.230336884020045 75.15437201752326
87.19221015221164 6.199140528545981 78.27695266833443
87.34195454915256 7.230772615763084 81.29634588808189
86.76200611462286 9.702292424586332 62.205190767211924
86.54307543339273 7.666848102122653 65.73321719872412
87.57271245453478 9.562162567644698 69.79204060396711
87.59660901100801 10.476536567644697 66.65312796442316
87.62994597765078 8.955701361602443 78.13008331455008
87.91550278373172 9.349539073983157 82.5837196272812
87.02813273491253 8.142141339612984 84.80142334316346
86.70969303922114 11.198421191015964 87.15291169265649
84.78335500697462 4.869749059602759 57.937983641731726
84.1525446563849 3.1880372794582335 60.95847067324001
80.06305175165122 4.196063567644696 58.366575381050964
80.65383315719006 2.687445567644697 61.51563258646492
84.29202971697875 2.4207421554148842 64.78720078366084
80.47180448570874 1.8191235676446966 64.91770382895217
84.31310017761339 3.578139614433978 68.1322970765798
80.19506201294816 1.7443755676446968 67.8000808703488
84.35106171658873 3.6910541235127146 71.20728300777309
79.95591758515593 1.8443015676446968 70.68923026100964
84.40191658456553 3.920676496206656 74.25159511066742
79.97856810384624 1.6639135676446966 73.77679691829869
84.44531155472673 4.201367399692171 76.9493557335821
80.18232920882069 1.9659055676446966 76.2962871936321
84.44932527328876 5.01757388681065 83.15042458688573
80.42829691016864 2.7124327868148135 83.00235135516279
121.77608228226245 20.2513374981975 103.95659102234947
117.43996549839783 22.932198650219735 100.98229035668491
112.22457035694393 23.67978570602315 97.86255512945252
105.22230181535497 19.07404569827915 92.05870293460778
102.09272155875871 17.620463411659482 90.27199475226635
107.63951254923771 0.031780276336691116 77.90046799427496
108.44961943973864 0.024879723795783053 72.40045624630221
108.68401083330792 0.017289521402448896 67.55021049411135
111.0305 0.0 62.617549999999994
109.78649999999999 0.0 62.37646
109.6897 0.0 57.820539999999994
109.3777 0.0 54.6162
103.11333142530596 0.03607273039915052 76.5912602696914
103.88249793519869 0.031186899585035704 71.82697133973961
104.6016710865297 0.026273995656021218 67.59583518720284
100.54294273641148 0.03307553911402706 67.58640703806991
101.44432096590474 0.028947895477768038 63.1531544758921
102.01983189463532 0.023314665311491307 58.45018103096268
102.08738982017017 0.02143738761300574 55.52985361738057
100.05830712425656 0.037194072196843675 71.24768073135365
99.16589184135856 0.03932880343442907 75.29851777492618
125.93837456222539 0.02336138153430159 85.64450335709242
126.16655700877762 0.01604189459327417 77.11871683705432
123.66942906783623 0.01038012796987936 69.49024965367528
119.71034010547872 0.007103831150636243 62.30173172372363
129.0011059059011 0.009161771996745376 69.42588836504396
122.40267199406057 0.006294485656108902 62.110265303415744
95.56134615334723 0.03635658798684177 56.502714838393
95.3810466685718 0.036439102203162654 59.27755291622254
95.17294255703432 0.03978079596376253 63.64384970240527
95.28541622030977 0.04174131107688249 67.56528570187552
95.34743833135633 0.04247592442511632 70.903479464021
95.05070754082854 0.04306988116322186 74.39481740356446
94.00772504191467 0.04320422296312389 78.72002904738693
97.90161178135656 0.04091142153544866 80.74392554556442
101.81709056642343 0.03798998566580139 82.7930365702597
105.68277808506501 0.03648082923420583 85.38041962935915
121.3053174128773 0.0308750056644146 95.55070737261389
127.8788378541081 0.028226129878435095 95.94008536842884
87.62129251206333 0.046849963379889344 60.145208612065055
87.50332726813947 0.04798456869317752 57.27522489381657
87.58532555854978 0.04797427406872536 64.05184371598787
87.29987876074334 0.04839982216302957 67.63501080406239
87.11093162937794 0.04790939531167815 70.59432579574745
86.82737657294231 0.0471796628378791 74.0095372728601
86.69776734221644 0.04661106996075646 76.89269634805827
89.36057497745222 0.04503386483366759 81.03563348603868
91.73357768754553 0.04336958570341055 86.08597148647151
99.26630495486486 0.04381339395572385 114.2350682239911
93.13201578644706 0.04324506578146544 91.15086303359948
98.52361452162404 0.043751682806366175 111.22787301106321
84.6499286131753 0.046678381625669056 85.15772966107018
82.2637124048379 0.049651681608620934 111.80884671571434
84.9368370607812 0.04662569160208813 89.83880786783881
82.86483069086242 0.04901395096165037 108.0521065437497
113.42309378823538 0.0037921379996985853 62.63619380455312
115.11919405803141 0.005845650790900339 62.55589965893607
116.85062844902994 0.006227062691557816 62.4695258337661
112.48084238657528 0.011753013955783702 67.88364575046407
115.8586387432976 0.011919159846829511 68.52329059225534
119.5133941499604 0.01058124751260583 69.01864742048407
112.16013924878887 0.022736293759601144 73.49948675235856
116.8030744742936 0.01847581094027217 74.5282934679227
121.70162747923818 0.017425744492880302 76.07396960473743
112.20717391471142 0.0283615451766221 79.569834334071
116.8108622616208 0.02626569801413267 81.54165266818733
121.32759966190247 0.0246721305725072 83.74994327380216
109.1486857969373 0.03561649557643801 87.6618163168207
113.03044554322267 0.03343113498931676 90.45911477453247
117.22333547877584 0.03192797553354558 92.86775454364823
94.51294980112158 0.04350604576176544 96.16535750288541
95.85610770594788 0.043395380600295984 101.18952705991235
97.19282991945272 0.043516753331072446 106.21956909584122
84.66339871929392 0.046653315720050506 94.46602002228126
84.33106135052275 0.04744804844059168 99.0565269418884
83.73508078669377 0.04816965913372349 103.58018999801752
91.32721421928088 0.04573470710223773 67.94946739105616
91.55037014734074 0.04511909011850552 64.01614076856922
91.52591342723119 0.04386692913840334 56.83402069613729
91.53424937614852 0.04442616571390381 59.71591199024585
91.24606369190765 0.046312619375742006 70.63890929425132
90.84219362902599 0.04602917706098894 74.0499310245947
90.4255095335581 0.04518600442209321 77.56783903726107
93.32001452084869 0.04378990114112952 80.7908505407943
97.62229755910688 0.04169357713540191 85.26642923620147
100.73403521982945 0.040141766283757305 89.50332675197764
113.063641707889 0.03728869469208715 105.419825664627
116.6162769111833 0.03728871301143113 110.22706714665503
106.35991072121303 0.03822689857786526 97.21774102033889
109.45685513742079 0.03778174601188197 101.4294127349656
78.18187715184635 0.048565926824842766 87.50230172296189
68.93215651884371 0.05374229477281781 106.61966617079992
76.95901127784104 0.04958078445819477 91.97134602642313
70.7811802418948 0.05293157470461601 103.78295381936012
75.75940742846399 0.05072577027101216 95.58883019176386
74.43008905420362 0.05119977435066656 98.10418327820459
72.61727300915946 0.05206354344765574 100.94588530994993
69.50236410716225 0.052755893005646225 92.48185410145581
61.85992736904051 0.05622280715133348 101.46617656293029
70.56191842630754 0.05229020749905171 94.34428690619438
65.68630960293221 0.054621451617797065 101.09585246827156
71.9306539529826 0.05155474674340457 95.66049981892441
70.12062361780106 0.05288206989019121 100.118155396611
70.02731091759911 0.052716158033692256 97.56288858914792
65.81921612600736 0.05430851394260994 97.09216196740859
61.64785713973368 0.05545285639449037 96.17056395365834
130.70801656516235 0.02275666701611273 87.59500153327303
130.89087091207892 0.01565419811652501 78.30126255708352
103.25813129885391 0.038629032902390226 93.01158710980127
78.33888132226298 0.04883656764469663 58.012808177196355
79.1511133153767 0.04883656764469663 60.70245458902495
78.99863711967153 0.04883656764469663 64.29457152121735
79.04154837592031 0.04883656764469663 67.5511798852346
79.0363468069491 0.04883656764469663 70.32926403152682
79.00175354176648 0.04883656764469663 73.60648726293844
78.94748370985423 0.04883656764469663 76.07482280330653
80.22460047486767 0.04817538011695167 82.45179615565307
83.90205125254643 0.048988062391473026 60.411856878317494
83.98995931417201 0.04934233163588481 57.306145659858544
83.67092166488229 0.04894598275403746 64.27469488222212
83.426595632713 0.04901080965081965 67.75711158407539
83.15363718761407 0.0488376535625722 70.68732415686753
83.2859844268725 0.04842128403022028 73.90764715895016
83.49318478531197 0.04809282049912441 76.75746536416321
84.38608921578371 0.04693479813374369 80.905980045669
151.84028999999998 35.891287 125.0
151.84028999999998 -35.891287 125.0
