116.42504830343432 -24.511949999282376 85.80205015173769
116.55762918553285 -25.817098264088383 85.31737000905325
116.29938241922407 -28.93314431059253 84.36882410244061
116.73767978468886 -23.117441156187496 83.76001697517827
117.84215129955017 -22.608394334115932 78.6408921284614
119.3186410791438 -21.455177376866782 70.67757549322333
120.08877060019837 -15.555176193454924 61.43817014377127
118.26120921042909 -31.616937052661463 74.56863727833301
118.2272072892168 -19.59988473867635 59.14294478187626
118.36071503876923 -25.767051072807288 73.48169944338797
118.30402862952714 -14.976286088989534 59.436888765484696
115.21837959168042 -15.892960954411492 82.15944519995192
117.79022653317521 -16.768513942742402 75.9859027490744
119.17159001761742 -16.351835175691615 68.64019515205794
119.12309532351361 -13.544859015586383 62.59201039457137
105.21384992336591 -18.949098720653655 81.75857988484226
109.41497859742326 -22.007992731466203 81.13007453084064
109.4314765269453 -23.630743266447094 79.81991734578968
105.35408570731873 -12.817131890200223 77.74779733645407
107.27816756176931 -13.503088758685541 74.19571267184612
108.75526646790912 -14.372672841988823 68.6958978160596
110.51563485290609 -8.36414804617765 61.04960700671293
110.14129144150827 -27.62037067971743 71.8896899603328
111.26894988616222 -12.251107167830504 57.795618010147344
109.58559797018374 -20.463704262719286 71.28689553130366
110.01917563344213 -9.183453083432232 57.68897912506068
108.48449749250469 -11.97693615899394 79.36305175623121
110.29634861931997 -11.81180199271068 75.4364180768949
111.25207024105873 -12.701549483197269 69.40428265708418
112.49237338909073 -8.77643529735536 62.65141447082307
103.59661130641628 -11.909981190368455 54.8125707009989
100.3614922208427 -9.604847736102963 54.9714712605919
100.80902781877381 -8.306024325206515 59.737539555721696
100.7213836959236 -9.536839092648608 67.19518633603842
100.26832153539624 -9.691945618237346 72.58333822801744
100.39450794421934 -9.08160993126485 75.37944504963286
127.77713631518144 -16.581592506331507 85.59501219510837
131.2184253926094 -17.82040654931725 77.54655633511196
131.23840724500792 -17.976412290729556 68.71991114585778
130.13195891201215 -17.88120441171031 64.61267941629305
130.04241994227843 -20.29837586023875 88.16358949113688
132.45041717270817 -21.851720099551198 79.77839273666036
133.54502613363726 -21.160673641456043 71.03284759654399
131.88869729938568 -20.477854732519216 65.7973136255624
102.78096737076352 -20.251326962254545 73.75307308649805
102.42924352072014 -22.727486082811406 64.57905694945237
100.97479395020973 -13.528850005145905 65.86898164877954
101.71899265805862 -17.218585030622922 74.08090270032005
100.93766842654806 -16.12519023836515 78.22865515650132
96.61163940801346 -10.796479154792735 53.628657064667095
94.4965728615691 -8.235627699714342 55.245208039714775
95.14137378595463 -6.857324730093217 59.734222715644265
95.53384959226652 -10.57836209953977 62.851194802127985
95.66587771712194 -16.895029439466057 59.230410839001934
95.26175080137348 -8.027376363514682 67.05495753922288
95.2949927786744 -8.7499072602284 70.75433193035654
96.46698715377102 -14.666000095143437 69.92064677188296
96.62386498687349 -17.040582215738734 67.57094382086336
95.37693876860952 -8.561303539998216 73.62396252824722
95.67647695234191 -14.06347196197757 75.41197431319071
131.29140584929647 -25.557587031035567 61.89416345779302
130.0119950561848 -22.511243621922368 64.17670043148539
130.79844830350464 -33.227358381410745 77.47166618279255
131.1164335693364 -26.79498573651 76.34175706527948
128.26350626630145 -27.89170889081144 84.70816102340629
129.56302222309012 -32.57463430939367 83.42007629947871
127.75440313216059 -25.245497981058566 88.16495910794318
122.65795188464983 -17.809493069928724 91.5523512777007
126.10199708624705 -19.415271123469104 94.62784685882711
112.05004817094967 -15.84037594320775 86.46689977940298
107.26913091667171 -11.58292629086646 82.4063264999169
103.8969741752989 -12.632189384791543 80.02763105164314
99.71146155320581 -9.705328994469525 78.6916601636918
96.55958583793527 -9.20977014933777 76.84448779600785
112.60150336672642 -22.0272228999944 88.66403239619139
103.30529411269194 -17.43523981937793 84.35718853871064
114.36375994939455 -24.1811895035827 91.4775249660528
99.89470291990786 -16.211720439922342 82.63032586996651
96.28121838311714 -13.760188491391544 79.03237692753466
125.25259340120108 -22.242865113892393 95.06832164248767
89.47693469608382 -8.393563357469674 53.63507665595848
89.1970849796404 -7.052365767139644 55.698829684759
89.49900561203852 -5.971864994202875 60.18977864273627
89.89107027981842 -5.5850478107778105 66.59619666791981
90.00112916721079 -6.642657879335604 70.81159112071838
89.98569279418764 -6.969383630673287 73.74647521428861
89.87088543634205 -7.80751643305273 77.06669445878259
89.82451659497694 -11.861679784429738 56.354384755943606
90.50670206610859 -8.253250754280517 61.207242351079735
91.36322345640504 -11.76995481069039 67.04020895761819
91.29888092299194 -12.546089356021842 63.73541147275817
90.90664612569125 -11.369747177596524 74.28577176537947
91.03134958919459 -11.762209201297816 78.69514423247979
90.60516415820554 -8.456369602300732 80.30634515099912
91.76361998700133 -13.44413205933836 82.91208113419759
127.5808491885168 -8.576282816916523 95.48129437024328
121.6213482552235 -8.438501852934909 94.00454924500389
130.90337629825757 -9.056603504515746 86.3669419517015
127.9032663283157 -9.264571589406634 84.9500918827949
131.91287779166527 -9.534145251145672 77.1020376171616
128.4589365387328 -9.172387098753884 76.4685387274813
130.7908146416764 -9.461009900734334 68.06507425710535
127.09860234150146 -9.143125127088586 68.81783003560322
103.86071609825723 -7.237630036920129 74.89341691106401
108.45064592423408 -7.654193087914932 76.50343783204555
109.06033792967332 -7.205364484297264 71.32951413851887
105.50536565838863 -7.059602811370849 70.54395930853616
109.94602995770171 -7.119457037895251 66.73709055437872
106.46132674800604 -6.788673646928776 66.38328084379926
110.28127926419614 -6.125081537309472 61.16271187722819
109.54880197045809 -5.614637047469577 60.67488202064366
110.92385304362237 -6.357259444529127 54.700338228634834
103.36139964152562 -6.675647661088423 52.42947634689508
110.83637847440309 -6.54617425005979 56.377359695459624
101.06983214450032 -5.727637964393243 54.50802877748269
101.04537046434653 -4.449080055099246 59.13149776428576
100.89398551321258 -5.709909555626383 64.78102890737468
100.67892147642272 -6.313746395697191 69.05230991458205
99.70956549929107 -6.529449673452263 73.24872728837194
128.72908346595185 -10.038655183046648 60.778349708263356
124.97304996594342 -9.326828690533016 60.840573663924864
96.6248442443788 -6.094360452201339 51.60673604614615
95.25232033596475 -4.726436824444296 54.55625855601557
95.88602750675297 -3.657033458627765 59.05186867062949
96.0295589263428 -5.09594145021168 64.15779613275534
95.94059111475887 -5.580719303752212 68.20544172982328
95.25581895420513 -6.060588764288277 71.65589583483731
106.14073642136236 -6.649126341685942 82.64463951793176
101.44796858399754 -7.009783604739027 79.5641244015588
97.96126997623344 -6.847229145801005 77.42824536983244
94.0502710955006 -6.4555679400427755 75.27496707846949
89.26338993348571 -5.344272894161513 52.39902898364838
88.72481258348336 -3.5278034592078686 55.23920557572145
88.84124409363204 -2.5280528477667175 59.64335249253754
88.7517714072328 -3.7265579746378443 63.635329924503246
88.72390063801033 -3.978698330195562 67.03364004509449
88.1265160317152 -4.599484031879147 70.11646804681213
87.73069403845625 -5.280662933027808 72.71968479672796
89.09686619592983 -5.906607194999586 78.62289148358953
90.41308229107419 -5.959723312395557 82.33980573489589
90.99701539184488 -10.111409335641365 83.56631783144296
94.42837583351113 -21.37329803503745 96.62185512659894
95.24612235903079 -13.925731897361134 109.00518285618597
96.03035056591887 -6.6418289956151675 109.67357764504713
91.38135646576197 -6.001986075759646 87.69125919734466
94.71441436161763 -6.463557303858802 106.32178494237138
92.18411097507799 -10.515671721878356 87.24455517295428
94.20218801991572 -19.105292074005845 98.14064674401668
94.73248119573694 -13.343641148371564 105.58250687919485
83.39214239297152 -5.412115373923835 81.6050358429969
84.29630104279657 -9.175090657370099 82.85056477376527
80.4736823989661 -16.56221188098845 92.8396305964189
77.74942929107377 -9.842742779758257 105.70413643227214
78.1415950711363 -4.134701865075538 106.2513681973716
82.76867141821972 -4.973287556215487 85.18962851667852
79.726950990756 -4.436802588266093 102.01253981722216
82.5382338395134 -9.914767210740795 86.52567525615552
80.1705664287692 -14.706938820756625 93.18521956383535
78.77803809503747 -9.536348940693951 102.77261051909245
107.70623002061764 -17.79429168567034 83.9707966191258
108.9993512125559 -13.719703160267084 83.65637330257522
122.7105186064113 -23.67915034393552 85.27837068791557
109.64627173352392 -18.064257209018898 81.47852593749816
83.01180643303441 -13.419586867200197 87.84610642176743
77.68649293419121 -15.696825648593375 101.40807186030823
94.0055875672037 -16.385011148861068 88.56231410980614
95.15131954058634 -18.963668664024052 104.38051552306607
114.0996304477386 -29.871372958932273 73.07346108439762
113.48669372688958 -23.476418693603737 71.7189755514391
113.37043145576223 -11.463622845639714 58.988202141282414
113.52144972129005 -16.007365650783715 58.85784633635181
111.93644145320073 -25.9107779818473 82.72021296474594
112.92126780756963 -24.385225179252025 83.82175926320481
114.37424682952842 -18.896185396554472 70.22722899885119
114.9076072287118 -13.344029300863102 61.5488346830211
111.98660703922761 -18.546191423930814 77.09770783168018
110.17548886318727 -21.501962698864826 83.90077268156575
110.5867373246612 -13.8987211366661 81.46239132930499
112.22193480045746 -13.856856745113285 75.6478227503143
113.91938818976571 -13.712179719415483 69.80948099634847
113.04559403736295 -10.716910026157386 64.15320698492279
125.38778173035051 -16.840002253661524 62.72036127520906
126.53256404802187 -18.964357479817867 62.05028040303819
124.82751894409618 -17.375286771820686 68.72765616086518
126.53061980255995 -22.344568995528647 70.7760800086074
124.49103899242535 -17.592257528913862 76.35367711912816
124.91303969007511 -23.725362549208093 78.14869667336842
121.07994074820962 -17.05415294711632 83.46349902675993
123.15692561180565 -28.208761963772623 75.64704985922822
124.42528548091518 -32.70588640051488 76.57760539426623
124.6326955769591 -24.183195368999126 60.565352970085364
124.35388056773543 -20.54967987443903 61.60251547638629
122.63882695822757 -29.699534452476385 87.31265886144566
122.810328784683 -32.602523775336046 85.82987448072848
121.6338215730969 -26.49623511391616 87.7027166211278
117.3489424327055 -17.557330389952355 89.66719209884387
118.73706968323407 -22.674811433233536 90.71530198197127
119.40453033462438 -24.287924259179185 93.28054339649303
106.19583612567199 -18.917695026245525 85.98070767470658
92.68672601062546 -14.50612055773003 90.18651028450638
93.59117822622883 -18.01665563389015 101.73990908967868
81.60051910449015 -12.701678622730745 88.16984878625718
77.77815830325021 -13.080771123036918 98.27051869607406
112.41260935393221 -6.647853968956083 61.61258698169593
115.65322331004664 -7.294336973347244 61.333584538802896
120.49825368701168 -8.228066656446343 61.07653426848578
113.66255839428018 -8.681557212004734 61.950407873103785
116.70672274336276 -9.625756942445411 62.13117211608704
121.9796896776788 -12.845444639831666 61.843282916812015
114.37387854393462 -10.328435806360787 63.379651555392925
117.55882614504027 -11.997430417172302 63.73741276932386
122.22344761007068 -14.452268436852314 63.078316431895715
113.25181385775105 -7.203811757177809 66.83063355900768
117.06957017615974 -7.839490847545531 67.23165315873615
122.1147299059102 -8.264822259236706 68.09028853182485
114.89854810300706 -12.467549645545963 69.259745963087
118.6092166529615 -13.06752750313789 68.8006066663948
123.74916614979487 -14.389779952355676 69.05398343476486
115.04691162807896 -13.3626893360383 69.28684156378648
119.20100363814079 -14.695815261635058 68.70740001004515
123.51401527966253 -15.730099914517602 68.21517972770553
113.44503257912812 -7.354646418120919 72.29010235893332
117.82341101275837 -7.53902010982543 73.33472181091975
122.96805437254623 -8.135835993256459 74.77341163318987
114.31474063005447 -12.941748762422627 75.81630546502942
119.5245034005871 -13.869697015905082 76.02217349614752
125.85753475869804 -15.263769935343902 76.10738552636526
114.0828455968302 -14.137248627765985 76.03811154208425
118.5274176935498 -15.648570633541249 76.33884246747624
124.17187333395418 -16.21103721328416 75.9021875981622
113.20633051695519 -7.535409414771788 78.49026911039145
117.86491215763459 -7.858044315142534 80.66390677954158
122.91183532817837 -8.88000512041134 82.78496225990808
113.89839186382575 -12.779125873286853 80.95992906345249
118.2199287870265 -13.05189429295651 81.72269614252127
124.56667954681276 -14.43429188416788 83.46758256510769
113.56059894762211 -14.06609685939554 81.62696880871734
116.15699588406001 -14.599266996350321 82.08767022542163
121.10158005618713 -15.67280779288038 83.03544204596862
110.07906485969453 -7.007469899558711 85.46884868331149
114.15341913761345 -7.37004250960376 88.18942163332342
117.85715911763424 -7.745012482780228 91.1661991276449
110.73769274510002 -11.65373709036047 83.74653679910338
115.22526182803342 -14.08682565220644 86.64181053481538
120.12368825985675 -14.505914155545945 89.44476825192461
111.44640001163793 -12.98399446827745 83.81032486775412
112.9514323353955 -14.771885293228975 86.42006127190064
116.90405461204138 -16.594345801167258 89.07960491245221
92.35700361038766 -6.128206960388194 92.33017432340588
93.33455103139224 -6.258256574000574 96.99888850309308
94.28184273959756 -6.386005450739865 101.70637415455306
92.8262632096721 -11.301639396338707 92.02252921099348
93.29829756995949 -11.98478597924344 96.53663729392461
94.0091288304886 -12.75051394481773 101.68637149149525
92.66238830577699 -15.061570564399759 94.1612873219528
93.24260493257829 -16.667991112710194 97.90397599513787
93.52625860379338 -16.193797737922257 101.02204962979877
82.25661171098308 -4.858837807032557 89.40011543504563
81.57628812172487 -4.734931580572458 93.6074973043076
80.59771047273671 -4.577570345221792 97.78047377547865
81.78116470131667 -9.272957458779725 90.16507722874124
80.77999017561312 -9.478747220196633 94.35233841878998
79.75389351218014 -9.707764194127595 98.5765429586499
80.20453605838614 -10.801638506489235 91.61559909788343
79.45772269036782 -11.142988622557267 94.033810635038
78.11836061418809 -11.342042140321269 96.39464031755377
92.651289095478 -5.876959980775413 52.361211785285185
91.76171456024291 -4.119147502089743 54.764350255484295
92.65959183483108 -9.718722294324216 53.55443007740864
90.96148748145478 -7.305049867178407 55.47050161806422
92.25850230690102 -2.865262388251911 59.49944265774157
91.56317161480574 -6.463738060564379 60.05824545948499
92.36502205095626 -4.501975315303081 63.84148338738383
92.52436956259024 -6.351739237444245 66.62853688466785
91.93691703755007 -4.611722507477499 67.44713856649858
92.6526743545789 -7.586717613076244 70.8369910955902
91.50743777877501 -5.26098727009218 70.76710431156786
92.42317632787837 -8.126514363476767 73.37799437837496
90.8781686424329 -6.09191736042977 73.87822130841978
93.39894477587907 -9.252731683215796 77.17569757959183
92.07272635944682 -13.784368518582944 57.070790484220694
92.45559679707254 -9.213236539498364 61.655120061436584
93.45436082742874 -13.593635973648379 68.28461336603223
93.3012229527673 -14.183248839349902 64.91930778749358
93.25873267805149 -13.017648044301724 74.4405545014494
93.6652301633716 -13.219512464126908 79.5304648031089
94.04545314617279 -6.4515075816005485 78.95434805972658
95.41377437226103 -8.914322149629086 80.46076874459412
98.03319977520046 -15.87491389068216 83.84507495205283
97.28479181869 -6.5536312554260885 82.82534652423723
99.93809776418149 -6.418847491822664 86.53974396751626
111.58020410772411 -7.330044140545808 101.87706143734628
114.31050773423742 -7.560914990493965 106.93484855405568
99.03200859812065 -11.402862565968451 84.08113962672323
101.19853363211404 -10.871769768134932 87.09420494728859
113.54985888860811 -15.748652128754639 100.2906288451276
115.18342917691224 -16.959253779374766 105.5863489677417
103.23276801316808 -18.604652629725944 89.26328019759433
102.92562822630015 -13.59295382354824 90.50159576839327
107.42620446877834 -22.520716420535773 95.33317334010167
106.75254759333222 -16.83474374034894 94.98252366889041
111.88980649423135 -21.650448586636717 101.58111557564929
111.75939984176314 -16.74851454112936 98.17018034330798
102.91329563123425 -6.63878058924728 90.34498479461472
105.8403962228622 -6.876440594731099 94.15690099330452
108.74201192898354 -7.110360937841199 97.99918386075801
104.77054546731438 -12.265169253175634 89.21662049412546
108.46124738052296 -13.593909914189439 93.3778045999884
112.16661576700092 -14.39318639223036 98.89051117864362
104.30022393129862 -14.028555035777048 91.38278848867382
107.5957567651875 -15.555781423730158 94.4814932777303
110.47579089882996 -15.61433769515201 98.02185680607595
76.89347074860653 -3.9842792517593835 81.28582605943222
76.0068067339858 -8.591584328203885 84.0569492322948
73.66242349077544 -10.871913651104407 87.60689794439583
70.90560792576102 -13.97616986670908 91.64300997702101
66.93934754276468 -12.188827368217394 97.86845538313241
65.9460962991066 -7.048732022830254 100.58988848680873
65.88157613107936 -2.901524162768335 100.75593829451319
75.09218474554812 -4.133348272302751 85.18827501827828
73.63740231300974 -8.327396233178552 87.50065921806059
73.13422126818386 -10.909854393164197 88.52691015665297
70.68433992215772 -12.77000204174002 91.75099665843618
67.81847627343303 -10.408387186532845 96.66043322957877
67.24119869869708 -5.531709387554671 98.66775974839867
67.6043960727401 -3.284900272842238 96.66673108776394
73.49596158356917 -4.296007092677359 88.29949373203854
71.81122969133048 -4.055484903467189 91.27772007083541
69.717502201016 -3.912474118205497 93.98379363813264
72.73062539659189 -7.246540999107644 90.07585082283568
71.06085086422463 -6.694662516168418 92.99784282346688
69.33408254116604 -6.212679001645026 95.96219536357879
72.84229646034481 -10.001554971246936 90.64991928303265
71.93037496090999 -10.584943245665782 93.25789873460955
70.40648637795712 -9.278257688105525 95.87869353229088
65.79004206066224 -3.178749337051657 86.74694763110482
65.11850101679345 -5.84132223369274 87.7416768724874
65.65992441499357 -8.394873787913156 89.40256536608138
61.172170351468814 -9.96234210906126 90.27217431871438
60.449831618517386 -9.915533734931511 93.60725266690012
59.53312461005464 -6.1279735281524275 94.73680578186945
59.32105302134058 -2.6610873615957362 95.08550845185026
67.82524009647898 -3.7614723748037915 86.89620725482209
68.35679010553693 -6.042597455060627 87.93834415738321
68.2436932299541 -8.786175478324218 89.46003453195134
64.03080044275787 -9.570334035477593 90.63898657649355
61.49255997958191 -9.070722450168676 93.77449316205286
61.643199893851325 -5.179975451158231 94.58487662938535
62.821248522192896 -2.6508662865877315 94.7490678609693
69.85810565294199 -4.196609300599918 88.3091966659504
69.50210259611501 -5.7526782294726955 88.61571674782522
69.67408411150589 -7.910401876178379 89.54105017156876
66.87282556804011 -8.14123046325881 91.40236577053875
66.25341385164006 -7.7092251806495335 93.7593205018153
65.99271467732757 -4.442505675392385 93.75690550548218
66.76874262533465 -3.734966638301908 93.47605154067791
66.42704594204679 -3.4849168341579335 90.30216688457915
66.21855674061136 -4.385099166493977 90.58650049666171
61.70329296163388 -2.4804497998596036 90.41873094230185
58.22021975518834 -2.6846743049814448 90.35469790416249
61.76768218052649 -5.021546045570309 90.35627864281808
58.476661424229675 -5.744532021717898 90.32653935021466
84.72937239523415 -6.457128888759351 55.58126203053102
83.67685452396037 -5.818921880594778 57.29076580226681
84.02335808681885 -5.053244047097051 60.580963332847865
84.0917348483354 -6.262070994838881 64.66730554346937
83.98277215337141 -6.423013644322768 69.23332801146832
84.02693630471501 -6.180210171591141 72.69895823331179
82.33665602217643 -6.4400860738301855 74.94980738762175
86.2856115845206 -8.232695505514748 59.015631656434564
85.24460321618339 -6.467512743132531 61.58739200966379
86.69173941911684 -8.054477774581958 64.6888167077295
86.6592087622487 -8.525325303888593 62.167792494532506
86.17703999396456 -8.599130138887913 73.22608135080714
84.92089858061381 -9.165180043698877 77.43402140312139
80.69493844336546 -7.7064142940772875 78.43288969920346
80.40694684817544 -9.887423610840393 81.25188814587764
86.81384471424005 -7.31864691696837 53.8311997684273
87.00791745643866 -6.579410824013008 56.31475362035564
87.13225802202942 -5.768965476840963 60.58100478586473
87.1630195086758 -5.781334552936599 65.15557222620899
87.3494919074893 -6.508530727923028 70.55157042576171
87.01816293934662 -6.618472922430475 73.49025052293761
86.69840961515645 -7.643882965243512 76.28434142477334
87.89658104248053 -9.89883976224869 57.54215372908481
88.05234320043755 -7.608250047378525 61.211246542048634
88.82162537162117 -9.514306494928864 65.62494811978611
89.01721994340791 -10.428790887288429 62.4920765176303
87.36891949799613 -9.522793080206235 73.28337873041235
87.10379480347702 -9.723918424315903 77.52170226529304
85.90061899342247 -8.411104191332164 79.53641227430431
85.26803041174463 -11.407354393649378 81.63018394047967
86.27274552608489 -4.990329624557482 52.85701125651988
85.77935718934177 -3.141381308703327 56.01652880892845
81.94772454244071 -4.1491328222684976 53.80565555368533
82.36529338228735 -2.6403617125777643 56.982250936257
85.75297885160835 -2.3708042547908077 59.967201902781476
81.99741384643197 -1.7719308235441484 60.36924055979516
85.50428322443126 -3.591151401368516 63.451539422357364
81.56343831232903 -1.697099008987195 63.23216502681035
85.14046935517307 -3.873584088513375 66.50235468797695
81.16664583553467 -1.7969383613146568 66.10391489378382
84.89535090609486 -4.240672241919943 69.46931354347404
81.02038594306072 -1.616438591986782 69.18809203150957
84.64532493080085 -4.556078414283588 72.06861168821155
81.08606691098502 -1.9183266181887915 71.71496730218527
83.64188262479054 -5.255532385419653 77.9443236562376
79.263410036061 -2.922581904393525 77.13806846771476
119.16060911485737 -20.13940251585883 102.00895762985898
115.22537953725283 -22.962418058145335 98.6900890585134
110.3759428671199 -23.86862928153644 94.9508897694111
103.92505279682783 -19.340077209395165 88.4527869599329
100.86137185153689 -17.983440316766078 86.49401581841997
116.41995549787482 24.534697795188947 85.78418652249712
116.55302147937886 25.835646950935164 85.29990727609803
116.29110945157835 28.951762276937114 84.35167722357193
116.736134559404 23.134916321276055 83.74444912014297
117.83017537049527 22.626233087494242 78.62352765095986
119.30411237960446 21.471061681222572 70.65788292761397
120.08013445616766 15.568846211594195 61.41798529756236
118.2463220037526 31.632017723276498 74.54833127791865
118.21142277698344 19.60904818656923 59.124782247921324
118.34673058580383 25.783235233443353 73.4622581868195
118.29327492330208 14.985895244989594 59.41679339151183
115.21531247428169 15.908086717161364 82.15048692775386
117.7866035673056 16.784360340930345 75.97091405012947
119.16226773276425 16.367476169829207 68.62166708054637
119.11281174514369 13.559342873514787 62.573735607008544
105.20675066072235 18.956731403365595 81.75409120001117
109.41243620670308 22.01001716237595 81.12833029340429
109.4283170457568 23.632636590852655 79.81804470839586
105.35200279555123 12.81914637939338 77.7427949862463
107.27590838677054 13.510155915419483 74.18524717561438
108.74966758842312 14.37978393311606 68.68717575137016
110.50950934903008 8.370152034567651 61.03833182622713
110.12584170218484 27.63016385874619 71.87913587233393
111.26002978619489 12.253245679798852 57.779155923535164
109.57692064076141 20.473642196381057 71.27528742322964
110.01204276090269 9.18456034968217 57.67658082602125
108.48292649456653 11.986418031198156 79.35530289193727
110.29473343016414 11.820249755238029 75.42775379744508
111.24797843766731 12.71046934213751 69.3942671224349
112.48603413843526 8.786062619898527 62.639650701742106
103.58760866304077 11.909026512880882 54.80426965517998
100.35481850146262 9.601772434057901 54.966298957070606
100.80534666866224 8.303783338214021 59.73349020796574
100.71892048078033 9.537536988063252 67.18971299578912
100.26680390862339 9.691956610100355 72.57820702916072
100.39336953259054 9.08291426635807 75.37484531394315
127.77156209766477 16.608288739373062 85.58036620652031
131.20949038884655 17.84679570857889 77.52450659973516
131.22620486528118 18.001748703687436 68.69538761457736
130.11884394440682 17.90660507111256 64.58857933956466
130.03594456104474 20.3269126781901 88.1441168942017
132.4410293296453 21.87833206161607 79.75371853712431
133.53076821626385 21.188078988814087 71.00392729248152
131.8733479556189 20.50612309963646 65.76971322669172
102.778239317677 20.251852914797677 73.75148633556064
102.41784190645363 22.72991192809082 64.57337465339313
100.97073602590203 13.529946853130472 65.86334259745907
101.71667905645407 17.2190648668787 74.07959523942044
100.93207368721036 16.129863442030768 78.22282171580274
96.60589002234796 10.791637045779035 53.62491229041723
94.49295618784667 8.231118525498173 55.24285742033517
95.1388440754551 6.853688321500861 59.731566987962594
95.5311891649022 10.575806403405398 62.847620197895466
95.65722341389869 16.893602998514663 59.22630361523768
95.25996309412749 8.025129326283235 67.05254894122022
95.29299916114901 8.748163488493088 70.74991331178211
96.46499572132174 14.665369815248129 69.91951003398641
96.62158631510819 17.03981768201165 67.56961071532193
95.37449093372119 8.559470282000417 73.62030355624579
95.67212855694827 14.064334777914432 75.40649084708895
131.26870296592395 25.583324448429927 61.86554682383019
129.99553038385747 22.535923194253993 64.1464218475565
130.78029492812928 33.25045239543467 77.44438447271799
131.1011700698919 26.8195791118697 76.31548191506536
128.25455776228372 27.91659941131818 84.68467572965722
129.5500592613954 32.601029663658146 83.39298252767891
127.74779706163591 25.27365515215816 88.14197540036702
122.65539971893133 17.836954251460945 91.53792095787776
126.09876169155841 19.445659291356677 94.61284631491475
112.0495618081255 15.85543504084625 86.45638213832312
107.26726077748928 11.591719764121983 82.40080011330834
103.89423778125786 12.638817605715978 80.02371090544037
99.70866249147676 9.7083992129624 78.68714203094646
96.55744231619404 9.209641883462943 76.83961152819451
112.59597663306972 22.050212547495505 88.6515934950394
103.30019278883829 17.4450421633041 84.34858440828845
114.35650597887556 24.206618662503935 91.46369687225798
99.88996528271923 16.21892309080219 82.62163812444746
96.27627268009833 13.763363645499531 79.02388060308603
125.24787032349097 22.273636386596127 95.05276018577176
89.47426800874241 8.388433266475829 53.63299154645684
89.19518338751504 7.047702079824916 55.69762211876008
89.49719943546329 5.968327498143129 60.18883169093022
89.88990381618905 5.58139303522133 66.59480457434523
89.99946505438446 6.638364761495028 70.80839983167985
89.98416729849352 6.96461842484448 73.74244695252168
89.86950475291067 7.802968611897166 77.06115686924332
89.82001343865751 11.85731824616023 56.35233576110349
90.50494546493755 8.250033870388847 61.205957341197426
91.36166902790009 11.768435120915205 67.03931182865745
91.29717222885415 12.544310568269776 63.73447186035259
90.90247282525326 11.367098109148904 74.28025397646536
91.02737304896266 11.761140874524356 78.68650976088331
90.60242906931238 8.45421165873723 80.2998544979069
91.75848779512589 13.445679242376405 82.89978222630857
127.57676205578008 8.606179662672671 95.47325877272708
121.61897022308823 8.466662512187112 94.00054147131976
130.9020233713536 9.088502752934073 86.35610991104762
127.90131066744907 9.293570582289906 84.93865912037779
131.90744037183 9.56032577503336 77.08820628320103
128.455290575919 9.196643046824414 76.45692545081486
130.78331197445294 9.486293896870498 68.05019304357396
127.09186794995081 9.165943612666034 68.80458328706644
103.8596303668202 7.2435080621427135 74.8880028663088
108.45018880676675 7.662367329760556 76.4980978521719
109.05891017492715 7.21326620535781 71.32258263891802
105.50379716423379 7.063189287948405 70.53915882904747
109.94440806517112 7.127774442611802 66.72899018135882
106.45987169415652 6.79372690811937 66.37687314137861
110.27671810879013 6.131060842472522 61.154469566318596
109.54462118840345 5.61941563421716 60.66732706965598
110.91912213382953 6.355024800517732 54.691789160267966
103.35643866426804 6.670500363439809 52.42431351905848
110.83150613921623 6.546129882736836 56.36855506200796
101.06618673061129 5.723335539710278 54.50410142829324
101.0431375020917 4.447148572516013 59.12867498798542
100.89228687106683 5.709293107109201 64.77782732937632
100.67763229333339 6.314611507848723 69.04857200433123
99.70802445946494 6.5304903662606675 73.24542609608703
128.7202282707709 10.054003832297171 60.764888170623124
124.96498197685963 9.340460858991193 60.82872777268926
96.62088069307829 6.088376818495579 51.60415142854155
95.25011630603619 4.72133993464563 54.55472710194455
95.88469158934375 3.652857914906676 59.050465778364455
96.02800356103926 5.093171382385223 64.15572674528306
95.93931276295551 5.578448863465708 68.20330976517336
95.25466832640203 6.0583466815335125 71.65254661341982
106.13922614866622 6.6589353383841905 82.64062245545696
101.44691493658186 7.0125966402532605 79.56102897876744
97.96040616827706 6.847843336281848 77.42356546133391
94.04825211790616 6.453105606269928 75.27203807736221
89.26143261174647 5.338634262740102 52.39781687424311
88.72376077165268 3.523021245577781 55.23867823009644
88.8405895665135 2.5239794360499554 59.642985128058115
88.75110834023067 3.7228274604970855 63.634489513516726
88.72314496256 3.974676330608469 67.03242025810803
88.12606487004442 4.5940668657606345 70.11428038383845
87.72972745629825 5.274303932335506 72.71656293142468
89.096754417857 5.9010113804326085 78.61813316849339
90.40988323768615 5.957843728469005 82.33569094674718
90.99241005499533 10.111572123925644 83.55716071559425
94.42343957350856 21.41731134051223 96.58769946074148
95.2365045267925 13.955254580422416 108.99418969959696
96.02207120417586 6.671560774129604 109.66182364286549
91.37861910124107 6.006554811531883 87.68191568609848
94.70408862871452 6.492835900776481 106.31595383611808
92.1791280386901 10.517841991427073 87.23530579708576
94.19905372486748 19.13219708237289 98.11695230898688
94.72388917608974 13.37268482855292 105.57064227753733
83.39529165881977 5.4028579253445965 81.59524680234313
84.29395033349076 9.17398136320771 82.837650959096
80.43055075976318 16.498493049633783 92.82964534188302
77.7235412288648 9.883239198070752 105.67128794800288
78.12974348105386 4.182831789163936 106.24335234456623
82.77276426451293 4.964979169177422 85.18578609878053
79.72188426432182 4.47118202742523 102.00192930569871
82.53469198882362 9.918191819843699 86.50357230879233
80.14119534871769 14.673564881685481 93.1596382331029
78.75691229991634 9.571269483797654 102.74492036935477
107.70098830415475 17.80474131139642 83.96229305128914
108.99688158480802 13.729066901761337 83.65042015964316
122.70395815318955 23.70281474436808 85.25993101068848
109.64603372999653 18.07033815619984 81.47218823389517
83.00286731498612 13.425484558216011 87.8248921548292
77.66885829078238 15.728425692346779 101.35929291071886
94.00232474047877 16.390588000011295 88.54318638767573
95.13975191224664 18.990842413316564 104.36815203898735
114.08245592188625 29.883231396565908 73.05912611388953
113.47395342063986 23.489059237666954 71.70270153629505
113.36189703128134 11.468970380533387 58.972779869128885
113.5095333907141 16.012644891149044 58.836312735155204
111.92750851232923 25.923147710662416 82.70721657941723
112.91815236834815 24.397272196496104 83.81020416226636
114.36553576903843 18.907772666391722 70.21368352538423
114.89767150119766 13.353962813086884 61.530880163169236
111.98306945643033 18.556599269716234 77.08623071991201
110.17168108265474 21.513842108287925 83.8925884213595
110.58622319806274 13.908979876932484 81.4537411578568
112.21888297972176 13.868449305077169 75.63806247731938
113.91544138035185 13.722241247375246 69.79726904416407
113.03761289945072 10.728963639162776 64.13878453836497
125.37524044407695 16.859307792239928 62.697698337538284
126.51844161229666 18.98361131111523 62.02476022324015
124.81696627273112 17.395483472751046 68.70712619608605
126.51725327116519 22.366745246741534 70.75056695623331
124.48407882734156 17.614647312050113 76.33413456005452
124.90249573652206 23.746382481006258 78.12679560283466
121.07624165932455 17.076139751636795 83.44926088049107
123.14206641245191 28.227725127228393 75.62489830877628
124.40823020589913 32.725955680057 76.55399575442267
124.61116710228146 24.201203304243354 60.53897603609323
124.33857899657797 20.566707980606783 61.57486452050805
122.62951574605326 29.723633356932908 87.2921214692003
122.79850645185483 32.626039960164434 85.80690687385135
121.62708723964703 26.51867856169665 87.68411485844918
117.3462436561761 17.579885484171612 89.65551628775657
118.73183167317124 22.700491224952273 90.69943135578222
119.39816995486503 24.31524672460031 93.26233008385893
106.1880198122454 18.93041416796363 85.97255746840428
92.6824505033837 14.512539343062786 90.17364138267249
93.58182453684877 18.043500854129643 101.72200756346601
81.58910086162656 12.698913303502465 88.13976651288608
77.75541370783701 13.08167156591982 98.24183990520288
112.40765828095176 6.656024101345856 61.603640063819086
115.64783413272403 7.304405266704001 61.324532844210786
120.49166927053726 8.24050720231103 61.06655374085651
113.65609311091872 8.69110965645881 61.93872467644846
116.69955556141643 9.640084915024723 62.11841187480446
121.969474409694 12.860422025071514 61.82666676990841
114.3661865685169 10.340438088469485 63.36575164467767
117.5498908676558 12.012282490841303 63.72126612933668
122.21268422283383 14.469703020178894 63.05886627592653
113.24912979592395 7.21448307646445 66.82158262696437
117.06534888826481 7.854562353534159 67.22104368467846
122.10952548922712 8.282943899512496 68.07934179997218
114.89342771749553 12.481059400094844 69.24427689906567
118.60237404043717 13.082379274701339 68.78402697662317
123.74053403985128 14.409848158592178 69.03494821850215
115.04097023950256 13.375275656628887 69.27293086399094
119.19423274246816 14.710689426356982 68.69013080155725
123.50408291185214 15.748646072906984 68.19536841721398
113.44343838453801 7.3677153643711675 72.28208082770726
117.82120048271389 7.555105401343009 73.3257005629076
122.96509890563588 8.157090884055574 74.76284687400464
114.3133405592065 12.953772271676312 75.80561952247007
119.52074068922019 13.887818575061992 76.00865499487814
125.85148713200009 15.286508979696737 76.09022769612199
114.0812133785172 14.149706958795928 76.0272388719658
118.52321807953074 15.665810642571481 76.32413530026587
124.1659104863762 16.233259750528095 75.88440979538989
113.20553899848387 7.548024988945819 78.48392660073357
117.86406886180399 7.876181301263087 80.65678315830803
122.91021113960615 8.903013964205376 82.77675925364323
113.89628722942953 12.79369078893008 80.95046559900481
118.2183027180046 13.070826695229954 81.71180748526311
124.56298926693017 14.459426985279075 83.4532469786344
113.55855358266986 14.08003847776187 81.61735109720193
116.15474194680502 14.615723311170486 82.0772338880588
121.09863238302883 15.694259207121226 83.02191525463675
110.07764671545635 7.0231253168857055 85.46570361123648
114.15158747155633 7.390307707445267 88.18504155869178
117.85583362940955 7.770069798892111 91.16108527304371
110.73613959692622 11.665494745760832 83.7397701679746
115.22326358998485 14.104557272886607 86.63321437222501
120.12122857954701 14.529880784789782 89.43476955294845
111.44452488033389 12.995586632285166 83.80393669436617
112.95014075693275 14.787314332418495 86.41068817270049
116.90153905660706 16.615118122011662 89.06886970259134
92.35542376686551 6.137731697358016 92.323702187
93.3323943393986 6.2755405547201475 96.99276140474686
94.277913206935 6.411327004830114 101.70046530518573
92.82144634479315 11.311911003153588 92.01171615203951
93.2936273383227 12.003243382849597 96.52426997340638
94.00175205276072 12.776905017738763 101.67456031937877
92.65672377339018 15.07631448716087 94.14442699991501
93.23738850461542 16.68903366039006 97.88472996155917
93.5195013526343 16.21906071037466 101.00613184308422
82.25012983574489 4.859176200958255 89.38924457502445
81.56822946244152 4.7413718641609925 93.59540694167951
80.58775789891344 4.596548983077698 97.76891533777294
81.77493398894788 9.268165918117365 90.14280167776677
80.767324365136 9.474884832774494 94.3318329475128
79.7371049195332 9.718137238865445 98.55360023693449
80.19486649386236 10.787512417654089 91.58946174483953
79.44214764313415 11.129951360154626 94.0102304209252
78.09790498170275 11.337204697699637 96.36663477847776
92.64868844900403 5.871005276359394 52.35930960540024
91.76015791162132 4.113812316731044 54.76311202104727
92.65603511752049 9.713600983812292 53.55151654633062
90.9586495714401 7.30038936702122 55.468821639782725
92.25743061624698 2.8610879627404553 59.498694346420464
91.561621066685 6.459662384212689 60.056904869292424
92.36382155740863 4.498278525826746 63.84023641955532
92.5228696889651 6.3488692085241265 66.62651439986467
91.93587324120605 4.607933890647446 67.44538964867105
92.6508484087451 7.583392749445784 70.83362107628608
91.506050771133 5.257056552068992 70.76468627685863
92.42151683040584 8.123279056100627 73.37375558049682
90.87762901904505 6.087189628998142 73.87435549989256
93.39620368546181 9.251195986389732 77.17040527505942
92.0665105581779 13.780311722059908 57.06795297391547
92.4535370844035 9.210066065067961 61.653212051899104
93.45254332660024 13.592503944486221 68.28354196541326
93.29932663514367 14.181831075234564 64.91818992507291
93.25392313293247 13.016994639349292 74.43535369093114
93.66020052175901 13.220448357416203 79.52160953798507
94.0428839049211 6.450269453335601 78.95090496604618
95.41155488423361 8.915067166430358 80.4545850422265
98.02820234441954 15.882794022917235 83.83286956857366
97.28342150033673 6.557915046381509 82.82007740511767
99.93636006162563 6.428040950721783 86.53764394813255
111.57971221588467 7.3622059657556 101.86950194160428
114.30890914629097 7.599899479758366 106.93223100782176
99.02933985205856 11.409632135619002 84.0722594380828
101.1954707326404 10.883836227690036 87.08717149016526
113.54207791275752 15.778107724608695 100.28030237684906
115.17484542132422 16.99465929794317 105.57327215799863
103.2248184955999 18.621222755990292 89.25591115657139
102.92047472904522 13.612702521822953 90.49337662972353
107.41376073251544 22.533000502280032 95.32243394024118
106.74049034753841 16.858445121098118 94.97578823587402
111.88132266519898 21.678321138942145 101.56428235301114
111.75184943019988 16.776072666237376 98.15854073621601
102.91118536357948 6.654699143349371 90.34054678736757
105.83780280989414 6.898290070849429 94.15261634530435
108.7388764503483 7.13680894055809 97.99409007534227
104.76655609975258 12.282300941906694 89.21072210511109
108.45538266828295 13.617093800047117 93.37067871760591
112.16042527580734 14.421877965876314 98.88078436051336
104.2944631521496 14.048447267129042 91.37541209608317
107.58741814433215 15.580453491560782 94.4746712098922
110.4675969734932 15.642619700481864 98.01152780991177
76.89406894373792 3.9597791981481625 81.28110651692057
76.00570004486237 8.570425407304533 84.01752875956811
73.66077421171617 10.861830057914657 87.5407067821594
70.88869938903467 14.000981966898372 91.53623243900438
66.90823566818558 12.220589950399823 97.77120268844017
65.92635060865727 7.105680020324765 100.51837455474053
65.86822334128483 2.9669125149491107 100.71150982029074
75.07189447230273 4.122271051610817 85.1634497946257
73.62278410257747 8.31212006369488 87.44936526942128
73.12983950527146 10.900215148281426 88.46308747936543
70.66329594632121 12.780751409039087 91.66351514739576
67.79007933109897 10.441723858369707 96.56180842481756
67.2251755337659 5.57921183972357 98.61083637253627
67.58738562736889 3.3251456550957617 96.62591879880299
73.47720038752804 4.2990281303871685 88.26421223779357
71.79408858514685 4.073748063843915 91.23823966008581
69.70518956747816 3.9402217209341956 93.94364094216998
72.70052919261511 7.246163410098883 90.01729423333948
71.03361576434583 6.71304381579073 92.93283676702573
69.31447272397781 6.2447481535259675 95.90021894845785
72.8100640454937 10.000624320469553 90.58094294091526
71.89690970765263 10.594901190674884 93.18050241418261
70.37921583386452 9.305973290071899 95.8002115894417
65.7554284507164 3.157112460697756 86.6801717702821
65.08108872145242 5.848390260862257 87.64555821173053
65.61323627245302 8.418909880680737 89.27975744091196
61.13831499911028 9.949148809522427 90.13664703455471
60.44853357816621 9.928947908242979 93.46917083755503
59.53148685726835 6.172425683027696 94.65778663154542
59.30100466190922 2.6940981395693995 95.05892554913387
67.80113020270988 3.7549103843818386 86.83832387998481
68.32030805118356 6.061975029344892 87.85399089953741
68.2064090114492 8.80706429217361 89.35234210696198
63.992583552178196 9.578797989096428 90.49489028267732
61.48959748736213 9.089702756823597 93.6550166445907
61.64907031133061 5.210267180168856 94.51948845667593
62.84067758206976 2.67236090383818 94.73723706716727
69.83462651571148 4.203758047394342 88.2576773431351
69.47260790727464 5.769089216637524 88.5477043088997
69.64666507332862 7.923191223733802 89.45394598149326
66.8490289352135 8.164032464925018 91.29774409245626
66.23379500837204 7.73835387062044 93.66406257184612
65.98243518052432 4.467318196093961 93.6961377980716
66.75112265773873 3.7562686141587207 93.41970501520571
66.41092680212566 3.496879586418487 90.25009092218168
66.20663158465611 4.402191725529734 90.5213550368988
61.75603199814666 2.462049640113557 90.41706716264348
58.37469819302399 2.5657460603862563 90.44723987458028
61.77670759537716 5.025125683409013 90.27767122382205
58.47549811121354 5.691649946678096 90.2564261325318
84.72850924670105 6.453829072361986 55.580753212126034
83.67607670914539 5.815616084370231 57.29030728733183
84.02268262874313 5.050243922478398 60.58056515630287
84.09097614433942 6.259048931614177 64.66638660945017
83.98144908266354 6.418187583456058 69.23123850111826
84.02498577914815 6.174310031920123 72.6959421126041
82.33385077994112 6.429430216921769 74.9454650999397
86.28451099669847 8.229874444911648 59.014982869674554
85.24373864299262 6.464755217924636 61.58688235143574
86.69066262688835 8.052158176916262 64.68818194826089
86.65806902756167 8.522802644774515 62.16712063104282
86.17429866888891 8.592990514628703 73.22227955643211
84.91760089829705 9.157107074524793 77.42545915986477
80.69249243218631 7.691191258649971 78.42147169409006
80.40446109919714 9.87316955907003 81.22934608211858
86.81213345140583 7.313919300575713 53.82983280623634
87.00628728306668 6.575291470111998 56.314076245794254
87.13117675423698 5.765670670879387 60.58046436406439
87.16210772448689 5.7784877500044365 65.15442179527213
87.34812124475675 6.50343046194232 70.54880307173724
87.01688345190922 6.6118243349719545 73.48639853336611
86.6966108954343 7.63630123078345 76.2784466605781
87.89394816681367 9.894903669945952 57.54099509810172
88.05104189032613 7.605268409618959 61.210634620610065
88.82035336479072 9.512345447776337 65.62419828304101
89.01582567755116 10.426609049909874 62.49125461027351
87.36543255059989 9.517439168582177 73.27911623463586
87.10046715895896 9.718528535831815 77.51297488784138
85.89950156138693 8.404836252176727 79.52718781920966
85.26474889988262 11.405178454444023 81.61502779857393
86.27148481297169 4.985510609992194 52.85643906144291
85.77851820188698 3.137253486054501 56.016187683394264
81.94717002543253 4.14532115275448 53.805328670827016
82.3649405794221 2.6368562715309922 56.982042962096955
85.75248477533304 2.367189758987033 59.966915717663824
81.99717714507685 1.7686431657941497 60.36910102644562
85.50377319690362 3.5876524141288395 63.450913009057416
81.56321160537193 1.6939789808012797 63.23203138506981
85.14004039460137 3.869150590112206 66.50120642487124
81.16640576768208 1.793991627872005 66.10377337591389
84.89448694496691 4.235121631778219 69.46786780252923
81.02016999450858 1.6137153982862813 69.18796473175334
84.6442447596518 4.548559210975247 72.06656084146479
81.0858105837171 1.9158113702654997 71.7148161995342
83.64122800930046 5.243989187574791 77.93790294936086
79.26124160156563 2.9042461400500375 77.13523781613075
119.15260045845827 20.171514160441955 101.99314854004642
115.21745978413483 22.992260222438304 98.67261980884189
110.36393887755693 23.885287173086294 94.93837548654068
103.9184440967161 19.352377054860895 88.44524323464603
100.85349188184051 17.99615718639826 86.48516543921563
107.29547832441328 0.003963679519005355 75.25980056865254
108.18433416871825 0.003982409901070027 69.99638034828858
108.61180615898624 0.003419676781313394 65.63730722964372
110.2404008010475 0.0029733715366707654 61.1557405684348
109.02174514184881 0.002286361325722487 60.80855430658104
109.31713470408096 -6.618310075620117E-4 56.261190938530675
109.2818793196761 -0.002839944989508226 53.04189114676075
102.71903491078574 0.0011080596706681508 73.57151958940742
103.67420969312641 0.0020773888915502888 68.87504298033927
104.12847348428919 0.0011534350099264379 64.80015652001272
100.29921770108783 -3.8146613894890545E-4 63.8310542367982
101.35663703005747 -0.0013679999248610859 59.171797839509104
102.16777470096923 -0.002065986759518288 54.28821548873915
102.87074104352317 -0.003077953873324683 51.01501133328339
99.88515988516062 -1.025126262914605E-4 67.80716520225053
98.96895641792406 -1.7204008499972627E-5 71.78876362172412
125.40059177401395 0.012484226130819152 84.1067615868702
126.1850504893949 0.01229346026786656 75.42968226110895
123.75832356239297 0.008752674841484434 67.41460219270658
119.7635670987357 0.004828120352707852 60.3990701245088
128.99344542649098 0.009655741645823076 67.56236138065451
122.43397428797974 0.006604801063110577 60.28010632616937
96.79820815091203 -0.003244727993175278 51.92971512055893
96.30946641275858 -0.0028281564353081112 54.204845019331145
95.7146453863116 -0.001970641087491342 58.82084067406718
95.70644220802467 -0.0016538466342070957 63.09784423685612
95.57166546775713 -0.0014256426658428756 66.73748550737164
95.10226888727846 -0.001364385849603281 70.44934336322574
93.70253307913971 -0.0015228569103850826 74.66299084322323
97.33046131298671 2.897129480413881E-4 77.02383032316231
101.09525153565838 0.002841133326310258 79.36465625933234
104.76500100486201 0.004748755550309013 82.22478717954608
119.65475587626356 0.015108609015794033 93.47662536305896
126.14672382178769 0.01886871375350882 94.54560851687413
88.99461636451647 -0.0025833614034472267 54.85763794424774
88.95232605512966 -0.002905160777708105 52.109400308174735
88.9093329849165 -0.002119772173353115 59.0253433164609
88.42608389444158 -0.0020856264144920172 62.82756487838851
87.98989778450999 -0.0023971867554699834 65.91867640132918
87.48884114034351 -0.002988502883220363 69.43108550593053
86.99678028650965 -0.003901106735963706 72.32366994416465
88.92748656629618 -0.0037484945626826854 76.48073520197622
90.63298543165706 -0.0012476790215838385 81.46444579564486
95.29080301841536 0.023583040436317173 109.30447250893192
91.43861239700202 0.0015330405065813004 86.32358943555715
94.89209327449531 0.017943800233043053 106.25858276514258
83.42632996856926 -0.008386900028123673 79.85307974154668
78.73250893524376 0.013790744765483911 105.24509657557769
83.15392682814864 -0.006308409467467114 84.1250626922751
79.63079866525442 0.014058745408887506 101.55163266058564
113.36078574322435 0.0036514536239466134 60.1897469790161
115.23007882198449 0.0036634455791248926 60.336582501614906
117.0538175366476 0.004072866244481934 60.379021928807745
112.6450387600244 0.005154595518769465 65.7229042316448
116.04423792574676 0.006086723061392901 66.2593392661778
119.70499822322704 0.007733542792455939 66.83923284837056
112.15902240005809 0.005523188191282157 71.3785368914956
116.91341513708794 0.008096700838352589 72.4297726355891
121.7830067344857 0.009935689608866281 74.13123126248132
111.89402644636522 0.006392866854376174 77.2012054903504
116.49796134325365 0.008610155076358438 79.44352217557413
120.92059696638647 0.011093515172758025 81.89313225586024
108.17051953123931 0.006474691064119467 84.75267751669928
111.86168158495566 0.00947149952559537 87.78279346667443
115.84898608704277 0.011746311769255523 90.48521834494763
92.33711356236448 0.004243256534917585 91.24708963459288
93.21229393927385 0.008001299614237388 96.19924671733445
94.07408130655189 0.011891644728333726 101.21235597027592
82.4288173229394 -9.767674772119556E-4 88.42778080822897
81.75790630966009 0.005249537475656377 92.83337941012239
80.83243657940943 0.010526393093887953 97.20588145544582
92.11877376666673 -0.0019342105354620066 63.216299556363715
92.58386633826954 -0.0022595051441384084 58.97058004706802
92.63783993327499 -0.0032105261133683564 51.43796073130098
92.65082458327771 -0.002690654033925841 54.51796984486692
91.86935380377355 -0.0019613890451433413 66.14338034215876
91.14599700231194 -0.0024076059059232055 69.72336447701281
90.37986392566228 -0.0027746218544800532 73.19965913745182
92.7971060138927 -0.001822934876022987 76.647772929226
96.59867558519068 4.7661279727780607E-4 81.2743906816066
99.38354567600265 0.003482437614495251 85.65087957532087
110.11559258754572 0.013478054915251307 102.27135664497175
113.06529889785992 0.014481397284760845 107.43022492599466
104.3175715318219 0.00978403232421245 93.58848249391107
106.97611631662794 0.01291581268375954 97.97524708126151
76.59054017321331 -0.00946233027647406 80.99975393822982
65.97892345917894 0.04191801295952979 99.48678780572965
74.77693464142988 -0.0028589069493752148 85.2245653189722
67.90591106606614 0.024739984587223002 96.7007730426172
73.32210678462403 0.004725883564090533 88.69900750371153
71.84285996326678 0.00893013654553307 91.13207572279143
69.87757732266977 0.015090847598441873 93.91328523427944
66.93230267977732 -0.018239049249574573 85.16648424839799
59.04675205243266 -0.010828739838999204 94.84917496131766
68.03062934582456 -0.001730404360633307 87.2362309188402
62.900098283369275 7.711491040997188E-4 94.24027566419534
69.34594719374742 0.005230277431782833 88.60164005833478
67.37450408543073 0.014131181005062795 93.07205645166367
67.34835357487309 0.008024550789919486 90.45169284228639
63.104686872608355 -0.034952762959304974 90.21399681542862
58.77050932435627 -0.05281725763222935 89.94763929467977
129.91824803599704 0.012815479648836508 86.45390018886081
130.86209638942626 0.014963963830679078 76.88864733300022
101.58849631448206 0.006706389827390451 89.22511585478007
80.24520559944384 -0.0020372736308901657 53.357956488647346
80.90912041937449 -0.0018852978192508835 56.08799966048177
80.56041324539736 -0.0017675861518086505 59.666401026701166
80.42515063734287 -0.001648386274603647 62.9204820682786
80.26801854630286 -0.0015495824835063746 65.69412373158032
80.05423995576628 -0.0014349875504017506 68.96454992759763
79.86505373903049 -0.0013506213287606539 71.42622296087795
79.21150795301622 -0.008699843645773888 76.94576878903386
85.54169198142299 -0.002115559003957607 55.3696486473224
85.39627516273241 -0.002442004753194944 52.08599469769521
85.19028304545658 -0.0017180203463688115 59.457347651817386
84.79556958535473 -0.0017047703175134385 63.02140789532557
84.40801665058997 -0.001960892585026927 66.00960312853412
84.32654303696815 -0.0022921300370799054 69.18397258092541
84.26362627618013 -0.0032118163357927666 72.10681349102576
84.1290543413508 -0.0058538663384559925 76.14345963518099
151.84028999999998 35.891287 125.0
151.84028999999998 -35.891287 125.0
