111.8 -23.975 89.864
111.76 -25.228 89.191
111.43 -28.268 88.037
111.95 -22.567 87.771
113.03 -21.922 82.264
115 -20.956 74.105
117.44 -15.562 64.599
113.02 -30.439 78.073
114.97 -19.117 62.909
113.63 -24.761 77.061
115.49 -14.981 62.759
110.64 -15.622 86.28
112.94 -16.545 79.624
115.21 -16.214 72.28
116.58 -13.552 65.833
100.76 -18.471 86.477
104.01 -21.96 85.351
103.86 -23.583 84.049
100.67 -12.733 82.512
102.11 -13.201 79.053
104.16 -13.71 73.063
107.87 -8.3672 65.04
104.74 -25.589 76.301
108.34 -12.252 61.731
104.63 -19.174 75.718
107.09 -9.1841 61.734
103.91 -11.722 84.058
105.5 -11.579 79.878
106.82 -12.488 73.22
109.98 -8.7813 66.466
98.355 -10.695 61.464
95.385 -8.102 62.409
96.004 -7.4529 66.468
95.465 -9.2855 73.133
95.449 -9.5621 77.95
95.68 -8.8543 80.726
123.42 -16.628 89.235
126.61 -17.919 81.018
127 -18.407 71.552
127.72 -17.894 66.897
125.8 -20.551 91.643
127.8 -21.804 83.123
129.04 -21.485 73.77
129.57 -20.492 67.924
96.481 -20.203 78.892
97.144 -20.785 70.537
95.412 -12.884 72.19
95.471 -17.17 79.354
96.373 -15.537 83.573
90.521 -9.5433 61.194
88.272 -7.1198 63.246
88.82 -6.7013 67.564
88.983 -10.452 70.325
90.245 -15.507 66.614
89.4 -7.8956 73.57
90.012 -8.4427 76.912
89.725 -14.617 75.907
89.577 -16.991 73.557
90.479 -8.2404 79.573
90.875 -13.365 81.459
127.46 -26.278 65.194
127.56 -22.524 66.47
125.36 -32.6 81.105
125.82 -26.562 79.792
123.58 -27.845 88.312
124.36 -32.698 86.726
123.17 -25.323 91.532
118.83 -17.854 95.435
122.56 -19.659 98.172
107.84 -15.635 90.969
102.93 -11.404 87.258
99.46 -12.274 85.112
95.398 -9.3134 84.2
92.041 -8.7684 82.774
108.42 -21.78 92.995
99.233 -17.059 89.706
110.37 -24.008 95.722
95.798 -15.798 88.329
91.976 -13.253 85.149
121.68 -22.524 98.59
82.563 -7.5965 61.754
81.885 -6.4372 64.09
82.172 -6.0858 68.018
83.407 -5.605 73.607
84.555 -6.2732 77.554
85.126 -6.4686 80.512
85.577 -7.3086 84.048
83.633 -11.167 64.343
83.134 -8.1721 68.802
84.293 -11.72 73.71
83.802 -12.496 70.441
86.245 -10.674 81.032
86.854 -11.293 85.606
86.717 -8.0679 87.308
88.091 -13.042 89.878
124.38 -8.6916 99.125
118.27 -8.457 98.133
126.81 -9.1592 89.981
123.61 -9.3357 88.739
127.4 -9.7788 80.954
123.89 -9.3822 80.422
126.52 -9.7817 72.208
122.84 -9.3686 72.991
99.229 -7.0409 80.007
103.83 -7.5372 81.141
104.54 -7.1209 75.783
100.97 -6.8861 75.321
105.68 -7.2353 71.018
102.32 -6.6208 71.147
107.65 -6.1281 65.174
106.88 -5.6171 64.752
107.73 -6.3562 58.68
98.13 -5.6748 59.408
107.79 -6.5462 60.359
96.282 -4.9051 62.019
96.743 -4.0614 65.816
96.189 -5.4399 70.647
95.771 -6.1012 74.635
94.94 -6.3736 78.747
124.79 -9.4338 65.263
121.06 -8.8521 65.242
90.828 -5.2605 60.209
89.003 -4.1581 62.7
89.949 -3.2556 66.828
90.354 -4.982 71.06
90.51 -5.4937 74.491
90.207 -5.8309 77.763
101.98 -6.5074 87.676
97.158 -6.7909 84.874
93.582 -6.55 83.102
89.382 -6.1524 81.46
82.095 -4.8178 61.202
81.218 -3.3597 63.871
81.532 -2.4675 67.649
81.893 -3.7788 71.079
82.408 -3.9176 74.138
82.49 -4.2077 77.142
82.616 -4.7644 79.816
84.982 -5.5062 85.74
86.77 -5.7345 89.379
87.459 -9.782 90.646
92.115 -21.303 103.57
94.465 -13.959 116.06
95.354 -6.6371 116.73
88.372 -5.8294 94.775
93.638 -6.4448 113.49
89.046 -10.256 94.269
92.105 -18.974 105.19
93.544 -13.333 112.72
79.98 -5.2002 89.684
81.008 -8.9602 90.938
78.166 -16.418 101.68
76.814 -9.8523 114.89
77.245 -4.1631 115.38
79.779 -4.8582 93.596
78.374 -4.4395 111.01
79.727 -9.762 95.027
77.914 -14.629 102.02
77.536 -9.5297 111.85
103.41 -17.486 88.679
104.74 -13.462 88.306
118.03 -23.439 89
104.77 -17.876 85.813
80.246 -13.302 96.326
76.297 -15.723 110.5
90.85 -16.054 95.455
93.794 -18.928 111.41
108.49 -28.078 77.065
108.52 -22.209 75.614
110.54 -11.466 62.739
110.67 -16.01 62.593
107.48 -25.564 86.523
107.93 -23.901 87.966
109.67 -18.035 73.889
112.29 -13.349 65.156
107.05 -18.024 81.402
105.44 -21.169 88.101
105.92 -13.753 86.003
107.54 -13.51 79.857
109.19 -13.511 73.493
110.66 -10.723 67.913
122.83 -16.85 65.42
123.91 -18.974 64.653
121.24 -17.666 71.509
122.63 -22.258 73.437
119.81 -17.539 79.864
120.11 -23.25 81.595
116.51 -16.813 87.285
118.23 -27.435 78.956
119.19 -31.906 79.956
121.26 -23.867 63.643
121.7 -20.558 64.393
117.44 -29.328 91.153
117.48 -32.328 89.324
116.98 -26.363 91.364
113.37 -17.432 93.91
114.67 -22.493 94.753
115.59 -24.269 97.327
102.21 -18.536 90.997
89.781 -14.221 97.304
91.951 -17.945 108.95
78.924 -12.625 96.816
76.091 -13.057 107.41
109.81 -6.652 65.439
112.56 -7.2624 65.566
117.02 -8.0721 65.344
111.08 -8.6864 65.667
113.96 -9.5571 65.93
119.17 -12.897 65.455
111.91 -10.334 67.028
115.12 -12.005 67.11
119.71 -14.461 66.05
108.97 -7.4504 71.133
112.98 -8.0189 71.624
117.98 -8.4853 72.487
110.65 -12.363 73.121
114.57 -13.25 72.629
119.96 -14.778 72.393
110.76 -13.156 73.046
114.99 -14.852 72.39
119.88 -16.056 71.335
108.84 -7.3736 76.545
113.16 -7.6811 77.573
118.37 -8.3132 78.867
109.51 -12.816 79.886
114.9 -13.827 79.747
121.16 -15.308 79.696
109.2 -13.914 80.101
113.92 -15.464 80.049
119.41 -16.147 79.497
108.64 -7.4913 82.869
113.34 -7.8372 84.871
118.45 -8.8939 86.826
109.41 -12.616 85.238
113.62 -12.944 85.781
120.09 -14.408 87.296
109.09 -13.893 85.875
111.54 -14.419 86.18
116.55 -15.572 86.919
106.07 -6.8937 90.27
110.31 -7.293 92.77
114.25 -7.7103 95.53
106.42 -11.501 88.33
111.08 -13.953 90.967
116.15 -14.429 93.527
107.06 -12.777 88.279
108.79 -14.589 90.913
112.9 -16.402 93.35
89.807 -6.0063 99.494
91.238 -6.1693 104.2
92.676 -6.3405 108.89
90.172 -11.089 99.125
91.134 -11.845 103.72
92.375 -12.657 108.86
90.186 -14.862 101.38
91.172 -16.506 105.1
91.793 -16.06 108.23
79.699 -4.7796 97.973
79.411 -4.6933 102.33
78.842 -4.5576 106.66
79.315 -9.1725 98.844
78.688 -9.4244 103.18
78.076 -9.6875 107.55
77.901 -10.75 100.49
77.364 -11.118 103
76.243 -11.336 105.52
85.804 -5.1059 60.658
84.857 -3.7202 63.183
86.17 -8.7063 61.442
84.203 -6.5728 63.782
85.591 -2.7854 67.455
84.615 -6.3234 67.869
85.92 -4.481 71.111
86.266 -6.2814 73.497
85.955 -4.5599 74.235
87.213 -7.3228 77.272
86.083 -5.0164 77.368
87.425 -7.6861 79.767
86.029 -5.6898 80.514
89.067 -8.7328 83.601
86.182 -12.831 64.92
85.39 -9.0678 69.159
86.527 -13.544 74.674
85.94 -14.134 71.357
88.45 -12.295 80.817
89.546 -12.733 86.093
89.878 -6.0941 85.294
91.333 -8.5931 86.693
94.164 -15.482 89.929
93.425 -6.2717 88.828
96.421 -6.253 92.416
109.49 -7.3303 106.96
112.81 -7.6167 111.67
95.229 -11.087 89.929
97.626 -10.606 92.8
111.09 -15.742 105.03
113.38 -17.121 110.15
99.722 -18.238 94.929
99.657 -13.358 96.186
104.43 -22.287 100.63
103.85 -16.624 100.37
109.49 -21.759 106.34
109.06 -16.68 103.05
99.696 -6.527 96.044
102.96 -6.782 99.683
106.22 -7.053 103.33
101.31 -12.028 94.614
105.29 -13.411 98.531
109.58 -14.369 103.78
101.11 -13.802 96.941
104.57 -15.368 99.742
107.83 -15.601 103.06
73.626 -4.01 90.524
73.084 -8.5748 93.322
71.21 -10.889 97.172
68.648 -14.141 101.33
65.382 -12.149 108.17
64.538 -7.0459 110.82
64.431 -2.9186 110.99
72.331 -4.1735 94.587
71.056 -8.3879 97.025
70.683 -10.94 98.148
68.524 -12.874 101.59
66.075 -10.428 106.78
65.658 -5.539 108.8
65.867 -3.3408 106.74
70.977 -4.3843 97.895
69.54 -4.1734 101.01
67.703 -4.0046 103.87
70.285 -7.3577 99.689
68.92 -6.7881 102.76
67.509 -6.2572 105.89
70.422 -10.026 100.22
69.793 -10.602 102.94
68.574 -9.2953 105.71
63.441 -3.3119 96.866
62.913 -6.1728 97.987
62.629 -9.0906 99.239
59.358 -10.125 101.53
58.469 -9.9922 104.61
57.653 -5.821 105.32
57.433 -2.5328 105.25
65.471 -3.9205 96.991
65.883 -6.5382 97.86
65.504 -9.2023 99.131
61.863 -9.7752 101.08
59.736 -8.9953 104.68
59.833 -5.0942 104.96
60.937 -2.6627 104.86
67.427 -4.4588 98.18
67.036 -6.0799 98.443
67.21 -8.235 99.28
64.661 -8.3683 101.37
64.28 -7.7891 103.86
64.057 -4.5496 103.84
64.814 -3.8577 103.53
64.231 -3.7207 100.35
64.027 -4.6425 100.59
59.691 -2.6058 100.57
56.496 -2.9306 100.17
59.804 -5.2679 100.58
56.507 -6.0626 101.02
76.235 -6.4066 63.204
75.412 -5.7684 65.035
76.181 -5.0029 68.253
77.549 -6.0015 72.359
78.47 -5.8512 77.053
78.975 -5.6725 80.411
77.905 -6.0425 83.177
78.222 -8.1824 66.408
77.522 -6.4173 69.093
79.357 -8.0045 71.982
78.999 -8.4752 69.486
81.454 -7.8857 80.722
80.82 -8.7746 85.274
76.914 -7.4852 86.939
77.019 -9.7226 89.872
79.002 -6.7724 62.289
79.084 -6.4443 64.395
79.61 -5.849 68.303
80.36 -5.7342 72.44
81.879 -6.045 77.684
82.093 -6.0315 80.76
82.377 -7.1036 83.735
80.929 -9.4095 65.406
80.274 -7.7308 68.691
81.59 -9.4645 72.635
81.379 -10.379 69.503
82.586 -8.7989 80.609
82.976 -9.2449 84.99
82.084 -8.0743 87.233
81.762 -11.123 89.551
78.419 -4.6676 61.66
77.729 -3.1526 64.418
73.248 -4.0984 61.802
74.072 -2.5898 64.899
78.089 -2.3486 67.914
74.145 -1.7215 68.305
78.405 -3.411 71.079
74.084 -1.6467 71.2
78.721 -3.4749 74.056
74.061 -1.7466 74.099
78.972 -3.7278 77.019
74.315 -1.5662 77.176
79.201 -4.0704 79.629
74.706 -1.8682 79.673
79.476 -4.9606 85.766
75.372 -2.7066 85.76
116.66 -20.371 106.12
112.29 -22.989 103.03
107.13 -23.665 99.831
100.23 -18.995 93.976
97.183 -17.522 92.182
111.8 24.035 89.852
111.76 25.292 89.176
111.44 28.331 88.015
111.95 22.628 87.761
113.02 21.968 82.252
114.99 20.985 74.094
117.44 15.562 64.6
113.03 30.48 78.044
114.97 19.119 62.901
113.63 24.797 77.043
115.49 14.981 62.759
110.63 15.682 86.273
112.93 16.591 79.618
115.21 16.238 72.277
116.58 13.552 65.833
100.76 18.541 86.467
104.01 22.058 85.351
103.86 23.681 84.049
100.66 12.811 82.509
102.1 13.267 79.056
104.15 13.759 73.064
107.87 8.3671 65.04
104.75 25.637 76.283
108.34 12.252 61.731
104.63 19.224 75.718
107.09 9.184 61.734
103.9 11.787 84.056
105.49 11.638 79.877
106.82 12.533 73.219
109.98 8.7812 66.466
98.364 10.739 61.465
95.393 8.1552 62.412
96.005 7.5134 66.474
95.462 9.3587 73.141
95.442 9.6391 77.954
95.674 8.9305 80.725
123.41 16.686 89.232
126.6 17.959 81.017
127 18.422 71.553
127.72 17.894 66.897
125.78 20.611 91.64
127.79 21.849 83.119
129.04 21.504 73.771
129.57 20.492 67.924
96.481 20.3 78.892
97.157 20.838 70.536
95.409 12.955 72.202
95.471 17.268 79.355
96.371 15.606 83.567
90.531 9.6146 61.2
88.279 7.1958 63.251
88.822 6.7838 67.57
88.981 10.538 70.334
90.258 15.578 66.621
89.396 7.9824 73.575
90.009 8.526 76.915
89.725 14.715 75.907
89.577 17.089 73.557
90.475 8.319 79.573
90.874 13.435 81.459
127.47 26.274 65.181
127.56 22.524 66.47
125.36 32.642 81.077
125.82 26.601 79.776
123.57 27.899 88.293
124.36 32.748 86.698
123.16 25.382 91.521
118.81 17.92 95.43
122.54 19.729 98.166
107.82 15.7 90.963
102.91 11.471 87.253
99.451 12.343 85.107
95.393 9.382 84.197
92.037 8.838 82.773
108.4 21.843 92.984
99.219 17.121 89.702
110.35 24.07 95.708
95.783 15.858 88.328
91.968 13.314 85.153
121.66 22.594 98.581
82.568 7.6864 61.758
81.888 6.5283 64.095
82.174 6.1811 68.022
83.406 5.6991 73.61
84.555 6.3564 77.557
85.125 6.5419 80.516
85.572 7.3693 84.054
83.644 11.255 64.35
83.133 8.2668 68.807
84.293 11.818 73.71
83.802 12.594 70.441
86.245 10.743 81.038
86.842 11.347 85.617
86.707 8.1186 87.314
88.067 13.086 89.885
124.36 8.7673 99.126
118.26 8.5279 98.131
126.81 9.22 89.984
123.61 9.3933 88.74
127.4 9.821 80.96
123.89 9.4234 80.425
126.53 9.8029 72.214
122.84 9.3918 72.996
99.223 7.1087 80.008
103.82 7.6002 81.14
104.54 7.1742 75.784
100.97 6.9472 75.323
105.68 7.2697 71.021
102.31 6.6675 71.149
107.65 6.128 65.174
106.88 5.617 64.752
107.73 6.3561 58.68
98.136 5.7148 59.41
107.79 6.5461 60.359
96.287 4.9545 62.021
96.744 4.1163 65.82
96.188 5.506 70.65
95.768 6.1719 74.638
94.936 6.4476 78.749
124.8 9.4439 65.266
121.07 8.8628 65.242
90.832 5.3315 60.213
89.006 4.2358 62.704
89.95 3.3338 66.831
90.353 5.0638 71.064
90.508 5.5763 74.494
90.204 5.9105 77.765
101.98 6.5738 87.672
97.152 6.8615 84.872
93.577 6.6211 83.101
89.379 6.226 81.461
82.098 4.9097 61.207
81.218 3.4535 63.874
81.532 2.5622 67.651
81.893 3.8741 71.081
82.409 4.0103 74.14
82.491 4.2923 77.144
82.616 4.8399 79.821
84.976 5.5606 85.745
86.76 5.7827 89.383
87.441 9.824 90.652
92.063 21.338 103.56
94.427 14.009 116.05
95.334 6.6949 116.72
88.359 5.8691 94.776
93.618 6.4931 113.48
89.024 10.295 94.272
92.056 19.011 105.19
93.507 13.38 112.71
79.968 5.2237 89.691
80.985 8.9855 90.951
78.1 16.398 101.69
76.77 9.8399 114.88
77.227 4.1517 115.38
79.764 4.8678 93.603
78.356 4.432 111.01
79.693 9.7685 95.036
77.855 14.609 102.03
77.493 9.5158 111.84
103.4 17.554 88.672
104.73 13.528 88.298
118.02 23.497 88.988
104.76 17.948 85.806
80.195 13.302 96.338
76.226 15.696 110.49
90.816 16.093 95.458
93.748 18.973 111.4
108.5 28.124 77.039
108.53 22.249 75.603
110.54 11.466 62.739
110.67 16.01 62.593
107.48 25.634 86.507
107.93 23.973 87.957
109.67 18.07 73.879
112.29 13.349 65.156
107.04 18.085 81.401
105.43 21.241 88.092
105.9 13.82 85.999
107.54 13.563 79.854
109.18 13.553 73.486
110.66 10.723 67.913
122.83 16.85 65.42
123.91 18.974 64.653
121.24 17.685 71.506
122.63 22.278 73.432
119.81 17.578 79.861
120.11 23.294 81.583
116.5 16.87 87.28
118.24 27.475 78.934
119.2 31.947 79.926
121.27 23.867 63.633
121.7 20.558 64.393
117.44 29.391 91.129
117.48 32.387 89.294
116.97 26.426 91.346
113.35 17.496 93.902
114.65 22.559 94.742
115.57 24.336 97.315
102.19 18.597 90.991
89.749 14.257 97.306
91.905 17.984 108.94
78.873 12.618 96.825
76.03 13.029 107.4
109.81 6.6519 65.439
112.56 7.2691 65.566
117.03 8.0817 65.343
111.08 8.6863 65.667
113.96 9.5549 65.93
119.17 12.902 65.454
111.91 10.334 67.028
115.12 12.005 67.11
119.71 14.461 66.05
108.97 7.4801 71.136
112.98 8.041 71.628
117.98 8.5094 72.49
110.64 12.393 73.124
114.57 13.28 72.63
119.96 14.799 72.394
110.76 13.19 73.044
114.98 14.881 72.385
119.88 16.075 71.333
108.84 7.4171 76.546
113.16 7.7234 77.574
118.36 8.3527 78.868
109.5 12.871 79.882
114.89 13.871 79.744
121.15 15.347 79.694
109.19 13.967 80.096
113.92 15.508 80.046
119.4 16.185 79.495
108.64 7.5506 82.867
113.34 7.893 84.869
118.44 8.9495 86.825
109.4 12.674 85.235
113.61 13 85.778
120.08 14.463 87.294
109.08 13.955 85.871
111.53 14.479 86.175
116.54 15.629 86.915
106.06 6.9574 90.267
110.3 7.3583 92.767
114.24 7.7774 95.527
106.4 11.567 88.326
111.07 14.017 90.961
116.14 14.494 93.522
107.05 12.842 88.271
108.77 14.654 90.907
112.88 16.466 93.343
89.792 6.0428 99.494
91.221 6.2081 104.2
92.658 6.3831 108.88
90.145 11.128 99.125
91.104 11.883 103.71
92.342 12.699 108.85
90.148 14.897 101.37
91.129 16.542 105.1
91.749 16.098 108.22
79.681 4.7805 97.977
79.391 4.6888 102.33
78.822 4.5508 106.66
79.278 9.166 98.849
78.646 9.4111 103.18
78.031 9.6716 107.54
77.854 10.735 100.49
77.315 11.098 103
76.19 11.309 105.52
85.809 5.1908 60.663
84.859 3.8066 63.185
86.178 8.7887 61.445
84.207 6.6584 63.787
85.592 2.8725 67.458
84.615 6.415 67.875
85.92 4.5718 71.115
86.266 6.3722 73.5
85.954 4.6493 74.237
87.21 7.4063 77.275
86.082 5.0987 77.37
87.423 7.7623 79.768
86.027 5.7632 80.517
89.062 8.7981 83.604
86.194 12.912 64.928
85.39 9.1597 69.166
86.527 13.642 74.674
85.94 14.231 71.357
88.451 12.365 80.82
89.534 12.789 86.1
89.873 6.156 85.295
91.323 8.653 86.696
94.145 15.536 89.931
93.418 6.3289 88.827
96.412 6.3097 92.415
109.48 7.404 106.95
112.79 7.6974 111.67
95.216 11.146 89.929
97.612 10.664 92.797
111.06 15.814 105.02
113.35 17.202 110.14
99.697 18.29 94.925
99.636 13.415 96.181
104.4 22.344 100.62
103.83 16.683 100.37
109.45 21.827 106.32
109.03 16.749 103.04
99.685 6.5874 96.042
102.95 6.8451 99.68
106.21 7.1214 103.32
101.3 12.087 94.609
105.27 13.475 98.525
109.55 14.44 103.78
101.09 13.861 96.935
104.54 15.43 99.734
107.81 15.669 103.06
73.609 3.9992 90.535
73.045 8.5442 93.332
71.155 10.837 97.179
68.567 14.059 101.32
65.298 12.043 108.14
64.493 6.9422 110.81
64.412 2.826 110.98
72.309 4.1355 94.59
71.013 8.3302 97.028
70.628 10.879 98.152
68.445 12.791 101.59
66.006 10.328 106.76
65.62 5.4448 108.79
65.844 3.2433 106.73
70.954 4.3256 97.894
69.518 4.0999 101.01
67.68 3.9164 103.87
70.246 7.2931 99.689
68.882 6.7138 102.75
67.473 6.1727 105.88
70.368 9.9582 100.22
69.731 10.529 102.94
68.517 9.2141 105.7
63.427 3.174 96.851
62.877 6.0446 97.978
62.572 8.9437 99.229
59.24 9.93 101.5
58.396 9.802 104.55
57.595 5.654 105.29
57.414 2.3416 105.25
65.453 3.8101 96.982
65.845 6.4398 97.86
65.447 9.0909 99.131
61.777 9.6168 101.06
59.667 8.8238 104.64
59.801 4.9268 104.95
60.925 2.5047 104.86
67.405 4.3685 98.176
67.005 5.9856 98.44
67.163 8.143 99.282
64.609 8.2517 101.36
64.229 7.6706 103.85
64.025 4.4238 103.82
64.792 3.7379 103.53
64.212 3.5959 100.34
64 4.5084 100.59
59.692 2.3958 100.56
56.48 2.6659 100.15
59.798 5.0689 100.56
56.546 5.7319 100.94
76.235 6.5043 63.204
75.412 5.8661 65.035
76.181 5.1006 68.253
77.552 6.0996 72.361
78.474 5.9372 77.058
78.975 5.7522 80.421
77.901 6.098 83.192
78.222 8.2801 66.408
77.522 6.515 69.093
79.357 8.1022 71.982
78.999 8.5729 69.486
81.457 7.9575 80.734
80.807 8.8205 85.29
76.896 7.5086 86.955
76.987 9.7289 89.889
79.004 6.8678 62.292
79.086 6.5404 64.397
79.61 5.947 68.305
80.361 5.8312 72.441
81.881 6.1279 77.689
82.093 6.1033 80.767
82.373 7.161 83.745
80.935 9.5027 65.41
80.274 7.8287 68.693
81.59 9.5622 72.635
81.379 10.477 69.503
82.589 8.869 80.62
82.964 9.2965 85.004
82.07 8.1155 87.245
81.734 11.153 89.567
78.421 4.7647 61.663
77.73 3.2496 64.42
73.248 4.1961 61.802
74.072 2.6874 64.899
78.09 2.4463 67.915
74.145 1.8191 68.305
78.406 3.5089 71.08
74.084 1.7444 71.2
78.723 3.5686 74.057
74.061 1.8443 74.099
78.973 3.8141 77.024
74.315 1.6639 77.176
79.201 4.1472 79.635
74.706 1.9659 79.673
79.469 5.005 85.774
75.368 2.7377 85.768
116.63 20.448 106.11
112.26 23.057 103.02
107.1 23.725 99.818
100.21 19.049 93.971
97.166 17.577 92.177
102.78 0.031187 80.005
103.78 0.024848 74.624
104.23 0.017164 69.907
107.61 -4.4137e-05 65.175
106.37 -4.4137e-05 64.934
106.27 -4.4137e-05 60.378
105.96 -4.4137e-05 57.173
98.229 0.034372 78.619
99.063 0.030227 74.072
100.03 0.025501 69.839
95.772 0.031997 69.966
97.073 0.028107 65.786
97.976 0.023023 61.678
98.041 0.021515 59.078
95.127 0.035743 73.491
94.186 0.036884 77.421
121.09 0.028579 88.138
121.65 0.019965 79.78
119.52 0.012164 72.205
115.85 0.0081963 64.87
124.92 0.012172 72.321
118.6 0.0074077 64.724
90.511 0.035636 59.641
90.167 0.03568 62.384
89.904 0.038439 66.586
90.096 0.040171 70.179
90.182 0.040586 73.269
89.928 0.040065 76.626
88.994 0.036218 80.936
92.946 0.034607 82.853
96.882 0.032635 84.878
100.78 0.032462 87.428
116.31 0.035432 97.81
122.87 0.03665 98.343
81.583 0.045994 63.597
81.391 0.047245 60.868
81.59 0.047297 67.146
81.498 0.047558 70.448
81.492 0.04638 73.262
81.431 0.042919 76.577
81.49 0.037896 79.456
84.35 0.031588 83.418
86.825 0.024382 88.383
94.576 0.027246 116.44
88.264 0.020418 93.41
93.799 0.025396 113.42
79.691 0.018128 87.782
77.728 -0.0042324 114.34
80 0.0081284 92.352
78.242 -0.0046605 110.57
109.64 0.0039592 65.191
111.27 0.0062545 65.113
113 0.0071542 65.016
108.25 0.012188 70.502
111.65 0.012735 71.107
115.35 0.011647 71.641
107.49 0.023156 75.773
112.24 0.01973 76.974
117.16 0.019952 78.622
107.38 0.028604 81.763
111.99 0.027715 83.814
116.5 0.027696 86.131
104.21 0.033105 89.717
108.07 0.03297 92.568
112.25 0.034074 95.045
89.665 0.019685 98.385
91.044 0.020113 103.39
92.423 0.022227 108.42
79.781 0.00098797 96.948
79.52 -0.0021204 101.53
79.011 -0.0037825 106.06
85.794 0.044378 70.629
85.93 0.043795 66.972
85.88 0.042879 60.304
85.925 0.043176 62.996
85.847 0.044452 73.151
85.6 0.042465 76.414
85.32 0.037754 79.917
88.344 0.034381 83.015
92.73 0.031418 87.382
95.832 0.030225 91.586
108.14 0.03581 107.53
111.68 0.040847 112.34
101.45 0.030253 99.293
104.54 0.032182 103.52
73.149 -0.0067616 90.238
64.41 -0.048105 109.69
71.985 -0.021067 94.708
66.155 -0.046636 106.74
70.856 -0.028525 98.345
69.597 -0.035274 100.9
67.877 -0.042995 103.82
64.471 -0.064815 95.489
57.177 -0.10292 104.88
65.6 -0.05657 97.307
60.977 -0.083516 104.29
67.024 -0.04869 98.571
65.361 -0.056702 103.11
65.18 -0.060712 100.55
60.938 -0.090421 100.28
56.732 -0.11615 99.594
125.85 0.030732 90.218
126.35 0.021386 81.114
98.36 0.028835 95.091
71.502 0.048837 61.578
72.513 0.048837 64.2
72.629 0.048837 67.793
72.915 0.048837 71.038
73.117 0.048837 73.808
73.328 0.048837 77.079
73.458 0.048837 79.544
75.103 0.019868 85.338
77.477 0.048715 63.94
77.609 0.048785 61.102
77.405 0.048722 67.484
77.372 0.049075 70.819
77.293 0.04819 73.697
77.649 0.046868 76.84
78.168 0.042089 79.515
79.372 0.028653 83.596
151.84 35.891 125
151.84 -35.891 125
