113.53401570146993 -23.806327438112604 88.174782291657
113.42564847280997 -24.941399687267882 87.55533774794095
113.00660781546891 -28.092509213914465 86.323318315955
113.58171444471805 -22.363118201886707 86.1656055568819
114.48120280896168 -21.529411859276976 80.44461718031899
116.68300128826587 -20.61134730501392 72.00955009568015
120.39203904375897 -15.562001527632782 62.296791905244326
113.97839635964772 -29.635625572214987 76.10127348856223
117.55099761049928 -18.749458866031254 61.08979523073787
114.96709198421205 -24.127713601369415 75.17831841063446
118.44569582577813 -14.981100312728564 60.452924592680105
112.50235736539669 -15.460923824626532 84.65891621330613
114.4483499618959 -16.433348049887375 77.69328668887033
117.17104395829969 -16.121733334488436 70.20347293100265
119.52759281719148 -13.552100779608804 63.528978142980264
102.40423591003413 -18.17625071247083 86.13004547438183
104.89977029214262 -22.00899775006451 85.94657173570384
104.74781127794986 -23.631697750070867 84.64508931247066
102.52318862412851 -12.607804913828929 81.52889163835287
103.6986584488954 -13.270591476808898 77.895302568388
105.84785658888147 -13.628248632040563 71.83541614245615
110.82318806162726 -8.367144590703388 62.71859719370838
105.6913788378949 -24.44442421202172 75.91709957939023
111.29875331907262 -12.252195269524838 59.41033510442345
105.89153127452776 -18.72682644102277 75.06590586592027
110.04575164611586 -9.184004366702437 59.41104749857279
105.8296194771718 -11.639656761427828 82.71999202769733
107.22062301521815 -11.488381969271423 78.42840205802464
108.58932650546596 -12.493601564939814 71.31219046203267
112.92735370182204 -8.78124596139393 64.1483769611607
100.09086711138161 -10.514631066399852 60.8910105554421
97.40091595975323 -7.632823343045823 62.27774204278406
98.0159056816061 -7.27669502070381 66.09255870324785
97.12683437842524 -9.412120801829207 72.6376974882684
97.35294637289685 -9.563730427519085 77.02007711409004
97.58766288700902 -8.674130386632855 79.85494153355766
125.25778519787853 -16.687566683468635 87.11436882416096
128.24375886870797 -18.065196864896485 78.8447745902838
129.21851282743577 -18.760234055775037 69.31499765590542
130.6654564242764 -17.893908693766786 64.61469012436767
127.67938932782064 -20.73395748842014 89.43237870619161
129.3642089613613 -21.95134267191835 80.89035667262192
130.98463284019658 -21.830867594202893 71.55081312944102
132.51441125014097 -20.49200992109338 65.64586272120884
97.37368809724786 -20.251597750137492 79.48238099548395
98.65779257009171 -19.94726105685018 71.00426966729688
96.89367920884354 -12.975780249845863 72.21646646286146
96.36280671379235 -17.218797750141746 79.94393181458072
98.03591884413032 -15.199963570001014 83.29115006240475
92.0025164481037 -9.360451739355542 61.4810910588452
89.7914821777919 -6.902618677530479 63.61241520658359
90.27436416740687 -6.8415499722017845 67.85425284290328
90.27774838459256 -10.673047867539559 70.68849480167141
91.84859655339133 -15.193168258595078 67.38801010613682
90.89716959225149 -8.00412883607334 73.41849183567605
91.69578449820499 -8.333561018796763 76.46217552094271
90.6203321783481 -14.665697750191262 76.49246145254266
90.47407553867068 -17.04019775020196 74.14199051987842
92.24100241372723 -8.014012745655874 79.12224283876435
92.53813023565544 -13.070163490381441 81.39368579018512
129.71533209123115 -26.4903348038632 63.23245965476445
130.50730102518932 -22.523608623246194 64.18737581063831
126.23679208685138 -32.50000648201587 78.85058907861368
127.02852085398455 -26.66055843824056 77.5877662539318
125.07606480304494 -27.884705722512702 86.12304686177448
125.54572566966803 -32.92325594948759 84.3648814389787
124.8863997436671 -25.44691956309103 89.26859771820664
120.98890388654618 -17.885352062971943 93.47098579475788
124.82839392609475 -19.73530843459415 96.00997782262698
109.91114138747403 -15.484138374238194 89.63540160334277
105.06512360014639 -11.197767302796546 86.04436001472844
101.45353366388909 -11.932174866973046 84.27628587954933
97.3947098360023 -8.977206627240019 83.58041396468667
93.9310014793027 -8.442573058789733 82.2945816212324
110.468809001381 -21.67544062198123 91.67298274471251
101.15528741494576 -16.82521536235304 89.07862073348613
112.5295664323652 -23.961327579279093 94.22751691822974
97.74631158738526 -15.492244156884151 87.84953543410595
93.85376266580005 -12.978369626020891 84.81771423431677
123.9567743496753 -22.610540090916878 96.50148109940731
83.81490857340889 -7.507651852131839 62.411556496861216
83.10176496476305 -6.415331737851319 64.80655154829111
83.30477199145345 -6.234695666080461 68.52020193286867
84.66810955450649 -5.693405946321209 73.69983698751838
86.10310845469638 -6.129076127699534 77.36165968149078
86.80898301722465 -6.255072709750099 80.33297143081737
87.38911409179177 -7.0825392718222995 83.87812785496111
85.10681050671093 -11.125049527578106 65.092917143982
84.20093124491302 -8.31379014109322 69.28949848762794
85.18920669802438 -11.769197750233651 74.29119637599601
84.70105461818817 -12.545197750250273 71.02198504037915
87.96817602382131 -10.439117381094643 80.96869547952531
88.72707244601699 -11.098558289544266 85.39126705854886
88.64150215825555 -7.88735965627793 87.06469779631102
90.12508733392949 -12.865097730794835 89.5350812099078
126.78068565120859 -8.754169910206068 96.95882201377533
120.64662310218878 -8.470199669058104 96.22635212008944
128.82137867184412 -9.235353657782829 87.7598956888778
125.54330343932234 -9.389943926556912 86.63017091015689
129.1940815415587 -9.937480443744068 78.92655765468677
125.64955955531767 -9.499973924580118 78.37385254707797
128.71742179409958 -9.968027327138602 70.41203193597465
124.96690964220944 -9.567412657175803 71.09854433038483
101.10600971767781 -7.0366321203105375 78.78810986753251
105.74646326712032 -7.497201408391633 79.62269416335933
106.40834006165883 -7.19960022049574 74.0822405008667
102.97409626318772 -6.8905763784204614 73.99514404902769
107.73954696263681 -7.2672144976359805 69.05905351965909
104.43796492177145 -6.61609119254877 69.53867394020584
110.6001235789666 -6.128067416391978 62.85242442891093
109.82946455461985 -5.617021904266624 62.428193731348316
110.6973139498299 -6.35613914630961 56.358764587614594
100.25172269318013 -5.317738400329353 59.128399571093915
110.75098234294538 -6.546149014422851 58.03708444920236
98.51549530847403 -4.761831404203465 61.81605082963827
99.01661468593194 -4.049466665570448 65.20853267649943
98.18460186259384 -5.4520547975951015 69.8521818714849
97.62430341045764 -6.096852224337415 73.8513618614005
96.8385501082176 -6.380002694244918 77.83826173260178
127.32757718867099 -9.420101961560409 63.616200250999064
123.67113192061647 -8.967724643395806 63.534758509759726
92.57943834884546 -5.17048635273707 60.64464837761089
90.55259116422617 -4.077040632935486 62.984722646789294
91.60064367781641 -3.1769580943274875 66.9367738309605
92.02384160958526 -5.070714345765839 70.89776620738597
92.20879566647646 -5.554984225458739 74.08358882437224
91.97049849123812 -5.759304354143617 77.26009059222869
104.1595272245697 -6.3782548539068245 86.41805837984391
99.29950983302165 -6.6204482867006025 83.9002144319661
95.54202138775453 -6.332867548905499 82.40894871551173
91.23173814724873 -5.963834277920045 80.99453585318871
83.33919263737852 -4.823067428335391 62.01090106822839
82.39050112585115 -3.4022529846325678 64.5572091568568
82.69311999096607 -2.5219874590036166 68.12221147033797
83.09890354520859 -3.8836505724779538 71.3384776972904
83.7073162392956 -3.9537899930877045 74.19834572693215
83.94280080788005 -4.082979848892834 77.08751230604216
84.18585982604947 -4.588887420657831 79.75207045512373
86.81609227738717 -5.35376332979445 85.5389934962748
88.74220990215201 -5.614304652929982 89.07573009250679
89.4720569681655 -9.640717935337046 90.33913522863587
94.65817621570689 -21.264741587979604 102.91445087964466
97.58314279587631 -13.938798766125501 115.33211753437925
98.51594862414906 -6.637084874327745 115.97050859740031
90.51438630358264 -5.763052058659286 94.45576453019443
96.64205822828293 -6.440735893426505 112.81016660126765
91.16076949455412 -10.15713278912689 93.87589313125527
94.728312259243 -18.927410820960652 104.56620789852275
96.51830148575749 -13.31472892381445 112.04854209047284
81.82533647295182 -5.170388667995842 89.69574444514292
82.92679373906556 -8.850633280130703 90.84231669075947
80.57914302090717 -16.22384671813862 101.77873247288989
79.7997330855533 -9.804202455356265 114.92854139591537
80.25635554704161 -4.147641353927431 115.39740496271038
81.72536557982387 -4.825119448440771 93.52059206494019
81.18913333422131 -4.414612530150313 110.99191418373256
81.75876485945963 -9.678122386226052 94.963247623915
80.3185421096669 -14.46825782813971 102.0814377919114
80.37495772597515 -9.478757790555752 111.8543805217314
105.34521468000423 -17.27313730738916 87.85629238088976
106.83756000420667 -13.246162198985749 87.06410754314363
119.69051855611774 -23.353752493809065 87.02049045251694
106.43574114993407 -17.73073937825741 84.8875690582705
82.37154557073615 -13.19658743298276 96.24587959632869
79.06619467414292 -15.657135125479218 110.54470044645983
93.0675489392088 -15.91638319455756 94.95219846573339
96.71784262932486 -18.88362772110822 110.73656625020881
109.2375501267357 -26.90061735071816 76.03666155903746
109.71640980348472 -21.540963230292462 74.3459859757405
113.4933487498307 -11.46629674779302 60.42262343475998
113.63093454893898 -16.010006861705126 60.27713673324893
109.0933876271866 -25.183604839301694 84.99068073653791
109.2854315953067 -23.64720681406078 86.95074303695193
111.1748845947827 -17.635479337267792 72.23301722005256
115.23944457012486 -13.348997759754996 62.843834514676104
108.42078684335584 -17.888107381014052 80.41724113941301
107.10558776116058 -21.045499932146075 87.38760963283804
107.76120094589633 -13.618476944281792 84.66281411546028
109.23427871394459 -13.41872727418177 78.2741559556529
110.82867703555016 -13.427968255641053 71.5608788810938
113.60397775967063 -10.722936301656626 65.59713315910119
125.77949799717443 -16.849665324625768 63.12836813817614
126.86301769438613 -18.97399618303582 62.363107707498386
123.43365799160415 -17.655092760455265 69.18275043414724
124.60003714526303 -22.21062125432892 71.07772739934812
121.4463444433581 -17.51129403267741 77.70687261608434
121.64369686530777 -23.066447187624473 79.44991899858512
118.26500878555363 -16.72738979823505 85.33788856545462
119.48237231536434 -27.004974132953762 76.78122830319452
120.18881289339704 -31.484002731275904 77.70540264248632
123.8261987604274 -23.64872460460174 61.407505609313986
124.65373650791472 -20.55820461815789 62.09898178129747
118.8209416141605 -29.245154580833056 89.15965107425032
118.73305810852142 -32.19732834176421 87.13366543389628
118.7085693490399 -26.299357123470408 89.43373727959124
115.51961333474169 -17.37740098617196 92.2486729235907
116.765029760573 -22.455986699845887 92.99581819868199
117.78249774896237 -24.259520272358095 95.52564227833895
104.2370097384265 -18.349737953752115 90.1751868833637
92.05296840822442 -14.116590012999211 96.84356983741392
94.75861297644408 -17.902524590010373 108.35769525131766
81.05354065212664 -12.507465356953787 96.79743283382999
78.72339178184755 -12.94351461218013 107.50267262982547
112.76149375313838 -6.651936946270859 63.12128547515797
115.04466071234997 -7.152698015686749 63.617860410616935
119.38272803383835 -8.002737504687584 63.53736136784021
114.03453763981865 -8.686332840057208 63.35158321473919
116.64913303859562 -9.459146557886722 63.801173289328865
121.92486938225052 -12.901158522145776 63.381178715515475
114.86273171120098 -10.33443729819875 64.71495009067434
118.06576251299414 -12.004859596961209 64.8027586634977
122.65745467975388 -14.460993011866595 63.75247165948288
110.83875674100716 -7.600019516227074 69.13092340478214
114.89251865951618 -8.11011228063541 69.75081880661241
119.98311817017978 -8.606310979697776 70.56453651917333
112.44569473588533 -12.33694968914055 71.12748409768959
116.50257025825826 -13.339906095389027 70.55630421099588
122.08517844692749 -14.795805668041002 70.188371970071
112.54493405612968 -13.083685469736547 71.08895482912308
116.86477944835066 -14.895438099365313 70.28501694314306
122.06451973949518 -16.039255483263787 69.08817364975107
110.65428575292384 -7.419063923169117 74.63732655478357
114.92724415886772 -7.77523788180688 75.58196449663376
120.15092782425505 -8.411931294574643 76.84160424546475
111.18588940503497 -12.771342383819583 78.09667066377055
116.59182610670227 -13.792552118628489 77.7170199503597
122.83029822542206 -15.358205769602062 77.54596048255698
110.82496477095012 -13.828704118479578 78.36524761954493
115.57883819199331 -15.374892532836725 78.08706231416724
121.01447868655843 -16.139542976383716 77.36231582271323
110.54640997460321 -7.46166400559185 81.09353894791816
115.23006986258093 -7.816097304985263 82.97550129179238
120.31964415635451 -8.906895334067313 84.83464333886414
111.30667971372691 -12.514295516984568 83.59970509171865
115.44558756386253 -12.88339946175364 83.91529677897768
121.88995070302538 -14.418824402369113 85.26436002582838
110.98561134917075 -13.775576414016236 84.3026435287444
113.36343523822242 -14.311263594895985 84.43676103461851
118.35017428504949 -15.518521637912364 84.99228369675694
108.26531815273613 -6.7862809555471655 88.83868259583622
112.51753585794096 -7.241714825469673 91.16228736209212
116.54029954451562 -7.690064157561928 93.78138924088418
108.474727135175 -11.363206564577254 86.926201152023
113.16054657938228 -13.84655725242534 89.37933131968713
118.28459349581343 -14.397998328358327 91.69588624754232
109.07877181569683 -12.599863929662025 86.85799935023672
110.88046650019562 -14.462133263156518 89.49777306666674
115.03153614828545 -16.30133813318996 91.71644369539001
92.16102441933685 -5.94933206161556 99.05661098578416
93.80942714672543 -6.136775887446709 103.66269550714313
95.47431565902215 -6.326834015659549 108.27485379592605
92.48906556178824 -11.011543549883939 98.6841450714707
93.6883477874301 -11.783841018403097 103.20013739098438
95.16808748800382 -12.621692559165101 108.25342930175827
92.6110266910383 -14.803403084993144 100.87152072053276
93.78554386741745 -16.451663740810574 104.5483394230638
94.54972349155972 -15.990379872787772 107.6404045327354
81.85124280012703 -4.748709426366318 97.89619034720468
81.78476725387186 -4.651442652358913 102.273176920681
81.43659804475686 -4.522486279548899 106.61946264975492
81.53168919146738 -9.08888732229658 98.77893105914266
81.11557586907824 -9.342281317046343 103.1463697701754
80.71839325705874 -9.609620650521878 107.54821319849698
80.20933328656594 -10.610881885542135 100.51681057608712
79.78903910066634 -10.998251805926989 103.04421185257978
78.78511540530842 -11.241581205309732 105.62055487839979
87.11790254066061 -5.024003922646891 61.21115749401135
86.2189146699425 -3.732908220340609 63.72611768229916
87.52170900273906 -8.588737710136312 61.910493179835875
85.55896044916919 -6.478924591880337 64.42778425261037
87.02272985013778 -2.872746616298236 67.74888863038835
85.89469092029947 -6.4369268524194005 68.27227073775094
87.2933974541887 -4.580465326048516 71.20159840277651
87.61823215632687 -6.389822256215464 73.4740818905252
87.41227585805667 -4.606877849506259 74.12424742787343
88.80844666610568 -7.2044603417612825 76.97542946239057
87.68449198061674 -4.93635902771541 77.11060541739108
89.11157881297278 -7.460440230398899 79.48769463914526
87.7318222946935 -5.509473591081502 80.25296272156797
90.9355444442264 -8.439564113231778 83.3085423588235
87.7077623717239 -12.70438273503495 65.69442036304972
86.54691295550657 -9.231350115115825 69.58382916121732
87.42267143709553 -13.593067750215969 75.25677615146273
86.83870382621612 -14.18253775023338 71.93896314806378
90.08993445392456 -12.027505185567794 80.799092397027
91.49594164078786 -12.49090562922616 85.82179535256554
91.84860951983578 -5.8749660441233384 84.85411367450685
93.35012731389992 -8.321282543767735 86.29620300065802
96.22000026799486 -15.23239508248091 89.39508403567312
95.56690069099842 -6.104260167567394 88.30208715821415
98.68088095416871 -6.115692405626838 91.65790981801577
112.29434140411188 -7.334272192836341 105.51448116342812
115.81649382550025 -7.620585491060562 110.04379994611999
97.37906843765386 -10.81980480751585 89.40814075360689
99.8965123275214 -10.387114237041148 92.11381739935166
113.7765160946656 -15.702002325656226 103.53524407359703
116.32437839882762 -17.09704751001814 108.51920872766759
101.88633880889816 -18.121009181094553 94.07684446641954
101.9521166720968 -13.242305635614281 95.36436034780294
106.89080995452454 -22.2281752521331 99.52658476448691
106.33171225353877 -16.545021633834327 99.30314179021778
112.21862131352789 -21.72719350561329 104.92338363910741
111.64034213338758 -16.638680795439168 101.67469158050443
102.0644751537745 -6.436192193745984 95.10504885717309
105.46409796938352 -6.735102954763857 98.57437574538436
108.85836454558147 -7.0338281643751515 102.0511016854287
103.63059042907797 -11.88381931342455 93.6696597462837
107.70314172101716 -13.319565524252834 97.35179345715703
112.21516631626093 -14.339402789345963 102.37057881738856
103.47771635847519 -13.681657387796173 96.03192014849233
107.02310580925193 -15.275433060757061 98.62061824385457
110.432916556119 -15.59011801471805 101.75281974600689
75.33103365052425 -3.9587470174640673 90.78773979015433
74.91279721359294 -8.50025711969832 93.65341978497378
73.25186839178926 -10.763511268937066 97.56382696308069
70.93900278250459 -14.038056933086413 101.75874604840519
67.98513068801299 -12.065778971457101 108.73844358949073
67.2836097361781 -6.998308988894366 111.45322759350819
67.19285501054476 -2.860023318237405 111.64443988974709
74.18383149246945 -4.121185094791913 94.93231620519546
73.02548433634303 -8.276953418895241 97.44216678246102
72.78670500788436 -10.820946486187767 98.55495451119813
70.81294601022138 -12.764144717545275 102.03951122863285
68.60089506119796 -10.35167278645888 107.3285905686793
68.2996466093822 -5.482564420714066 109.39456492779874
68.38067339504497 -3.2765993554840946 107.33147795517914
73.03053753950412 -4.313038111477958 98.28523171428856
71.76045830775098 -4.096871392484978 101.44458105700096
70.06518293839406 -3.9311022694020896 104.38828001636149
72.43884191300252 -7.24729687752014 100.0943272231762
71.23388126588918 -6.693203945780206 103.21808709134105
69.9872315099807 -6.184180587664638 106.38755135807237
72.6224957076371 -9.941136607740471 100.60640666100774
72.13974315398197 -10.501114983301806 103.33657508371768
71.05213901126575 -9.200435970854409 106.14863799605341
65.25459465814795 -3.1909152901983338 97.7516028044974
64.79053975177787 -5.988493145475723 98.8960681171084
64.68158162675878 -8.929422545292708 100.02989812132459
61.53007477219502 -9.94504930561247 102.4120046417831
60.824784004393976 -9.888623598871204 105.49151369384373
60.074725832970685 -5.787998877337038 106.36849617068836
59.85188031024659 -2.511549324640783 106.39597417497897
67.32349752550721 -3.800487727357755 97.73594397991215
67.80665870300297 -6.373452028037512 98.57457194915494
67.57538499063762 -9.05699165025332 99.79491303081379
64.01012262511586 -9.616979610511295 101.86003290911796
62.07936755192065 -8.89635927862427 105.5266643699259
62.17648030469329 -5.037098155856468 105.87709010448941
63.292351599518675 -2.603907943778837 105.77218893929049
69.4210400306529 -4.3484423158642524 98.78060339452954
69.03403074526345 -5.955441035908581 99.08151312317489
69.28810538482931 -8.085901837644696 99.88476291627369
66.84236253709074 -8.24748784675763 102.06125178758315
66.6092193981065 -7.708128689031152 104.54576960334232
66.36517490817131 -4.461003674466217 104.56585694435574
67.10883210326608 -3.776389014173609 104.22631651650262
66.30836794498991 -3.618025235211284 101.12310639514921
66.11903609107324 -4.535273351637942 101.36624299670211
61.689751164961066 -2.5040637509123096 101.67386283329985
58.430117837235905 -2.7712261616072467 101.49415693260353
61.75251222493734 -5.153929275959679 101.58201886800096
58.416432779659345 -5.988556859946696 101.94636177538997
77.13947628207515 -6.455476750326722 63.778928627216445
76.31518892859762 -5.8172667503241255 65.60943226146404
77.08129182165597 -5.051741750306016 68.8279388849806
78.72112622293587 -5.986051142015892 72.79273171677278
79.89723719671083 -5.689157299113634 77.29340825914662
80.47156570819625 -5.514787561852082 80.52671759815811
79.5707196228428 -5.9838561308188325 83.28738790273489
79.12363170375721 -8.231282750301217 66.98502473700484
78.42153989235698 -6.466131750294313 69.66920598228997
80.25476352417785 -8.05331575027105 72.55912543179149
79.89880662486765 -8.524061750283636 70.06312631073364
83.0818727813584 -7.6988164737004565 80.7495187782232
82.6221282948387 -8.676047053357799 85.23721849094143
78.69319600782518 -7.440641018310402 87.05368514760514
78.85683540307534 -9.643244335545804 89.99467666216201
80.06009834814817 -6.7534878264271185 63.070542327603
80.1164875615221 -6.496207799393474 65.10684262233683
80.65003828283307 -5.982218665163062 68.81624311185016
81.49718389520396 -5.805138758231191 72.75726965683822
83.34111718512976 -5.872991672509216 77.6773100073375
83.6835728275677 -5.832637868228096 80.72351839199185
84.14491955487416 -6.932344726611762 83.65847553215694
82.17897728388358 -9.411986937373305 66.08833284173292
81.21766376649138 -7.891267470756632 69.22696070866489
82.4871044931016 -9.513323750254667 73.21401971525448
82.27880122364047 -10.427697750269006 70.08193520936936
84.22154840358225 -8.612517780866641 80.6472530642271
84.81564080949938 -9.097098140648399 84.87791923171685
83.91943089502578 -7.974206908897375 87.1449810401914
83.67244554234652 -10.993921476803159 89.44230449102663
79.48330610610243 -4.693155051353941 62.48384669267679
78.7280075352577 -3.2382363447510714 65.13285570909707
74.1530516046623 -4.147224750350838 62.37520880786114
74.9750998747513 -2.6386067503328947 65.47195235450647
79.0985806479126 -2.4204772055237993 68.44382256771443
75.04516561481549 -1.770284750318257 68.87816931298752
79.48845247738875 -3.405551088086438 71.45960274205741
74.98234357132748 -1.6955367503065655 71.77311960545374
79.89993714318054 -3.3676975206678867 74.35311276903533
74.9575174576984 -1.795462750294625 74.67204318550625
80.24046415776786 -3.580678016467948 77.21032905997441
75.20844311274189 -1.6150747502802536 77.7494799801189
80.58882580077591 -3.942127454037542 79.72471640127142
75.59797202987173 -1.9170667502674539 80.24700216382968
81.19344125584257 -4.902064593863685 85.79882720217259
77.15425676638189 -2.697604136883558 85.9546239520341
119.3505036687379 -20.36822971485951 104.27783038125524
114.84106013446284 -22.94890404160471 101.43833519251363
109.53290317809687 -23.607100608009077 98.56309180773982
102.34999594066605 -18.888504368851002 93.12117957322207
99.1779953623726 -17.315838967224355 91.53274936489086
113.53484298483524 23.806329600295566 88.1747074775371
113.42774131659704 24.941009093214277 87.5547289874232
113.0076683653499 28.09236467143005 86.32356127782894
113.58419989543572 22.363032937973934 86.16494503239868
114.47690001498191 21.528930135153853 80.44460373826088
116.67930847350401 20.6113758307183 72.0099064934833
120.3950604890729 15.562028470248677 62.29728469660909
113.9821615296125 29.635764851579104 76.1012609951982
117.55175652467511 18.74957708007963 61.08993840074436
114.96676957860367 24.12770042631205 75.17825957229843
118.44611737212574 14.98108968697746 60.452942341866994
112.50193111990988 15.460892440500363 84.65888839439422
114.44803343594499 16.43336757521415 77.69322787622848
117.17083115427704 16.121663565370913 70.20355764293106
119.52741240488777 13.552109220524983 63.528944991658015
102.40385020471287 18.176238056447918 86.13011736984825
104.9001661463764 22.009012249935495 85.94651091436842
104.74781025450808 23.63168224992913 84.6450793647533
102.5227654060437 12.607797636316006 81.52892489198847
103.69835125308646 13.270562229585357 77.89529733342349
105.84763313572365 13.628301561562209 71.83546479557269
110.82330017753466 8.367160409217064 62.71856569171036
105.69136963157068 24.444429984352094 75.91705552294124
111.29897097331683 12.25216473032462 59.41033301126894
105.8910849114567 18.726848159960337 75.06600799276345
110.04546492000142 9.184014633506719 59.41102503650831
105.82960284114833 11.639700469771737 82.71995526473643
107.22073007178108 11.488397003080838 78.42835436850133
108.58910701487999 12.493593876613485 71.31225139146808
112.92756629511966 8.781257038460462 64.1484055733884
100.09099305493318 10.514707365550608 60.89092848670659
97.40094425568586 7.632830229231818 62.27774077712516
98.01588031945242 7.276707630487492 66.09250437214314
97.12686896685713 9.41213655669507 72.63767035681671
97.35297185385961 9.563742056373004 77.02008054352098
97.58766040994773 8.674134052949885 79.85493674058385
125.25747208903155 16.687597405185723 87.11440400978088
128.24365346262616 18.06516947160643 78.84478369380147
129.2185308971167 18.760275081905895 69.31498505491598
130.66568230716007 17.893911306074543 64.61463688467052
127.67928294993048 20.733985758661927 89.43233359721643
129.36430231724682 21.95139071512153 80.8903464203071
130.98485076909756 21.830862265234018 71.55080203633412
132.51434083759514 20.49198007896471 65.64582835791032
97.37366922511255 20.25158224986251 79.48239298914078
98.65776946830727 19.947232740666724 71.00430529587848
96.89371056799658 12.975744698364599 72.21639518135136
96.3628018818255 17.21885224985825 79.94398257519092
98.03593510530737 15.19992313360014 83.29116821519271
92.002572330387 9.360484869136078 61.481097204161415
89.79144248139713 6.902628967897101 63.61243943068448
90.27435302734422 6.8415517809027016 67.85427431968418
90.2777713968231 10.673099767743354 70.68850111136771
91.8486232105146 15.19321730942647 67.3879412485847
90.89719341536568 8.004146755272462 73.41844204782743
91.69580692980344 8.33356978078312 76.46212851307244
90.62030438191368 14.66567224980874 76.49248441691908
90.47407656161508 17.04020224979804 74.14200046725647
92.24100333070888 8.014025017160357 79.12219670255307
92.53815651310018 13.070146310384851 81.39368867206741
129.71487926348686 26.49024254431825 63.232401908008114
130.50763349955758 22.523571376524778 64.18736182841971
126.23635690724397 32.49997199604413 78.85058086536405
127.02832878963603 26.660587340684287 77.5877301496809
125.07636086910766 27.884673498497204 86.12303391854901
125.54522650875353 32.92317599126195 84.36484983422858
124.88650526598613 25.446918918982384 89.26860615839033
120.98900555923814 17.885325880472493 93.47096122151456
124.8287890036098 19.735320789151395 96.00990853881903
109.91095927978796 15.484188295793926 89.6353967550617
105.06473215731671 11.197753472967783 86.04438842141836
101.45373560997096 11.932181089314938 84.27622713963015
97.39475189449638 8.977208360163623 83.58039318403588
93.93100799562285 8.442581824270125 82.2945778619008
110.46870818905576 21.67546117291916 91.67295288698614
101.1554848990011 16.825233378891074 89.07863116014788
112.52926507650199 23.961380358200913 94.22755946671138
97.74630088098405 15.492275777590914 87.84950374905162
93.85378303275694 12.978361418855327 84.8176846791077
123.95716955492557 22.610581572369096 96.50149309695317
83.81491095368803 7.507649930079693 62.41157929820094
83.10178193402267 6.415342768449544 64.8065574724107
83.30474426668768 6.234698851472426 68.52024110097848
84.66812361179572 5.6934143434824955 73.69983236821393
86.10308307504351 6.129081173805374 77.36170305585192
86.80897692673476 6.255077714311885 80.33299115923882
87.3891392672127 7.0825463707674245 83.87807409551169
85.10684574835146 11.125024101768227 65.09285838766316
84.2008911950075 8.31379969090495 69.28950973393246
85.18922966237923 11.769192249766348 74.29122417215291
84.70102989123804 12.545202249749726 71.0220378473339
87.9681280967667 10.43916631387583 80.96870390265947
88.72708995760212 11.098541009671495 85.39123495916753
88.64153110094196 7.887363283298281 87.06466472616775
90.1250338353707 12.865132474773924 89.53503557917774
126.78039586548644 8.754175773919124 96.95886959220063
120.64682120226485 8.470209774366543 96.22632628854318
128.82097023808944 9.235349129700676 87.75994273343764
125.54330229846683 9.389938766574007 86.63017845458353
129.19408725856147 9.937463617598954 78.92656433098811
125.64956436987036 9.499971506776342 78.37385328809401
128.71741992144945 9.96803163772142 70.4120343556877
124.96691543070631 9.567413695191844 71.09855082426554
101.10601460189449 7.036631838477014 78.78810134412043
105.74646525655274 7.497214029394052 79.62268896115056
106.40833515061426 7.199598508488377 74.0822319451133
102.97409041132987 6.8905949059590705 73.99513284767528
107.73955301206388 7.267238749123197 69.05904572141067
104.43797220469685 6.616099004136939 69.53866772451678
110.60013240914311 6.128078583604779 62.85242318342404
109.82947264841192 5.617034095730402 62.42819258972765
110.6973231086427 6.356148853687026 56.35876329577391
100.25173841114129 5.3177437984077365 59.128349966665766
110.7509917755509 6.546158985573684 58.0370831187435
98.5155090505908 4.761848263913055 61.81602666372007
99.01662614666013 4.049502781196958 65.20852301362811
98.18460426034143 5.452067779391826 69.85216789682774
97.62430161161049 6.0968629299896335 73.85135422649543
96.8385524393071 6.380008589375989 77.83825733821874
127.32759661428537 9.42008047957041 63.616202293062585
123.67114835170547 8.967703686173168 63.53475795880256
92.57943536595967 5.170512419174299 60.644669627748215
90.55259221200055 4.077044696672989 62.9847328276671
91.60064896522603 3.1769587809260993 66.93677155156553
92.02384553557027 5.070731479767479 70.89776332870747
92.208796211499 5.554991949216718 74.08358633987156
91.97049828723968 5.759317441008258 77.2600883017285
104.15952627177968 6.378249680612058 86.41805823154742
99.2995061642544 6.620452329472811 83.90021436726812
95.54201824956743 6.332873565244047 82.40894581862877
91.2317401137423 5.9638403140802945 80.99453235148195
83.33918496390162 4.823076952635292 62.01090158173897
82.39050521964727 3.402259197178331 64.55721133050929
82.69312416691508 2.5219936774888314 68.12220932197202
83.09890033904823 3.883663988885153 71.33847588187933
83.70731793866028 3.9537932078813296 74.19834469771821
83.94280054426865 4.082987082693094 77.08751279969765
84.18586061622402 4.588893218160165 79.75206987292296
86.81609213757889 5.353769528161814 85.5389930950913
88.74221060772066 5.614307413526887 89.07572894191672
89.4720560846809 9.64072447534101 90.33913703710982
94.65817889801569 21.26474505124622 102.91445481519645
97.58314695287115 13.938799415485796 115.33211993963066
98.5159487797994 6.6370902196242705 115.97050745379055
90.51438622885088 5.763051991035694 94.45576388517983
96.64205878774304 6.440741325317924 112.81016683119275
91.1607693415359 10.157141781907557 93.87589746128856
94.72831580153844 18.92741573246164 104.56621002793939
96.51830366712908 13.314728357194522 112.04854346149679
81.82533639184629 5.170396682677613 89.6957455619151
82.92679524092652 8.850636757120398 90.84231648208389
80.5791439660843 16.223849787197768 101.77873033382603
79.79973251767005 9.80420887972738 114.92854007691925
80.25635616848443 4.147644141101908 115.39740564044095
81.7253649733494 4.825126360864234 93.52059202868944
81.18913387820227 4.414614898057935 110.9919140514007
81.75876660159463 9.67812124558037 94.96324530050632
80.31854328547405 14.468259835169441 102.08143400667208
80.37495658602892 9.478765448451966 111.85437993211632
105.34521156713821 17.27313257472577 87.85629863080467
106.83755689209652 13.246159951786632 87.06411177940285
119.69051126934143 23.35376712789497 87.02051216202715
106.43575946919549 17.730719954401874 84.88756282336037
82.37154358085012 13.196592761911937 96.24588073155098
79.0661956540676 15.657136901178582 110.54470006517188
93.06754897891955 15.916385661642934 94.95219269484733
96.71783735815524 18.88363495363541 110.73656376064147
109.23746486079864 26.900617005694723 76.03670045681451
109.71641128874622 21.54094975193701 74.34599493715461
113.49336527206418 11.466303252200913 60.422621104316725
113.63095761837927 16.0100131382864 60.27713347932921
109.09339379075314 25.18361127748453 84.9906430255401
109.28544311599327 23.64719825122248 86.95070561514716
111.17488597440304 17.63546696123005 72.23303701403766
115.2394638052133 13.349002240237938 62.843831801587584
108.42078142308209 17.888160017092787 80.4172941177808
107.10558907086038 21.04550517245911 87.38762227404403
107.76122174883619 13.618481982403738 84.66281251998801
109.23426175166685 13.418740519731882 78.27415496443568
110.82867072416174 13.427980114033367 71.56089159918255
113.60399321076804 10.722943698337696 65.59713097974054
125.77952227649877 16.849654675365315 63.12836471360358
126.86304503473941 18.973983816954135 62.36310385117099
123.43367879669827 17.655081282173917 69.18277068714416
124.60002590039082 22.21061440212147 71.07769063472851
121.44632840002105 17.511312429735355 77.70685461393833
121.64370747069137 23.06643471352826 79.44987542305837
118.26501855411864 16.727371082771146 85.33787911237432
119.48235063929238 27.00493231202359 76.78120104932547
120.1888236091743 31.483962741734384 77.70538190212383
123.8262463828161 23.648710758157915 61.40748952564655
124.65376613101722 20.558195381831222 62.09897760299075
118.82094282020455 29.24515980474399 89.15965935793358
118.73302747441139 32.197312274106466 87.13364694241129
118.70854661274153 26.299364652667347 89.43372269944162
115.51959938639614 17.377409816004093 92.24866235032924
116.76502350321243 22.45598624027966 92.99580125691433
117.78249930779755 24.259518154861844 95.52563741822442
104.23701268775326 18.349734638245447 90.17519198500675
92.05296635142346 14.116592267828214 96.84356553566549
94.75860795391887 17.90253216315328 108.3576940850887
81.0535385308215 12.507471924497906 96.79743476163483
78.7233953109608 12.943514110001443 107.50267391322602
112.76150333817648 6.65194505372562 63.12128412319866
115.0446709505347 7.152704516818152 63.6178573792484
119.38273949082563 8.002728773663147 63.537360593063084
114.0345501562949 8.686339159938193 63.351581449303694
116.64914986850071 9.459153424966225 63.801174571926595
121.92488721357019 12.901135335600031 63.38117032703788
114.86274660249377 10.33444270179578 64.71494799027352
118.06577981125947 12.004860403032433 64.80275622359599
122.65747551715158 14.46098698812575 63.75246872039037
110.83875787750502 7.600019148758563 69.13092304362087
114.89252385590119 8.110110544112374 69.750816354023
119.98312518795996 8.606296771548125 70.56453713975068
112.44570024344956 12.33695709879245 71.12748521449706
116.50257073428638 13.33986992113761 70.55630298009638
122.08519557188761 14.7958036131113 70.1883840878891
112.54492649318522 13.083684736027545 71.08896471137056
116.86478334735592 14.895393038738783 70.28502236592924
122.06453928731955 16.039235089537 69.08817978861197
110.65428366592616 7.419071945443167 74.63732502761432
114.9272426143522 7.77522959771476 75.5819649525489
120.15093204823746 8.411926289721682 76.84160695720672
111.18587456764061 12.771337893475629 78.09666586157189
116.59182488817697 13.792545469862036 77.71702682743681
122.83030383599245 15.358214393145937 77.5459516051993
110.82495065711514 13.828701099742624 78.36523158500397
115.57883641172418 15.374894631059293 78.08706229450314
121.01448241019162 16.139552543258127 77.36231264452266
110.54640719887847 7.46166215738132 81.09353796557727
115.23006756714581 7.816099086970861 82.97550068160852
120.31964147958327 8.906894958641615 84.83463844374148
111.30667764091682 12.51430610926942 83.59969909176908
115.44558293127105 12.883407137257612 83.91528482634091
121.88994279764528 14.418816528549554 85.26434969776228
110.98561151818606 13.775579982004242 84.30263465226051
113.36342498946277 14.311274875568829 84.43673908808773
118.3501663752952 15.5185173375535 84.99226823341719
108.26531821405638 6.786284934344666 88.83868177440218
112.51753708836921 7.241716378769067 91.16228458776605
116.54029920119105 7.690067195053815 93.78138773782227
108.47473256914168 11.363205197415136 86.92619611585131
113.16054792700389 13.846557978748866 89.3793249497355
118.28459066035194 14.398004858430633 91.69587958139601
109.07877913017116 12.59986957233022 86.8579987777677
110.88047178596766 14.462128738990405 89.49777168716541
115.03153614251549 16.30134095288827 91.71644241145597
92.16102419808918 5.949336920571299 99.05661158673199
93.80942731810079 6.136779779886462 103.6626956099599
95.47431491895418 6.326836934929191 108.27485338013359
92.48906638930193 11.011546429426911 98.6841436706027
93.68834839676329 11.783844860009069 103.2001359440689
95.16808653807317 12.6216984185529 108.25342842776459
92.61102754551885 14.803408692319785 100.87151861526358
93.78554098413939 16.45166477362256 104.5483377896689
94.54972305657031 15.990379776593123 107.64040665594788
81.85124284461727 4.748711157002004 97.89619016627763
81.78476727440125 4.651446355786791 102.27317686617766
81.43659871506475 4.522490452420433 106.61946286318565
81.53168773211165 9.08889242257118 98.77893150697821
81.11557618748284 9.342284249155373 103.14636907453283
80.71839431254904 9.609621347233618 107.54821381754087
80.20933377241417 10.610883288126447 100.5168100811528
79.78904062826639 10.998257019086621 103.04421261496836
78.78511611266991 11.241586973027044 105.62055302768309
87.11791721536048 5.023997530971054 61.211147815274025
86.21891387441353 3.7329182026793615 63.726110711062354
87.52169386110359 8.588749207539992 61.91046029029056
85.55897479534653 6.478924764996286 64.42778379311171
87.02272798957233 2.8727554136642186 67.7488920448465
85.89469199383176 6.43693702762561 68.2722633235897
87.29339870076821 4.58046748552881 71.20160222362996
87.61822877621861 6.3898282464655 73.47408637456438
87.41227622549175 4.606889252918927 74.12424777062117
88.80844992252288 7.204469900477709 76.97542602964552
87.68449423402937 4.936366174851711 77.11060420764944
89.11157712984736 7.460448057574026 79.48769509056487
87.73182269918232 5.509481078387381 80.25296198887656
90.93554768220753 8.439568331833506 83.30853877244937
87.70777675629918 12.70439033071945 65.69442105912812
86.54691405560581 9.231357105907842 69.58382809243594
87.42267143692929 13.593072249784033 75.25677615134933
86.83870382604267 14.182542249766623 71.93896314794546
90.08993741039541 12.027512809737939 80.79908844375828
91.49594285786006 12.490910691193955 85.82179395960269
91.84861028541181 5.874970800556809 84.85411180190961
93.35012317583227 8.321287864480304 86.29620216426973
96.22000101703682 15.23239490096146 89.39508234775789
95.56690043008241 6.104262710525342 88.30208579235442
98.68087893432076 6.115699222875316 91.65791259116439
112.29434251883306 7.334275332759631 105.51447821722317
115.81649704173421 7.620590979836623 110.0437990423055
97.37906353345447 10.819802090012972 89.40813957089658
99.89650783411516 10.387110676086794 92.1138131668476
113.77651306984353 15.702015386007131 103.53523970168006
116.32437218208212 17.097052149004302 108.51920385541489
101.88634645962081 18.121009374279225 94.07684865898766
101.95212615460892 13.242305236481924 95.36436053912692
106.89080131297884 22.228176959462893 99.52658452248333
106.33170412547605 16.54502366943237 99.30314554374921
112.21863153411071 21.727201041935192 104.92338009138803
111.64035488146986 16.6386825922905 101.6746905736333
102.06447571994207 6.436192765191423 95.10504924009516
105.4640986986242 6.735105217902801 98.57437568100477
108.85836719669811 7.033832299115404 102.051100945778
103.63059210895815 11.88381952758784 93.66966103110998
107.70314447854403 13.319567272339825 97.35179693267635
112.21517057388486 14.339406903229726 102.37057790319452
103.47771886313562 13.681654314357445 96.03192138235627
107.02310865362774 15.275439411580354 98.6206210345895
110.43291670715169 15.590125188022549 101.7528177295822
75.33103422667045 3.9587476980828273 90.78773879754951
74.91279580832264 8.500261457997764 93.65341924638086
73.25186948394459 10.76351290500302 97.56382568862051
70.93900410281016 14.038060388935271 101.7587486043441
67.98513190993164 12.065782764678632 108.73844295167731
67.28361102909402 6.998310283682265 111.45323125722895
67.19285513197 2.860027065190943 111.6444395640621
74.18383204894373 4.121185105956196 94.93231575554948
73.02548196236869 8.276961417289774 97.44216679775121
72.78670731702307 10.820946196766968 98.55495237491425
70.81294666790673 12.764148753737992 102.0395163196296
68.60089389458756 10.351679696010299 107.3285889154149
68.29964886893191 5.482563471037385 109.39456692588568
68.3806729207848 3.2766037703784066 107.33147853181909
73.03053710926271 4.313044312128356 98.2852311767651
71.76045842566957 4.096874795771968 101.44458073430512
70.06518286304353 3.9311050651148283 104.38828007371998
72.43884268392564 7.247298842754729 100.09432584112584
71.23388178280263 6.693207301300813 103.21808814089357
69.98723142540162 6.184186549426957 106.38755184009261
72.62249605023015 9.941140972145568 100.60640668656963
72.13974299816815 10.501115947203184 103.33657459359793
71.05213990705356 9.200436144992063 106.14863953243798
65.25459307971767 3.190922020538115 97.75160297641686
64.79054219634727 5.988495058900103 98.89606810484509
64.6815796739281 8.929429679734364 100.02990273501057
61.53007585085211 9.945055434214758 102.41200483230291
60.82478437946853 9.888628506178938 105.49152199014227
60.074726859522734 5.7880032890104935 106.3684936208032
59.85188036547785 2.511550872898428 106.39597654870813
67.32349598504719 3.800494218294473 97.73594346398924
67.80666124884792 6.37345301250589 98.57457152179242
67.57538300828875 9.056998256363016 99.79491857571955
64.01012303114688 9.616984917818218 101.86003006949255
62.079369813541135 8.89636089421191 105.5266717360726
62.17647972738167 5.037104413880077 105.87708858703914
63.29235310697219 2.603910696407275 105.77219107429585
69.42104028221043 4.348444864874021 98.78060318573954
69.03403083922498 5.955446002250663 99.08151354752634
69.28810623745689 8.085903351619104 99.88476500282836
66.8423622901864 8.247493758983357 102.06125566577184
66.60921840727465 7.708136757109852 104.54576893984044
66.36517565266509 4.46100568966909 104.56585825205568
67.10883213532456 3.7763937249153825 104.22631787677112
66.30836815685194 3.6180290316323522 101.12310655475115
66.11903672081603 4.535277339633184 101.3662434338603
61.68975230140487 2.504069088771299 101.67386157410743
58.4301200541513 2.7712343511247113 101.49415613627592
61.75251258855296 5.15393503647577 101.58202435897343
58.41643275971801 5.988564276000388 101.94636645281376
77.1394762819962 6.455481249673279 63.778928627162585
76.31518892852648 5.817271249675874 65.60943226141552
77.08129182159419 5.051746249693984 68.82793888493846
78.72112799670488 5.986055433931821 72.79272507668304
79.89723542743646 5.68916545250212 77.29341229551626
80.47156723122934 5.514791560260012 80.52671534267665
79.57071871294279 5.9838614634300065 83.2873888462883
79.12363170365654 8.231287249698783 66.98502473693617
78.42153989227789 6.466136249705688 69.66920598223602
80.25476352407937 8.053320249728952 72.55912543172431
79.8988066247634 8.524066249716363 70.06312631066253
83.0818722703666 7.698822039115339 80.74951859196932
82.62212838227371 8.676052067504328 85.23721959369648
78.69319672092983 7.440645323934974 87.05368565582566
78.85683490227072 9.643249152022893 89.99467649450261
80.06008834432265 6.753500132317317 63.070539232460185
80.11649418668969 6.496212227822281 65.10684224128813
80.65004081010123 5.982225302819979 68.81623874761597
81.49718044092111 5.805144723818872 72.75727304481467
83.34112011347887 5.872996075906107 77.67730726302023
83.68357186840258 5.832644092275741 80.72351939825872
84.14492049392031 6.932349010170689 83.65847530157545
82.17898402300132 9.411988450422854 66.08833054706771
81.21766332834952 7.891274242053997 69.22695898778596
82.48710449298525 9.513328249745335 73.21401971517511
82.27880122351296 10.427702249730993 70.08193520928236
84.22154570874855 8.612523706027828 80.64725652472647
84.81564287331227 9.097103409201967 84.87791771051852
83.91943060388202 7.974212918866901 87.14498076406524
83.67244559881847 10.993925935452651 89.44230487020374
79.48331016634731 4.693161601589226 62.48384759834937
78.72800440130442 3.2382425887682498 65.13285221474011
74.15305160461158 4.147229249649162 62.37520880782654
74.97509987471904 2.6386112496671057 65.47195235448447
79.0985806085075 2.4204836770823666 68.44382266814452
75.04516561479383 1.7702892496817428 68.87816931297274
79.4884531405452 3.4055537668954394 71.45960250002044
74.98234357130676 1.6955412496934348 71.7731196054396
79.89993723481311 3.367706660548972 74.35311294355583
74.95751745767646 1.7954672497053752 74.67204318549128
80.24046438038303 3.5806837507489795 77.21032835996876
75.20844311272214 1.6150792497197461 77.74947998010543
80.5888256953399 3.9421329292970424 79.72471650330046
75.59797202984828 1.917071249732546 80.24700216381368
81.19344155702403 4.902068801882854 85.79882725601406
77.15425664621415 2.697609676646972 85.95462436200951
119.35050453837286 20.368240333098804 104.27783550763654
114.84106234563473 22.948906641172265 101.4383217860312
109.53289898214193 23.60709766383616 98.56308671096207
102.34999567982662 18.88850810461733 93.12118454349438
99.17799732336765 17.315838909423263 91.53275110771015
104.73559805282326 -3.5641360357100677E-7 78.42052496887018
105.83084937182367 1.0695210079085047E-5 72.93148274799145
106.3356716900671 -7.79113074724828E-7 67.94021513093455
110.56142711747167 5.611530163850664E-6 62.85282698316589
109.31790814802974 6.48269655796678E-6 62.60926803601472
109.23015214083654 6.082924415325294E-6 58.05316485790281
108.9245135820777 5.9774357438929475E-6 54.84821183063396
100.23352336532966 7.514805758120209E-6 77.40779774145439
101.0829872273596 2.091531466348772E-6 72.74633329873014
102.26312297598339 1.0619120990206333E-5 68.49676563509087
97.91944331561348 1.1053264678425177E-5 69.18943981015494
99.3831623636263 1.005214870167892E-5 65.10896800602434
100.43742350883858 1.9618898839608274E-5 61.27096833607224
100.39824444946791 1.7825593315272065E-5 58.97512688041437
97.11594699429207 7.320223761622459E-6 72.54939784359624
96.08229970731573 5.146546282172652E-6 76.60030795805133
123.03530895183985 -4.1768202536057944E-7 86.10450252601679
123.46626857965204 -3.0620631897753545E-6 77.82071426122545
121.4408384446343 -8.471661423272812E-6 70.42520623411811
117.94553226253242 4.5814063990271386E-7 63.10446169805427
126.87257416896809 -9.825730521561786E-6 70.56067793227072
120.74539522998037 -4.997475366947182E-7 62.98540567635469
92.04512918431955 -3.6639579292057377E-6 59.710347772012156
91.82562855312938 1.1679672233932165E-6 62.57744115401215
91.65287091613865 7.993891273071422E-6 66.63213586002061
91.83602304571716 3.882617972650005E-6 69.98428399594435
91.9219196312507 6.983951286952329E-6 72.87673311043434
91.69260729782982 3.44744159172201E-6 76.10614688672474
90.83421366648187 4.586347049156536E-6 80.41444312253192
94.93452511202058 2.4958433082323465E-6 82.0535510221221
98.88752371086716 2.4478477382497776E-6 83.8248793021061
102.89090476605404 5.752103378654594E-6 86.16849293811076
118.7008343925715 1.0965958639510405E-6 95.97929685544366
125.26644080235666 7.967147306257798E-7 96.23052089661046
82.79550220743394 4.327894421057823E-6 64.28026906219648
82.5062793730838 1.1205764401737398E-6 61.572931043562065
82.79474567391841 5.732620632011434E-6 67.62204757262903
82.71499813533502 2.928443846612166E-6 70.71661984498552
82.7368704060893 5.012508213046618E-6 73.39903001186794
82.74400278354071 2.7815527672706546E-6 76.58758537843198
82.93859810823288 3.3575603602800008E-6 79.43017891105515
86.07175642271918 2.6081969124157315E-6 83.20305894721118
88.77741642974472 3.529515848424528E-6 88.05478489964433
97.72675942168962 1.0891528892202955E-6 115.71475714886365
90.39242704353795 4.389870495491592E-6 93.00109682278189
96.80832466850812 1.5276126776970917E-6 112.74707931696516
81.50945944507662 2.0833757367946743E-6 87.81364402271781
80.70521525970817 2.3472954474065513E-6 114.35039499866727
81.93054965677705 -2.3559804014819628E-7 92.34242373230295
81.04338979522649 2.085003541931517E-6 110.55092138265893
111.9356911765569 8.985048487308867E-6 63.495822448417506
113.58996018053172 1.6795729334086923E-6 63.32950646204918
115.27385009362806 9.454025300308133E-7 63.24571261816511
110.22967295879708 7.0248241300714685E-6 68.62131743492445
113.59213999139061 7.011433486594974E-7 69.37648852073062
117.31177864251957 4.550467138470659E-7 69.90087951312731
109.344059837529 8.627308438587662E-7 73.88257910298358
114.03475441775102 1.258565529954329E-6 75.07555477033365
118.94154995085503 -3.074130786307539E-6 76.6954557338609
109.31643911963387 2.0042790884275725E-6 79.9883072500586
113.90442453892702 -9.922314523316358E-7 81.91245772644652
118.42208400277171 -1.0011341779834665E-6 84.17193960624738
106.38704343698022 -3.4690854310358867E-7 88.30566917012146
110.31536493884197 1.3047425682741655E-6 91.03601917017346
114.54534218267814 1.3334782522823647E-6 93.36087225740444
91.97957326972559 7.228800573987408E-7 97.92818969090041
93.58649330583555 1.3973062030207272E-6 102.8654025580047
95.20297184316551 2.2241949475726453E-6 107.80912557245145
81.89110114457802 2.7973019500018304E-6 96.88958280399903
81.85622378352903 1.8320442801126726E-6 101.46159557873888
81.57945795401757 1.4394278669500474E-6 106.01762000961199
87.25216863626768 4.983875366438943E-6 70.68925689400996
87.3381024655129 5.566192467807933E-7 67.25880390569002
87.28968275243751 9.462704234206319E-6 60.933307205935805
87.34327595657335 3.5470376834279576E-6 63.4683485753546
87.35756768721129 1.9548968842942277E-6 73.04755424823712
87.17545894234095 4.615368309481774E-6 76.19731589298891
86.9820864236996 3.415999936120623E-6 79.6333245522489
90.22184925293612 3.692044059708673E-6 82.53575059652009
94.79355057777651 5.298067259702626E-7 86.62739907363188
98.02659963812121 -2.028563740987444E-6 90.73994696779067
110.96770315888114 2.393264599925045E-6 106.13927195365972
114.73564884412522 5.897321932840481E-6 110.76610765329444
103.93859422714358 1.626667105758742E-6 98.2395136888024
107.19321080104946 1.6299598725318367E-6 102.31983017295379
74.95637275971015 1.7982263638860435E-6 90.58102882117564
67.10220433995164 9.776155393686166E-7 110.33674629561932
73.91715017613062 3.660432759425365E-6 95.06826104262531
68.66790877410419 1.388704668651245E-6 107.3218800692065
72.94224762112869 9.822055580071955E-7 98.73192504886381
71.81459031062819 1.958189345143946E-6 101.34035287698627
70.24518683646181 2.3938097177829865E-6 104.33238127329312
66.33019424307525 3.989797594067581E-7 96.26134280020536
59.56032833565742 1.7632709143652485E-6 106.11688159641162
67.54796148489937 8.568640196735793E-7 98.0250434471894
63.306507749429706 1.204302650506888E-6 105.27118549973233
69.06153212100017 2.7695679088206066E-6 99.1917797449682
67.64064064517501 1.613531710380317E-6 103.77526188403051
67.30137015596073 2.0892386206368847E-6 101.27037743390282
62.99432975901274 4.123136684393941E-6 101.27086837967593
58.66801787685823 4.539885021355975E-6 100.89577547792061
127.87544847146356 -4.968346922217309E-6 88.056261342557
128.1979106200805 5.220521930187599E-6 79.10761010329387
100.68955894374267 1.8761548064615371E-6 94.16107859313198
72.4074401056308 2.2496375486676698E-6 62.149919219452585
73.41635740367892 2.2496546558441604E-6 64.77213288675723
73.52994928830165 2.2496703402304995E-6 68.3656896107492
73.81358147001497 2.2496856083956077E-6 71.61020686266767
74.01384391048495 2.249698391026006E-6 74.38106837763678
74.22170835054231 2.2497133055659194E-6 77.65187579738189
74.35012981929479 2.2497243755367168E-6 80.1174656823513
76.76987183466954 2.349598893962118E-6 85.5617048544879
78.484676389927 3.5314358799181905E-6 64.66857791311904
78.70224279749779 -4.799935942055975E-7 61.948346364945166
78.38098996390764 2.5962703244468907E-6 68.04909795556955
78.3217140466072 2.1952338944121807E-6 71.27788543491496
78.23291886431053 2.9977936940085183E-6 74.09316628608956
78.58674800914285 3.043483255872483E-6 77.20325990717538
79.26303132556097 2.5144438911263486E-6 79.63218208460701
80.95754755382096 2.8799724184808967E-6 83.61432298873376
151.84028999999998 35.891287 125.0
151.84028999999998 -35.891287 125.0
