0.1151981857636786 -0.024569142091000543 0.08567364492744783
0.11532043210083413 -0.025825621908090162 0.08511829139703866
0.1151021767553446 -0.028880543832192736 0.08405504144894702
0.11553896320079043 -0.023180743094511656 0.08372099048709158
0.1170121032564261 -0.022563718086436767 0.0786173041407839
0.11917849593054607 -0.021437868133079522 0.07089749055865238
0.12092706049719064 -0.01556199944890295 0.06197138332373525
0.11766207406479784 -0.03136175528898551 0.07437586040766622
0.1187029714375367 -0.019371716113136643 0.05959545658819694
0.1179547889282901 -0.025525964244799686 0.0735202604916455
0.11895594313074088 -0.0149810998618388 0.06015402347840223
0.11429058634743976 -0.015975351192207207 0.08229297662921324
0.11707399044117829 -0.0169101363134973 0.07617620821230783
0.11940419640144609 -0.01645867477224945 0.0692846953117727
0.12007936616211304 -0.013552099400305127 0.06321515473718863
0.10401152458742231 -0.01893413953538807 0.08164561201019238
0.10788844408080499 -0.02200129106193084 0.08082968895289032
0.10789137641353214 -0.023624111513051372 0.07951951777520028
0.10432132898986855 -0.012861917895413582 0.07771192858082834
0.1061785859852453 -0.013540374093449522 0.0744722165095699
0.10825026367764197 -0.014218846498585399 0.0691367550298562
0.11136478778706708 -0.008367150405986772 0.06252263918934975
0.10925814251683771 -0.02707077658079904 0.07168261671808612
0.11179554408937174 -0.01225220073024109 0.05920824450426226
0.1087416974430494 -0.02016399217720874 0.07155001021222226
0.11054266425702215 -0.009184010861734253 0.05922591291063286
0.10748659700313774 -0.01197030719832353 0.07953052939797371
0.10940515541692405 -0.011861380878486384 0.07574025696568809
0.1109487868165224 -0.012823492033047612 0.06987683203447956
0.11348810940214707 -0.008781250023315298 0.06392381369520636
0.10352072663567523 -0.011403929249188144 0.05581181980716545
0.10025234049771521 -0.009025423301441531 0.05590779388885981
0.10035896773729057 -0.008021539748973015 0.06047806149412646
0.09973980382672419 -0.009490392673933324 0.06743079549720758
0.0992530405499815 -0.009701068516989332 0.07257093753068618
0.09931016335673558 -0.009065010389048974 0.07530348263901651
0.1268276518041706 -0.01679400510179885 0.08602737568723888
0.13067721171510152 -0.01803837005104562 0.07805247456468793
0.1311950386345676 -0.01830553884350143 0.06871865700444033
0.13123090574944757 -0.017893898107951948 0.06415004564760919
0.12895778399062738 -0.020656752990594097 0.08860935049240722
0.1317390197799686 -0.02199463804467245 0.08023047036931132
0.13325496580232168 -0.021444998410406983 0.07101430409070233
0.13309364762351622 -0.02049199779716495 0.065156103089062
0.1011773559784059 -0.02024567172633812 0.07352248517029804
0.10173884807179356 -0.02208008275459681 0.06480482777721229
0.09995738619609239 -0.013327436568187578 0.06627293570684667
0.10011857735726083 -0.01721301495665154 0.0738612578354886
0.09979886901216971 -0.016052439543444593 0.07811575513495554
0.09619696606070209 -0.010221713797602254 0.05424635587821735
0.09380426286520346 -0.007786740409264971 0.055926171966032716
0.0940959533583644 -0.006812942183343082 0.06029886337127648
0.09421716119757766 -0.010516327416487737 0.06322093967202973
0.0951090780284455 -0.016307044614826908 0.05963833283898916
0.09402130407499784 -0.007987444011838535 0.06706481303458463
0.09413085246472935 -0.008674017038206696 0.0706430090364179
0.09482303484146176 -0.014661166751618541 0.06975610482228257
0.09495552417037378 -0.01703586191612717 0.06740501479563882
0.09424564314473875 -0.008493834645310156 0.07344103254945829
0.09449592827406553 -0.013914839820158145 0.0752838655605453
0.13156224850060189 -0.026051225029344222 0.062012033877859564
0.1310669860801054 -0.022523598172891793 0.06372491067998272
0.12993667220836547 -0.03301807384917359 0.07789668241132185
0.13027236507505 -0.026789414202214118 0.07671190933083916
0.12723598651583526 -0.028066077705175264 0.08507602127193781
0.1284039994347155 -0.032798841742341024 0.0836063193158984
0.126499669640712 -0.02552483142080506 0.08832356249833188
0.12153971505201669 -0.018035592504914193 0.09175156674821647
0.12492776188938357 -0.01970846816499862 0.09486918586498945
0.1109358557906383 -0.015957257686379733 0.08643097001414049
0.10613602478027175 -0.011674003137583775 0.08244069454188613
0.10273789429337721 -0.01262285330060561 0.08000748546616504
0.09864506512781207 -0.00965670581119065 0.07855001923575115
0.09545220306869018 -0.009125679717930832 0.07670412970238287
0.11143765716671036 -0.02214716725823007 0.08850738039342905
0.10222314632501694 -0.017462599325099578 0.08428786213206117
0.11318391139334383 -0.024306546723424943 0.0913510664720682
0.09878680843862075 -0.016225809752027136 0.08255516253243082
0.0951645778793147 -0.013712310175782312 0.07891583980155945
0.1240467641274118 -0.02258138786241243 0.0952948100830616
0.08851701954759697 -0.008034679867893102 0.05401354936680355
0.087926502426925 -0.006790592835787686 0.05616335705667728
0.08797183718912471 -0.006085139551387708 0.060403874205038385
0.08845539955801887 -0.00561123107380599 0.06646855194377774
0.08879000196313327 -0.006517767840583279 0.07061500741293264
0.0888584137649989 -0.006815476531664013 0.0735847120518209
0.08882359438200335 -0.0076777887149645325 0.07697653650024978
0.08906871825175376 -0.011555214186509639 0.05669082974537734
0.08889745724796264 -0.008265019186143098 0.0613709836495797
0.08968909775995815 -0.011765773945598034 0.06692912857335391
0.08959021885296103 -0.012542095151802178 0.06362522791556338
0.08979612241032975 -0.011179491521243541 0.07418455160582133
0.08995487617199872 -0.011684323776956673 0.07862572245244201
0.0896038921795359 -0.008385141762654732 0.08025079628225153
0.09076090686065244 -0.013396938277730211 0.08290139563953104
0.12650367127485115 -0.00876838142553067 0.09592284318349799
0.1205845121686754 -0.008549796776865607 0.09430175615014721
0.130028753125422 -0.009255605396721654 0.08706911338160564
0.1270510814169299 -0.009439436347601696 0.08553787057507561
0.13145402388845484 -0.009817948696951446 0.0779799512798271
0.12804024424683513 -0.009410001083841416 0.0772448935885372
0.1308156343448664 -0.009735170566288106 0.06897339971537243
0.12716158773996206 -0.009297274386498522 0.06968306077373947
0.1028667839021903 -0.007241255955687131 0.07505246358622698
0.10753529336194793 -0.007697956489456626 0.07679050080628294
0.10844850272847384 -0.00729663897807084 0.07185056776241608
0.10480704247496797 -0.0070718539132562045 0.07085403257913492
0.1097079838609076 -0.007249210354178277 0.06782761587005721
0.10604534884411394 -0.0068526412141162825 0.06705589589049248
0.11114355288044911 -0.006128073414273216 0.06265947276016373
0.11036722315541804 -0.005617028543181617 0.062245709748538484
0.11115285995241672 -0.006356145138554832 0.056165092305983697
0.10347076784352673 -0.0063547985709757554 0.05381080774147259
0.11122923522837656 -0.006546154943087259 0.05784253222908187
0.10104338807461738 -0.005466450047671516 0.055844714153965636
0.10086235531777446 -0.004303929373363215 0.059970648364306954
0.10025008401031536 -0.005639791636525423 0.06513568375872972
0.09975811724487954 -0.006282471606833486 0.06919008400803822
0.0986835282255849 -0.006515022074993796 0.07321220086108769
0.12897870807475278 -0.009634157573448848 0.06184705733449122
0.1252627766551381 -0.008967445648253811 0.061796601483848974
0.09636186480949775 -0.005622073752450035 0.052709673061366626
0.09453720998835072 -0.004464888560009397 0.0553008317628258
0.09498747724000026 -0.003556774272049121 0.05973706530243363
0.09502932237231082 -0.005075961698772375 0.06441456884862402
0.0948352247898046 -0.005579374677613842 0.06817659136451674
0.09414848914765257 -0.00600301607930886 0.07151735180232703
0.10507978819292073 -0.006677673203925556 0.08269048355105646
0.10038898910291495 -0.00697466367425857 0.07946329524177885
0.09691093868869267 -0.006792765626102559 0.07726400664791949
0.09294114967345378 -0.006383200809828266 0.07509603406878596
0.08822975820772473 -0.005085540438965797 0.05308133471153261
0.087360344106179 -0.003471735579234403 0.05579562645698424
0.08736813699119007 -0.0025441409257332104 0.059887729777348984
0.08730154368762795 -0.003772309578590956 0.0636148020582806
0.08733239162612413 -0.003962018258268107 0.0668901069895891
0.08686388654801926 -0.004456329457464939 0.06994127651518768
0.08654395785426096 -0.005106783672848809 0.07256963591945557
0.08807782228214617 -0.005804608130778666 0.07854567502601227
0.0894728025345732 -0.005938112276772705 0.08229271869061029
0.09003033765199957 -0.010060998619775625 0.08355189346075023
0.09352676369388686 -0.021616169630931003 0.09655432982848551
0.09451891473687514 -0.013981734996012284 0.1091785105590778
0.09533280800551125 -0.00667858252834681 0.10987515140922437
0.0905532670267243 -0.005977231296572723 0.08764193038817478
0.09398782696970372 -0.006488434252344228 0.10649601947647926
0.09130470937521779 -0.010461220753146027 0.0872433684210859
0.09338130694779892 -0.019193741400456113 0.0981927299421745
0.09397353969793001 -0.013389134688682995 0.10575444094614866
0.0825779468948939 -0.005348951141607175 0.0816917685744201
0.08348458994760269 -0.009173840595785918 0.08301046509575767
0.07966428734724383 -0.015967802521333722 0.09345989395744878
0.07709504779159107 -0.00978228395025837 0.10619729323534258
0.07750830086237338 -0.004099550590439235 0.10669163629093857
0.08200673538420597 -0.00493767684461917 0.0854338901346385
0.07905092072391304 -0.004400187108124969 0.10242719755717367
0.08179263854899925 -0.009941759619337432 0.08675134780998603
0.07942268952425814 -0.014320071058442721 0.09367778416176925
0.07810682000911423 -0.009511097027493668 0.10325353766481907
0.10660593815975183 -0.017859391975842853 0.08389397178972313
0.1079607174941396 -0.01375700997525774 0.083607017348189
0.12159002067989787 -0.023792581349223837 0.08538233896436133
0.10841776831903253 -0.01817986311122342 0.0813659138363769
0.0822036711316386 -0.013482710525963188 0.08809333112511002
0.07702248763040086 -0.015742311136439494 0.1018602370315389
0.0931074307827524 -0.016302615459255734 0.08858731293634976
0.09435355802608537 -0.019024187760007166 0.10455295724207972
0.11322666516628191 -0.02941482503964489 0.07278444879876694
0.11287715319291527 -0.023177153120308103 0.07198532835262228
0.1140036365766703 -0.011466300385295756 0.06019074207181674
0.11413924474916089 -0.016010010387303746 0.06004340683195106
0.11094570000321034 -0.025794002722977598 0.08233183824251203
0.11147759820475862 -0.024435596142454278 0.08349859303788017
0.11388783058427691 -0.018780973199363733 0.07057497276885713
0.11578233878384186 -0.013348999928084705 0.06258810264073109
0.11101013514302137 -0.018492689972583607 0.07731398901701829
0.10892606990800438 -0.02158227076224394 0.08369342723832982
0.10941204719682474 -0.014040484990208248 0.08158383983883433
0.11152774985705213 -0.01382763866816486 0.0759351149075007
0.11347762488296463 -0.013883936220147688 0.07024861634789911
0.11418427820724059 -0.010722939788398677 0.06536328091094455
0.12632528039669366 -0.016849658789125605 0.06272997834095244
0.12739834684841253 -0.018973988761906032 0.06195012539715966
0.12531384243535137 -0.017696153768521385 0.06863514602299334
0.1267492622806562 -0.02240377924874997 0.07060365779475712
0.12398857285909175 -0.017754479333932077 0.07670462398011421
0.12420845542672072 -0.023717563515979187 0.07829011552363291
0.1201006510900397 -0.01719245860558922 0.08363727474646729
0.12262057957385958 -0.028080056236257915 0.07552965895167016
0.12372125612510086 -0.032513492828993906 0.07652415476137663
0.12515916049228032 -0.023979715970122824 0.060641438394785176
0.12518569501736232 -0.020558199023769978 0.061715920460287815
0.12115733254889757 -0.02976674363461465 0.08741431289544294
0.12145958277163066 -0.03272671702130057 0.08574362155592519
0.120415443957255 -0.026623409333576268 0.08772539934052455
0.1162701015792324 -0.0176924740225448 0.0897539797561637
0.1175429213863878 -0.022824653004002514 0.09073471813686114
0.11815181681559804 -0.02448700065908788 0.09332224865830246
0.10511918575202266 -0.018946943960587617 0.08592967145651005
0.09184250197765077 -0.014429917670816889 0.09025476064827792
0.0927944621862378 -0.018080030690423084 0.10187835061363143
0.08082663964448243 -0.012676867406348255 0.08841221285183186
0.07709945132666796 -0.012887940983841054 0.09885040714652901
0.11330836390396945 -0.0066519411569045004 0.06289906073356621
0.1164090817337912 -0.00731667894819188 0.062332409827376194
0.12111424539299659 -0.008167019121777617 0.061920038577809276
0.1145844093752858 -0.008686335997177672 0.06311211008918113
0.11767298886581275 -0.009577858569027542 0.06299330786329456
0.1229072811406218 -0.012872092228338244 0.062470326707349234
0.11543097855314162 -0.010334439756003459 0.06446414470059643
0.11863490570092503 -0.012004859409731913 0.06450860064546447
0.12321196658026293 -0.014460989046369764 0.063396273350212
0.11334585963897083 -0.007334952499319677 0.06790889592335571
0.1173917917716034 -0.007895581857480054 0.0682371012799831
0.12233635339043038 -0.008394945023851798 0.06904292670451573
0.11493422475405587 -0.012500023610535429 0.07009946254251595
0.11887511511291694 -0.013285693202947752 0.06958447585516886
0.1241462339738801 -0.014751044502210955 0.06941510397296452
0.11504117297945261 -0.013425347867548905 0.069944818066497
0.11928232064433376 -0.014984984606954736 0.06937469519357148
0.12402675602736865 -0.016074455107936297 0.06843511031651006
0.11298544893766052 -0.007440237816693238 0.07304713888135166
0.11745162943282741 -0.007690102912266657 0.07411259716642521
0.12263848150343233 -0.008318820410749734 0.07548944780704277
0.11351167544636044 -0.013134533899487969 0.07615045077778185
0.11902899006746555 -0.014043194414736985 0.07638200226949726
0.1253584326244538 -0.01546237466008724 0.07652224802167659
0.11321864353463332 -0.014235065478795073 0.0763031984589669
0.1180010012363214 -0.015764606866059603 0.07661008599456781
0.12363075051026448 -0.01634353582065031 0.07628665537283102
0.11239296895221204 -0.007654861021652814 0.0788479920265103
0.11708095713214312 -0.007980708470898344 0.08107996671251926
0.12210944787709702 -0.009020684804608724 0.08327395407282762
0.1130329667037732 -0.012849637532597994 0.08117496896593254
0.11731546438549599 -0.013186880655298812 0.08198748922821274
0.12370498298568602 -0.014621989542548891 0.08388173951444981
0.11266798173432122 -0.014196995515400974 0.0817690035001466
0.11517784620239879 -0.014717190126403 0.08225128066498534
0.12018516952089062 -0.015880790281829666 0.08331466918979237
0.10907179319877212 -0.00705513599189993 0.08559456376791237
0.1131630489607079 -0.007440673678022898 0.08836746886422926
0.11685255173649553 -0.007832691531501365 0.09138297336921802
0.10966486049011731 -0.011761850287043338 0.08381381734751968
0.11420636075922141 -0.01421485246194795 0.08674464781450339
0.11906706162907355 -0.014648120095678504 0.08962511272987687
0.11035202476675345 -0.01304544453399539 0.08381837050884286
0.11189713632481037 -0.014877941413400644 0.08646833405191766
0.11582652604247179 -0.016673426258541926 0.08915876847339083
0.09157251098510581 -0.006097867064871036 0.09237368799922605
0.09256919465667178 -0.006238900464845765 0.09711226463592154
0.09353341446491208 -0.006395163119370894 0.1018592597165558
0.09200380681819481 -0.011261775563764325 0.09206150837799576
0.09252235186386186 -0.011979588213818676 0.09664796257953981
0.09323947329872405 -0.012773059489824375 0.10183059161862969
0.09184208528831311 -0.015035525907956192 0.09424608983068307
0.0924679749777637 -0.016670049657153446 0.09801539000281839
0.09274325236660942 -0.016202773775158386 0.10116027909770556
0.0815092109377555 -0.004824283004913248 0.08964625340567978
0.08085237156626518 -0.004672105793270458 0.09389425294654781
0.07990105079135686 -0.004516597069010743 0.09813804630124227
0.081062935727627 -0.009168406322596655 0.09044908012848564
0.08008398273124896 -0.009310483036844496 0.09472343072932847
0.07907303409569973 -0.009576953496319093 0.09903910341468523
0.0795179504103893 -0.010611102547388186 0.09197932931419357
0.07877247084129708 -0.010916475228775256 0.0944762945598748
0.07743269742717143 -0.011136866475348546 0.09691751078426189
0.09185880901570909 -0.005556843953682753 0.0531025437502473
0.0907580132648392 -0.003969207804701991 0.05544238077311866
0.09195085998536355 -0.009267325049040384 0.05404307809745242
0.08994374127724153 -0.006979438631780738 0.05600333257916255
0.09104533951914225 -0.002851980324041031 0.059907808478528515
0.09019849915232163 -0.0064608027084151936 0.060387852424484544
0.09103059053117848 -0.00453547719032759 0.06395894743462316
0.09116518617779296 -0.006354095316338098 0.06658332285289206
0.09065917373644794 -0.004608329877444353 0.06734563382270431
0.09142928720604512 -0.007509451309646158 0.070657587066191
0.09029693973579332 -0.005186482696714809 0.07058501864903109
0.09127016674994759 -0.008000746578995849 0.07319289965624914
0.08976099419722376 -0.0059696131189361295 0.07370370235756525
0.09233218231558317 -0.009135593760128161 0.07705150802761179
0.0914315339557539 -0.013362737245689324 0.057481964207586035
0.09098814187262662 -0.009202616843294709 0.061905738734802464
0.09179333273041396 -0.013589184262220864 0.0681516590746684
0.09160501136653902 -0.01417899570892917 0.06478817372488019
0.09209298353426558 -0.01283745818535398 0.07431697159028422
0.09257795507612185 -0.013160474355179053 0.07945621600191602
0.09298694565715787 -0.006378667274088002 0.07881473433874146
0.09433405526835596 -0.008887880351957035 0.080318868530247
0.09696586418025831 -0.015886686289614038 0.08376576490760049
0.0962228598593914 -0.006491861912578148 0.08264394058825526
0.09895315236067613 -0.006414627689580406 0.086466213382257
0.11063678723435873 -0.007389000467161083 0.1019547451670483
0.1133531303641526 -0.007635916642108167 0.10701950534171618
0.09799588231638169 -0.01140127239504129 0.08391996407761668
0.10017827919311356 -0.01085561496708365 0.08697673936509397
0.11250435682566101 -0.01584485209069051 0.10031830908993991
0.1141466988098813 -0.01713216600208758 0.10564947864579688
0.10219172912127517 -0.018613893595102998 0.08928389868397267
0.1019087627347917 -0.013642497802203299 0.09048197732375024
0.10636934063053916 -0.022490650981320456 0.09539912114990862
0.10573952308257897 -0.016850342688650054 0.09501071547904891
0.11079577101213882 -0.021783413091557034 0.10155359320761338
0.11069736175736963 -0.01684197537039175 0.09816691399805577
0.10195185811730231 -0.006673442190870637 0.09030874532880834
0.10489449002714644 -0.006909079485896362 0.09416903693944657
0.10778732344131513 -0.007152239401804972 0.09804703606773978
0.10376181131211203 -0.012280353019261859 0.08917505641481867
0.10741165513101564 -0.013644579769154714 0.09336230229003725
0.11113470512493244 -0.01449293230263801 0.09891762307114803
0.10330932049722175 -0.01407911567484465 0.09137173977394607
0.1065347460579737 -0.015609810825689534 0.09446187675917375
0.10944837959704809 -0.015750536487050156 0.09803738814084702
0.07616745254641781 -0.0040360533400574175 0.0816468641144176
0.07533030622996631 -0.008610838038117161 0.08434277735378787
0.07299757055170021 -0.010906675589808778 0.08793938755284343
0.07042800145527796 -0.01425238404525116 0.09234732867558823
0.06621753233178738 -0.01209916575785423 0.09860692743886303
0.0653184581327208 -0.006897275477344435 0.101133232968713
0.06518106128344216 -0.00284122064056183 0.1011869196670354
0.07443855047614444 -0.004190079052006685 0.08551040475921626
0.0729450086249154 -0.008416145048419588 0.08782271264051549
0.07244981183288589 -0.010961437659708185 0.08895383469891055
0.07010872711181433 -0.012896538184030432 0.09240689884693079
0.06712191583380701 -0.010346845318544734 0.09726817506694366
0.06656192247472155 -0.00545676240004981 0.09913162755398625
0.06696330164354095 -0.003281536172564467 0.09702435566954079
0.07279071491409916 -0.0043899559585184435 0.08862771564035325
0.0710909913680806 -0.004142152082320429 0.09158310688355413
0.06903531220586787 -0.003949066748952728 0.09429124742251385
0.07193746224687476 -0.007353705110067757 0.09038286167574827
0.07030599636402073 -0.0067524668700097105 0.09332912756673459
0.06864646516088938 -0.006191960095918704 0.09635450645835728
0.07203109539288267 -0.010063797887935525 0.09100567467172885
0.07117401547511913 -0.010574423759379045 0.09368388720017998
0.06970853503337794 -0.009242865772257572 0.0963439247530501
0.06537343844233816 -0.0033101107333689986 0.086953353403454
0.06466516777203526 -0.0062836034814504884 0.08815073129322236
0.06451042857867695 -0.009188397819702916 0.08973618520782614
0.06051200837122618 -0.01053238956952314 0.09195737203146533
0.05989682865349199 -0.009859384173593038 0.09468314637734176
0.05882542627180018 -0.005767280134462612 0.09518311223992877
0.05872240174094803 -0.0024068119084442265 0.09496895392855675
0.06736499012226607 -0.00395640995270425 0.08724841098785854
0.06766581461165322 -0.006583118879765611 0.08828216687425346
0.06728184995610574 -0.009309020361023851 0.08970488608028593
0.06332848437859001 -0.01005942816420747 0.09148892479901784
0.06105256679890951 -0.009027964397938676 0.09473983907000054
0.061189632346743135 -0.0050028346775868515 0.0949510833131853
0.062298248948732836 -0.0025992277272585567 0.0948618836953006
0.069215704485951 -0.004463038218180144 0.08862526928325609
0.06879043487055143 -0.006118659377337191 0.08890987710724568
0.06891202090708771 -0.008286829999025901 0.08983314582303277
0.06621595338202264 -0.00843367581548304 0.09175163274404645
0.06562169639952184 -0.007779146481209056 0.09417919424042051
0.06542124266198247 -0.004549092585903626 0.09400457638598496
0.06619857253020466 -0.0038357627556752792 0.09373482265195694
0.0658873401765018 -0.003730462293829737 0.09052747570466263
0.06565688881549428 -0.004662626547254181 0.09079140064117026
0.06147666606598077 -0.0025213111614496406 0.09044442553294757
0.0583436943812518 -0.002849934105196228 0.09000085316151099
0.061606899512691146 -0.0053039793938854255 0.0905643909471458
0.05853934514955531 -0.005947593840649871 0.09094837184986732
0.0829350669742043 -0.006454217314225887 0.05554001104155379
0.08190045052507172 -0.005816019104233653 0.05726041129967599
0.08228132307676622 -0.0050501280294954825 0.060546757905715454
0.0826875331860803 -0.006151168508337995 0.064618671011474
0.08275149736213903 -0.006218858424339981 0.06920949797528131
0.08284145060102409 -0.006017160311882156 0.0726523065462032
0.08128911738372067 -0.0063342007776507015 0.07504902408182287
0.08452736690444279 -0.00822944542542843 0.05895798676374592
0.08351318092946637 -0.0064642232772790425 0.061540415368343745
0.08499287806647204 -0.00805087856718624 0.06462659710835883
0.08493398902259151 -0.008521866883176894 0.062106077160068995
0.08507525979497134 -0.008366521089163217 0.0731673520608683
0.0839279436852238 -0.009076574127617549 0.0774827997034544
0.07980848361694881 -0.007677835256065337 0.07860791878885733
0.07960569602416365 -0.009878736030905557 0.08145220394226019
0.08540937072898125 -0.007049678715985976 0.05421114346800895
0.08540873111710208 -0.006545171657669961 0.0565372302997229
0.08552286548082746 -0.0058463245959163145 0.06063282539287624
0.08568197384644116 -0.005766801621903922 0.06503256239711921
0.08611938787112691 -0.0063439009373255605 0.0704058072093509
0.08586541764365388 -0.006426992142396891 0.07337787374171029
0.08566534881194932 -0.00748691605659612 0.07623299234170124
0.08669616281789949 -0.009713399399565255 0.05768533257129645
0.08629129359294918 -0.007705992931982184 0.06121829726783909
0.08713259501937741 -0.009510449513685045 0.06554044616463137
0.08729545327308352 -0.010425085958864473 0.06240574669285974
0.08624113874993969 -0.009299793486758771 0.07321223650005493
0.08609243168890679 -0.009609502395507211 0.07749773313988999
0.0849694278222185 -0.00834028071533826 0.07956659239303063
0.08439546434056237 -0.011376741454060674 0.08173652803542567
0.0848857376764414 -0.004836579018674602 0.05342103967077247
0.08414243757386704 -0.003180950287074592 0.05634269226148737
0.08013474813534265 -0.004146588096106011 0.05379351432729982
0.08058541963359021 -0.002637603056510338 0.056965480842408045
0.08411198192518146 -0.002384795114846776 0.06003450943936221
0.08025295208681887 -0.0017690229573849795 0.06035609143839678
0.08395078772489342 -0.003525373298917423 0.0633862900622894
0.07984898036962876 -0.0016940769518508359 0.06322340045844833
0.0837202025678411 -0.0037204007985616933 0.06641037217344868
0.07948229915709924 -0.0017937980225245964 0.06609915428324237
0.08352736492128157 -0.004060297221964141 0.0693774473736759
0.07936833446507034 -0.0016131440674421829 0.06918468453544019
0.0833546398307432 -0.004397881737445428 0.07197981654833692
0.0794605087017591 -0.0019148877662462063 0.07171074939085995
0.08263446278308652 -0.0051828106367350375 0.07794488573102248
0.07833765589881744 -0.002866043892420429 0.07732629203786535
0.11799928579087306 -0.020351650440253815 0.10208981978169196
0.11407319804786839 -0.023114923690950633 0.09867397527615303
0.10925256878842035 -0.023899929008521524 0.09495613734238152
0.10287038541959721 -0.019341157856245846 0.08846895172664386
0.09978508805967383 -0.01798730803703099 0.0864898070707133
0.11519418400541168 0.02458121955376739 0.08566788722838325
0.1153181010049602 0.02583747475548024 0.08511182029855753
0.11509845435783146 0.028892430833118914 0.08404753663475963
0.11553635617832013 0.02319258341917004 0.08371561513503009
0.11700343352193418 0.022572223506081318 0.07861171077163343
0.1191717633745117 0.02144341649293561 0.07089374289158065
0.12093006263985177 0.015562030551467695 0.061971835172857925
0.1176616008088723 0.031368360214566016 0.0743673946331974
0.11870363057737715 0.019371260864556653 0.05959363003659525
0.11795072608265923 0.02553200467574498 0.07351447550153865
0.11895634014321842 0.014981090138205196 0.060154035511998175
0.11428654751542616 0.015986874406349272 0.08228941135708016
0.11706911430699113 0.01691899143073912 0.07617308699327571
0.11940162466867177 0.01646328596000685 0.06928361867424929
0.12007916294167613 0.013552110599670113 0.06321512402176256
0.10400720615606998 0.018945479507965268 0.08164120601028815
0.10788158766600674 0.02201671821720585 0.08082561318158898
0.10788358486856738 0.02363926764254535 0.07951514620432006
0.10431782838807277 0.012873425689060521 0.07770879700189678
0.10617431351828982 0.013550387518484077 0.0744701233227421
0.10824724873551538 0.014225694753075722 0.06913491668925242
0.11136488565130967 0.008367154594020165 0.06252260616776702
0.10925440771433834 0.02707621586655094 0.0716760783917989
0.11179574146564485 0.012252159269779666 0.05920823945819708
0.10873680698869044 0.020170961143147113 0.07154740872603403
0.11054236208937322 0.009184008138231703 0.05922589432491746
0.10748369586577464 0.0119809788770922 0.07952807910614161
0.1094019033784625 0.011871067590696366 0.0757381077967221
0.11094581515684791 0.012830395204459534 0.06987471936503853
0.11348830786434361 0.008781252976708925 0.06392383942238687
0.10352103568103241 0.011407058010677764 0.05581123919430541
0.10025276241538329 0.009028808138389905 0.05590731321356699
0.10035782499492668 0.008027398650734475 0.060478048561848304
0.09973755739803418 0.009498575537916611 0.06742984889218509
0.0992510363030087 0.009710409001410035 0.07256902771058134
0.09930823403805569 0.009074589503779065 0.07530136389040866
0.1268239817808802 0.016807072280361546 0.0860247686294404
0.130674519619102 0.018048194826535913 0.07805108089554197
0.13119424659245477 0.018309623638997918 0.06871882347096515
0.1312311013463473 0.01789392189206303 0.06414998934477452
0.1289535765614833 0.020671288096274103 0.0886059524404446
0.13173568776239625 0.022006149333787448 0.08022774824697593
0.13325381564258135 0.02145054559297505 0.07101424669591955
0.13309354291783146 0.020491992202820653 0.06515606966883783
0.10117065858732872 0.020257507548375055 0.07351875712813989
0.10173697901125987 0.022083916820394258 0.06480213459946006
0.0999539350948712 0.013334892393562316 0.06627285042996543
0.10011288927966323 0.017224634431562514 0.07385812968695496
0.09979555804517237 0.016062181356909844 0.07811257918889326
0.0961965347330697 0.010226313428593538 0.054245559334362585
0.09380373725738016 0.007791265515273157 0.05592581266204407
0.0940945532835281 0.006819546318136439 0.060298517647422376
0.09421398287521378 0.010523726969083779 0.06322032245502192
0.09510822675266546 0.01631155439166313 0.059636933850001135
0.09401913890697809 0.007995140512916533 0.0670634433498886
0.09412898943585817 0.0086820493417015 0.07064145412336402
0.09481816904586286 0.014670202721711009 0.06975341758119281
0.09494990561754532 0.017044537476538786 0.06740187977762717
0.09424388243223134 0.008502291215133104 0.07343906887535875
0.09449287651816846 0.013923235253721774 0.07528133216387549
0.13156223961861468 0.02605066312909922 0.062009027069412595
0.13106728114585797 0.02252358182713812 0.0637248921856777
0.1299314959471865 0.03302871263401742 0.07788797714732004
0.13026881462553946 0.02679925326429089 0.0767069107905263
0.1272310318744467 0.028079305642708566 0.08506941155294981
0.12839799797085508 0.03281157978350359 0.0835976795964154
0.1264949173640335 0.025538978952471918 0.08831803520929421
0.12153612492939417 0.01805012564186489 0.09174762408974009
0.12492432374830273 0.01972435318092141 0.0948648342384683
0.11093189820484836 0.01597001921770552 0.08642706324101561
0.10613288203211442 0.011685660623261493 0.08243790692418806
0.10273550832064081 0.012633150849830644 0.08000434925364544
0.09864334810080551 0.009666249858474966 0.07854780183225747
0.0954503857378299 0.009134457059401968 0.07670218297876871
0.11143322785059175 0.02216023360761492 0.08850154487667992
0.10221971058733988 0.01747387273269484 0.08428437738639447
0.11317910619855494 0.02432024327007076 0.0913447904707174
0.09878349415029923 0.016236043849430018 0.0825519563490014
0.09516189817927194 0.013721410068168401 0.07891328868995955
0.12404291598309748 0.022597304916584696 0.0952897346402732
0.08851559674213545 0.008038757325797743 0.054012773988767165
0.08792521244086064 0.006794917428196995 0.05616275520615056
0.0879702335068092 0.006090655728747195 0.06040307026358088
0.08845384035692275 0.005617704112484032 0.06646744691902995
0.08878859974516191 0.006524627537026483 0.07061370169137048
0.08885693956038472 0.006822667942109893 0.07358337390646978
0.0888220524728462 0.007685400502386904 0.07697507051064599
0.08906759061140984 0.011559626952267235 0.05668954243981161
0.08889488786928303 0.008270891497974732 0.061369826280283195
0.08968523681418411 0.011772615640329769 0.0669269867089078
0.08958605173816285 0.01254830439990582 0.06362296203709283
0.08979366675061755 0.01118694251679516 0.07418263636920887
0.08995257454883207 0.011692415176355244 0.07862359864621352
0.08960230045309912 0.008393356578934273 0.08024921829627317
0.09075828785315192 0.01340591962866642 0.08289880419552663
0.12650143351413196 0.008784403055165034 0.09592149491104841
0.12058284523829263 0.008564640269320944 0.09430004656368661
0.1300264692202211 0.009268949354425517 0.08706830867050903
0.12704904110766968 0.00945183854498199 0.08553683965455552
0.13145270424657107 0.009827353660434772 0.07798067768955867
0.1280387604540458 0.009418778364570895 0.07724503149814742
0.1308159099573966 0.009739622682074837 0.06897476839573263
0.12716124777478313 0.009301846959590958 0.06968382816910136
0.10286501857486396 0.0072505211477222895 0.07505109977970832
0.107533190521903 0.007707770867189689 0.07678900717518251
0.10844671771189753 0.007304554522299495 0.07184978067652643
0.10480569836371842 0.007079962174830712 0.07085306180399817
0.1097061773290542 0.007253984540917397 0.06782731242531706
0.10604398295363918 0.006858510171991466 0.06705517849822944
0.11114355157483057 0.00612807258572664 0.06265947139143382
0.11036722195868034 0.005617027456818248 0.06224570849395255
0.11115285859820645 0.006356142861445018 0.056165090886313225
0.10347132206247257 0.006357736121783649 0.053811040331580746
0.11122923383368365 0.0065461530569125865 0.057842530766971885
0.10104349601055704 0.005470309332279629 0.05584482593869822
0.10086194064998875 0.004309195135642159 0.05997057376948
0.10024909665401122 0.005647004987831024 0.06513508728495353
0.09975679597023195 0.006290480358457686 0.06918902855683241
0.0986821957359744 0.006523993808527466 0.07321087372637351
0.12897982479134432 0.009636001692611895 0.06184766987253397
0.1252636442168535 0.008969269494284726 0.06179659219885775
0.09636170275687665 0.0056266324791235615 0.05270970550862172
0.09453670082434236 0.004470157155489156 0.05530071781347988
0.09498689736034287 0.0035628946470411113 0.059736898278576735
0.09502818757721404 0.005083298019089515 0.0644139962753156
0.09483394724174725 0.005587367614478907 0.06817554717572666
0.09414722304198567 0.006011160020072402 0.07151612649194529
0.10507850698633486 0.0066887275712469475 0.0826888332087245
0.10038761064514873 0.006984975088776554 0.07946163409266817
0.09690956555276645 0.0068020596960722355 0.07726241209881864
0.09293989208180156 0.006391557968845633 0.07509465767824715
0.08822880053096777 0.005089684931426125 0.05308109810978827
0.08735948755752593 0.003476108395756306 0.05579536352156482
0.08736742420857432 0.002549249809159817 0.05988734671913919
0.08730053655416409 0.0037779934424878253 0.06361410598084571
0.08733136337400456 0.00396817189610802 0.0668892991758531
0.08686285509186616 0.0044626749330426655 0.06994037593826945
0.08654283343918291 0.005113337633170086 0.07256865607685647
0.08807664788194007 0.005812355798384979 0.0785445732048133
0.08947159263427973 0.005946833188324526 0.08229158043695516
0.09002850184924338 0.010069818252593812 0.08354991604692821
0.09352306531809393 0.021628393222380266 0.09654984194405826
0.09451663845565939 0.013996461526591014 0.10917561703682307
0.09533172088431144 0.006693596491642459 0.10987385725170962
0.0905521698363766 0.00598698778126114 0.08764082515994999
0.09398672649753514 0.006502512473969985 0.10649470478512861
0.09130274603356915 0.010470997543548459 0.08724123780689669
0.09337798815186073 0.01920619641513239 0.09818883576083924
0.09397131200218603 0.013403111826434616 0.10575177190479117
0.08257692916366281 0.0053560083202354265 0.08169075915113837
0.08348276753428974 0.009181552759687215 0.08300874151070797
0.07966146554186143 0.015976505396322945 0.09345694534370894
0.07709329425887046 0.009793318399388268 0.10619539513385068
0.07750756673225433 0.004110767170185225 0.10669077008959116
0.08200582784260607 0.004945471339425937 0.08543293565709108
0.07905013708980499 0.004410834582842229 0.10242633570171525
0.08179077241681515 0.009949839478336192 0.08674950528913393
0.07942015318961544 0.014328816782390145 0.09367513724578197
0.0781051378859117 0.009521707122938925 0.10325165145356734
0.10660222330352152 0.017871554317327662 0.08388993782281155
0.1079578871182315 0.01376870928177212 0.08360345960921522
0.12158552525343336 0.023805073796270657 0.08537678596892805
0.10841261754552375 0.018192797547357684 0.0813612999836784
0.08220121851304141 0.013491068623178405 0.08809076373630138
0.07701964243942525 0.01575248777286476 0.10185703608848488
0.0931044720736832 0.016313012657739226 0.08858418691252466
0.09435049693300021 0.019037880484842427 0.10454931649051112
0.113222232169412 0.029420750574296935 0.07277620981739058
0.11287334953602568 0.023182949069665112 0.07198116290672167
0.11400363413371412 0.011466299614703973 0.060190739510772244
0.11413924133814313 0.016010009612695872 0.060043403256050544
0.11094169720693825 0.025805350896302655 0.0823246598168552
0.11147086777548719 0.02444849555781588 0.08349256134300329
0.11388410283586696 0.01878677457809921 0.07057119236041985
0.11578233593976643 0.013349000071914979 0.06258809965917793
0.11100486113204941 0.018503049496789773 0.07731113789073067
0.10892095640089941 0.021595275051198373 0.08368801844990148
0.10940792136863342 0.014052439636372826 0.08158085083611742
0.11152448459605509 0.013836449873670198 0.07593260650824082
0.11347430086844527 0.013890875357967406 0.07024582429276083
0.1141842759226612 0.010722940211601067 0.06536327851593252
0.12632527680678401 0.016849661210873997 0.06272997457751271
0.12739834280590306 0.018973991238093523 0.06195012115924222
0.12531222532582548 0.01770015617124154 0.06863355568227755
0.12674717969126212 0.022408626178155082 0.07060145245034743
0.1239855064818692 0.01776263611123561 0.07670308498896997
0.12420476211190279 0.02372741974999319 0.07828568218696108
0.12009672324472437 0.01720427986645066 0.08363372812236464
0.12261662186791121 0.028088295753464314 0.0755225174346025
0.12371666102109291 0.03252221945788817 0.07651462837962875
0.1251597664769545 0.023978651632322986 0.0606386891364253
0.12518569063732848 0.020558200976229533 0.06171591586853067
0.12115198118306436 0.029780457894870927 0.08740590914347823
0.12145421527016333 0.0327395822279036 0.08573404370576208
0.12041062136857048 0.02663706492290107 0.08771880225281899
0.11626654807164817 0.017705928038558583 0.08974996781372828
0.11753859897253002 0.0228385540888214 0.0907294384724171
0.11814734079566666 0.02450162541579121 0.09331674061799415
0.10511562483412856 0.018958851965152734 0.08592548468087009
0.09183995777503234 0.014440384801435868 0.09025200644516312
0.09279148636474512 0.018092982153375688 0.10187483280932079
0.08082430607171971 0.012685026577198307 0.08840974468385619
0.07709711982176957 0.012897469206591947 0.09884783526002734
0.11330836248673806 0.006651940843095342 0.06289905924782827
0.11640902981882177 0.007317388228728229 0.06233252510837512
0.12111455021768885 0.008168446767513791 0.061919758113914765
0.11458440752461573 0.00868633600282212 0.06311210814905284
0.117673023050249 0.009577001938647174 0.06299346445507169
0.12290776262356734 0.012872798957386408 0.062470198321140535
0.11543097635133423 0.010334440243996297 0.06446414239235743
0.11863490314322576 0.012004860590267803 0.06450859796413042
0.12321196349927212 0.014460990953629892 0.06339627012029138
0.11334430740131175 0.007339480390658663 0.06790923384941772
0.11739087060363454 0.007898976720538346 0.06823772436648227
0.12233581089613914 0.008399168786944891 0.06904336728959994
0.11493157094247301 0.012505141404745877 0.07009935979806127
0.11887328177157062 0.013291017432209506 0.06958446176018085
0.12414485243719707 0.01475549406646103 0.0694150365363933
0.11503883870010818 0.013430946326061365 0.06994346817654616
0.11927943889737842 0.014990581031038118 0.0693736362121558
0.12402543774988703 0.016078705565958723 0.06843435548639554
0.11298353294748606 0.007447103675958835 0.07304655066415222
0.11744988133588527 0.007697579803916186 0.07411242877643438
0.12263691349725094 0.00832657372953732 0.0754893443762002
0.11350800403196948 0.013144138102282467 0.07614819726037542
0.11902578757602766 0.014051729991067343 0.07638004307202102
0.12535568939254313 0.015470706837184486 0.07652083962760595
0.11321453260585425 0.014244224522306323 0.07630042828145413
0.11799750366955016 0.015773185211665326 0.07660773696129801
0.12362751887397692 0.016351340205827108 0.07628506052528451
0.11239087709682054 0.007665186311106997 0.07884670818339612
0.11707896190858356 0.007991267589577217 0.08107872936879078
0.12210732320582024 0.009031975337260564 0.08327272824644608
0.11303004715316328 0.012860379589120495 0.08117233806019782
0.11731218794980942 0.013197823401050364 0.08198507992189376
0.12370185167947835 0.014633706447932417 0.08387967432508472
0.11266467087372424 0.014208581668554918 0.08176611824861757
0.1151742419822033 0.014728777619908692 0.08224827639158463
0.12018147228725866 0.015892695954615656 0.08331189280826332
0.10907038702038101 0.007066766554597813 0.08559282868624243
0.11316142895696944 0.007453437610515586 0.08836576806107448
0.1168508558910277 0.007846459580954538 0.09138126019874741
0.10966193656024346 0.01177406138418579 0.0838111789579209
0.1142032042221742 0.014227626133928048 0.0867413479657961
0.11906391723048619 0.01466178222012821 0.0896218515391512
0.11034893838603939 0.013057282219287949 0.0838149116244234
0.11189380740610326 0.014890496789891742 0.08646495763504367
0.11582307936854998 0.01668663878262754 0.08915485756989507
0.09157145210252784 0.006108602139742021 0.09237248936982535
0.09256808201559708 0.006250816662739008 0.0971110090450095
0.09353231653381229 0.006408208526567383 0.1018579831337432
0.09200173565783204 0.011272787670838526 0.09205931977585191
0.09252032256597985 0.011991483576608971 0.09664562737070834
0.09323732787701478 0.01278608335918873 0.1018280475888599
0.09183943726349524 0.015046728715440234 0.09424316532393269
0.09246517255140342 0.016682096514339943 0.0980121934544865
0.09274048423508036 0.016215498626800048 0.10115704974467168
0.08150831340404126 0.004832862291853742 0.08964532492272627
0.0808515541600633 0.0046813264623397225 0.09389336330376392
0.07990025017293899 0.00452653641721126 0.09813716752369347
0.08106137284971357 0.00917683167355858 0.09044732227882091
0.0800822972624961 0.00931968459695641 0.09472163177334919
0.07907130603407848 0.009586866596203641 0.09903723821498298
0.07951594632551738 0.01061975125225106 0.09197730347447122
0.0787704607927932 0.01092547244339126 0.09447409634965453
0.07743066470083954 0.011146116571819664 0.0969153907340273
0.09185818808696285 0.005561590612827627 0.05310232688330421
0.09075740970761653 0.003974088709269613 0.05544215015490586
0.09194995472408082 0.00927174032825612 0.054042105417980525
0.08994266919193854 0.006983896609056273 0.0560027555002981
0.09104477297446235 0.002857835973814874 0.05990756942738798
0.0901967642426894 0.006466853634310683 0.060387231008886294
0.09102941909811385 0.00454228259842675 0.06395822476046642
0.09116354478693098 0.006361258448346046 0.06658211164114981
0.0906580347943045 0.004615407469058346 0.06734471827271415
0.09142743628995868 0.0075170478734440365 0.07065607816713577
0.09029580023849675 0.005193705869789088 0.07058393392394226
0.09126845575152762 0.00800842293298336 0.07319126872749182
0.0897597300859014 0.005977091392508586 0.07370248751557866
0.09233035020184202 0.009143877414643833 0.07704971909041021
0.09143044139267383 0.013367503385538083 0.057480905439896285
0.0909855008748264 0.009209086999823994 0.061904667679205085
0.09178885090284189 0.013596955252589808 0.06814915027588211
0.09160033518236473 0.014186083784841036 0.06478555613083126
0.09209026387835587 0.012845302588472038 0.07431472347262433
0.09257532139749772 0.013169210431324829 0.07945381494918716
0.09298574667838934 0.006387312741010655 0.07881339938896299
0.09433226547775984 0.008897033269390333 0.08031713914328396
0.09696294071447747 0.01589684093849688 0.08376261390764349
0.09622177117705516 0.006501500376108655 0.08264249206919291
0.0989519955720696 0.006425405652992795 0.08646470355044551
0.11063549207562208 0.007404658251930907 0.10195305452026389
0.11335177397129927 0.007653169343765 0.10701766926207104
0.09799372679066135 0.011411656790237031 0.08391777857267498
0.10017651347946283 0.010866518267520579 0.08697448821539565
0.11250157629856782 0.01586036976540224 0.10031465392418015
0.11414383067248401 0.01714925756069037 0.10564559746201815
0.10218828036853618 0.018625590180950155 0.08927993915567813
0.10190617773402082 0.013654581594732353 0.09047907696130716
0.10636573032179931 0.022504074481064524 0.0953944614767958
0.10573683325610554 0.016863533249127958 0.09500694595112051
0.1107919827472043 0.02179905786262313 0.10154843121211737
0.11069432900840054 0.01685680719756439 0.09816302013446734
0.10195057422017996 0.006685533219787095 0.09030726929392155
0.10489325733569277 0.006922237507356228 0.09416749337257685
0.10778602057221295 0.007166619017086083 0.09804540789451281
0.1037596923699813 0.012292166174614011 0.08917222973518459
0.10740910348501079 0.013657842693586282 0.09335913575165483
0.1111321134284339 0.014507968945664664 0.09891428415805895
0.10330684563896052 0.014091628625565513 0.09136870983219475
0.10653188451533153 0.015623216094173793 0.09445821166744918
0.10944564664973372 0.01576529719903251 0.09803381785096336
0.07616662859206118 0.004042058936468942 0.08164606809711261
0.07532877874572044 0.008617054889263294 0.08434111780789103
0.07299557185379439 0.010913228815687693 0.08793720106111237
0.07042540306168485 0.01425947392222794 0.09234424788216283
0.06621527463809991 0.012106540173924643 0.09860432348921243
0.0653171866962305 0.006905132073466293 0.10113165271573306
0.06518054000572845 0.002849083043578708 0.10118634917906193
0.07443776854175532 0.0041963585637982016 0.085509565042398
0.07294357462366574 0.008422534283602076 0.0878210472753961
0.07244786444032064 0.010968077042484028 0.08895161432123438
0.07010635072730217 0.0129035729438059 0.09240406101234844
0.06711999069097374 0.010354169384771704 0.09726595542131475
0.06656088318858733 0.0054644213923287785 0.09913043982876263
0.06696271716886598 0.0032887648408096992 0.0970236813563098
0.07278998215662116 0.004396378448076466 0.08862684637511017
0.07109026768136925 0.004148988212954978 0.09158229439908512
0.06903462250350118 0.0039560522894316235 0.09429045542860007
0.07193611674351184 0.007360587396856113 0.09038138928818155
0.07030483536791862 0.006759595011118415 0.09332775369976216
0.06864537632003544 0.006199403509552521 0.09635322292592186
0.07202944752545189 0.010070654532714171 0.09100359449399392
0.07117215656409516 0.010581723700377766 0.09368178970282036
0.06970687589497836 0.009250438408339466 0.09634193506200196
0.065372936513878 0.0033146851977829787 0.08695270330346917
0.06466397894917272 0.00628832014857163 0.08814914405596724
0.06450938407508681 0.009193249826862857 0.08973423755509227
0.060510309065696204 0.010536630001813348 0.09195426858493583
0.05989511449684502 0.009865001645572236 0.09468070776524827
0.05882438225809525 0.005772579580297656 0.0951820120133435
0.05872199489786662 0.0024118006707676614 0.09496854150491806
0.067364322458719 0.003961529065746111 0.08724757532820179
0.06766469091812802 0.006588445026229271 0.08828064941202858
0.06728046158617464 0.009314616676556512 0.08970296182678505
0.06332697933481334 0.010064376761356806 0.09148663894968254
0.06105098734897676 0.0090336341569568 0.0947377285580773
0.06118881588792036 0.00500842015955561 0.09495021109324353
0.06229778746773456 0.0026049616422074147 0.09486138444534561
0.06921491067576169 0.004468911493350781 0.08862432743424252
0.06878954361972657 0.006124299657781124 0.08890860204563944
0.06891055506322133 0.00829283368110693 0.08983144838423493
0.06621452120054287 0.008439599847297558 0.09174978761401004
0.06562033909173232 0.007785503714346222 0.09417763334972785
0.065420424362998 0.00455527609149536 0.09400362305446903
0.06619792734637953 0.003842085930485156 0.0937340623457263
0.06588673969688243 0.0037359209856391105 0.09052668546663242
0.0656561612774948 0.004668066575466252 0.09079048487876394
0.061476233151402514 0.0025258219657663334 0.09044392533352408
0.05834309720293987 0.0028539185459963224 0.0900002783835362
0.061606079934951194 0.005308490191124695 0.09056328734323942
0.0585385212341779 0.0059514855903672744 0.09094749292793354
0.08293293851140868 0.0064567404553530616 0.055538819589006264
0.08189853248914619 0.00581851868812548 0.05725933763806704
0.08227965744526824 0.005053359790188204 0.060545825532880196
0.08268566775721617 0.006155317581696873 0.0646176565848624
0.08274997321070869 0.006223781840999772 0.0692084260958914
0.08284002576228737 0.0060227194271878 0.07265125154452942
0.08128772069630304 0.006339906260320042 0.07504782452871807
0.08452465293327463 0.008233124280765117 0.05895646756037114
0.08351104895356644 0.006468044491919585 0.061539221949260994
0.0849902227735427 0.008055757145359641 0.06462511075138253
0.08493117851804315 0.008526260812566239 0.06210450392007115
0.08507337607365478 0.008372787699340222 0.07316594540313114
0.08392607265405563 0.009083301988711429 0.07748112411037983
0.07980690907013124 0.007683898804504196 0.0786064917903422
0.07960377990807511 0.009885343892745035 0.08145031654440937
0.08540764778855216 0.007053119151580531 0.05421038767935516
0.08540698810056507 0.006548991775118134 0.056536328734432394
0.08552110248808455 0.005851000500749976 0.0606318582235343
0.08568040783849772 0.00577207086316263 0.06503141115927542
0.08611786795485907 0.006350057398049703 0.07040464330532215
0.08586400184800257 0.0064334523200152436 0.07337667713150865
0.08566375103178683 0.0074937940295503784 0.07623163628302812
0.08669426239519852 0.009717703456383895 0.057683984100968734
0.08628880506248031 0.007711004253679579 0.061216918406167865
0.08712945834114587 0.009516202146747496 0.06553869034194212
0.08729201511280235 0.010430313668930517 0.062403822109148785
0.08623911754986932 0.009306310266148747 0.07321065544514992
0.08609042853369189 0.00961670381498501 0.07749601330834482
0.08496774613628855 0.008347608555760472 0.07956501709568006
0.08439329934374806 0.011384328140689457 0.08173441197363995
0.08488461510204413 0.00483983049676588 0.05342056635267274
0.08414158360721283 0.0031843781765549246 0.05634228531214347
0.08013338073590189 0.004147865755863391 0.05379274889623354
0.08058454964685667 0.0026396148493074843 0.05696499384873724
0.08411133047463676 0.002388789587830414 0.06003409866435825
0.08025236839813876 0.0017715509794266192 0.060355764706181245
0.08394974512863762 0.003529879042265988 0.06338564380221008
0.0798484213264222 0.001697000987628809 0.06322308752206345
0.08371918474229896 0.0037252397113594475 0.06640969509778276
0.07948170716687615 0.0017971319133883025 0.06609882290406072
0.08352633874297861 0.004065524523696025 0.06937671972486814
0.07936780195132402 0.0016170098749094617 0.06918438644948775
0.08335357986787664 0.004403485026626021 0.07197899287923891
0.07945987661697605 0.0019192501653261741 0.0717103955678913
0.08263337076353741 0.005189307107512981 0.07794389629639384
0.07833707425864489 0.002871554937984 0.07732573911054043
0.11799571162780761 0.020368526818540292 0.10208525167330491
0.11406904023353598 0.023130252544161917 0.09866844753950994
0.10924854833284822 0.023913736688901868 0.09495078618989183
0.1028666390367381 0.01935309141998973 0.08846486770622818
0.0997816276682528 0.017998223331118036 0.08648615635205509
0.10645098394480929 4.534471361848727E-6 0.07559814618633467
0.10761519714398649 3.2743820365691867E-6 0.07068797217715456
0.10827018849190727 2.193509822594426E-6 0.06667973004625571
0.1111048603507061 -4.1829153456976023E-10 0.06266039893034259
0.10985815931710936 -5.764178504495514E-10 0.06243369004006962
0.10970875648540016 -1.1009662116506059E-9 0.057879191595643815
0.1093597753125427 -1.49556730053432E-9 0.05467866804837989
0.10184914114221065 4.4761702187302176E-6 0.07364698583081919
0.10287907786764687 3.676549071944711E-6 0.06928888020705323
0.10368743100039161 3.0171402409692278E-6 0.06528729016501045
0.09975900853921135 3.3041498562016166E-6 0.0642500320668938
0.10122279440816663 2.8013481640560863E-6 0.06005284907803859
0.10216856054292266 1.969645698455906E-6 0.05583756707451647
0.10288980043719802 1.6946194841171864E-6 0.05246034731559961
0.09907880885951219 3.944439203117599E-6 0.06796614892341775
0.09796828134369816 4.212402494570044E-6 0.07176171946279351
0.12460651164933782 5.892554795874522E-6 0.0847362153130319
0.12587165544209056 3.926968024069941E-6 0.07637674016073724
0.12395777716867294 2.2075777221356745E-6 0.06855982167891685
0.12020961557962159 1.3067767035285166E-6 0.061247742705476345
0.1292622863810928 2.4036640223633044E-6 0.06887114968023045
0.12298345548906445 1.2251492004878254E-6 0.06113114882678643
0.09652023874414047 2.3891848856435422E-6 0.053063495000377416
0.09574533117989699 2.429986250638109E-6 0.055069125985516616
0.09480546205000816 3.0166102575396382E-6 0.059531597239543474
0.09477625055672473 3.4808884760991394E-6 0.06343513528579361
0.0945286747600985 3.779168023740845E-6 0.06679359849969163
0.09401423640348568 4.005824871390556E-6 0.0703290210085304
0.09260593966070509 4.061127043807229E-6 0.07448158886969897
0.09630918072181495 4.5308220344402335E-6 0.07690798657876666
0.10008348866922663 4.783443323482631E-6 0.07938167771977532
0.10384948255522398 5.289471009470494E-6 0.08229976758301885
0.1186589498821678 7.238372734035734E-6 0.09377006496174513
0.12511657577614071 7.697576219298858E-6 0.09499801656324271
0.08771548949761579 2.169556283274031E-6 0.05546688988866616
0.0878571391067622 2.122733603924032E-6 0.0528745366335113
0.08743771998964966 2.519309712316903E-6 0.05933106548930278
0.08698360234007792 2.743574325895451E-6 0.06285302545876191
0.0865464299293352 2.8717229094596326E-6 0.06582758505678546
0.08610778415776589 3.0137684865980125E-6 0.06925419740411112
0.08568220446001255 3.1600444408676354E-6 0.07213279519966179
0.08782165762466779 3.6947965105429655E-6 0.0763196913300452
0.0896536619356449 4.17181607570013E-6 0.08136294027313028
0.09461056560195838 7.359007677774136E-6 0.10952011616038594
0.09057537517777858 4.719880101937007E-6 0.08634456528606309
0.09418295316077717 7.0423325957951455E-6 0.10643998951452965
0.08252289074399476 3.4717830667288415E-6 0.07989516181027546
0.07808704078761312 5.606445431171513E-6 0.10566504295498433
0.08234803531538709 3.841564795428398E-6 0.08424201849448652
0.07895077412749917 5.281398972921699E-6 0.10193953558325249
0.11388383100866262 2.8612105508358096E-7 0.06135790499703896
0.1155466978375149 8.143136415632631E-7 0.06145701527357119
0.11734037058927903 9.845586997797045E-7 0.061353980836989744
0.11275875039727708 1.5504305884055638E-6 0.06713884328941286
0.11615655319393524 1.9011716733136037E-6 0.06737421595246586
0.11982747446268513 1.9239866995018533E-6 0.06790316659825066
0.11164228851750722 3.5595590534000907E-6 0.07214650711481072
0.11659148839471276 3.2376773261914143E-6 0.07334300070389789
0.1214704219602129 3.6283842323397066E-6 0.07504994017256235
0.11113547662514943 4.627510437502885E-6 0.07771633281517716
0.11576077002718048 4.986924267167289E-6 0.07998395924119814
0.12018818744407099 5.4198320981197835E-6 0.0824631179441336
0.1071976228852366 5.870138088962043E-6 0.08485079434931907
0.11089558014555329 6.205151599089297E-6 0.08794014859664531
0.11487309331731396 6.684404947231554E-6 0.09070587638067114
0.09153172437907311 5.3580525119365895E-6 0.09128573294900798
0.0924501041251526 5.885409696943586E-6 0.09629818493536274
0.09333503644230734 6.461564708412015E-6 0.10135980781848923
0.08169217414940542 4.103674847799873E-6 0.08866774659689552
0.08102477352036437 4.531775921935868E-6 0.09310661361843864
0.08012566164883649 4.9070827341628635E-6 0.09753077568776543
0.09086327215320228 3.233171573706048E-6 0.06338871817867384
0.09144489725803294 2.961678329832692E-6 0.05941967944787716
0.09175485499884062 2.4218929946418577E-6 0.052196630539747414
0.09170481956774282 2.6326514838628615E-6 0.05528745782160333
0.09064764115129058 3.468361777090621E-6 0.06611766310725964
0.08991698627846578 3.5865995729653764E-6 0.06954372666239912
0.0892164589802849 3.651789221374561E-6 0.07301149672319969
0.09172750973770545 4.1634990795541465E-6 0.07645560438076758
0.09564621385001047 4.894166597534272E-6 0.08121390428171849
0.09842532756642329 5.403579616584398E-6 0.08559830917592406
0.1091989919991064 7.767757298076587E-6 0.10235071833358975
0.11213538413274655 8.61967808497571E-6 0.10751278059137571
0.10339165571706362 6.402264469887721E-6 0.0936086615314645
0.10606203994556472 7.051496380726791E-6 0.09803591548505267
0.07573798173448139 2.8247479474180825E-6 0.08129249040487246
0.06528456161575398 3.7298161372466164E-6 0.09988645169879853
0.07408997296222967 3.0770613437848584E-6 0.08557464698372409
0.06728948167814955 3.625672763677447E-6 0.09703062137346508
0.07263134818321836 3.362198915599759E-6 0.08904262088654986
0.07117292280751085 3.419169884051888E-6 0.09146077125090918
0.06923043704712871 3.518896306727408E-6 0.09422471643218412
0.06651182444790836 2.3400667384447106E-6 0.08565778310828676
0.05851533275851705 2.502390073902882E-6 0.09457622171842388
0.06750844127056733 2.600796597595314E-6 0.08756166248995889
0.062384391225396095 2.822535085672176E-6 0.09421331302881635
0.06881965558230699 2.833429733044398E-6 0.08892097203828309
0.0668080734296607 3.139889644606828E-6 0.09332652342882317
0.06683670245005746 2.866131696090851E-6 0.09073830590027879
0.06268477029443724 2.4000942197772565E-6 0.090214732740231
0.058591358541504414 1.8475784318701253E-6 0.08933331880600853
0.12906040999388646 6.527104216343692E-6 0.08720377855770475
0.1304183138969166 4.502846311805397E-6 0.07799033322712308
0.10066813967944772 5.7198311944581315E-6 0.08923265034868662
0.07842722850230727 3.177939364378946E-7 0.053363450453487
0.07911970234757544 6.832321847272756E-7 0.056086389760811775
0.07880849576914094 9.624695372574756E-7 0.05966824730018511
0.07870732499747896 1.2461990890248456E-6 0.06292356660970898
0.07857925364801986 1.4811814229059018E-6 0.06569870196756647
0.07839974240698787 1.7535801723983792E-6 0.06897118794043818
0.07823635101902467 1.953983136048242E-6 0.07143470753010621
0.0782243438458148 2.7050326063241534E-6 0.07705986635033092
0.08392838729103014 1.6073746150714049E-6 0.0557542069020091
0.08398643018868097 1.4391089819533396E-6 0.052687254581298096
0.08352145296059468 1.8196627820742261E-6 0.05954778064654147
0.08312320074280471 2.0637092064943784E-6 0.06299024292083535
0.08275812734236625 2.251662859755831E-6 0.06592487159900426
0.08268288634078708 2.507384757167613E-6 0.06909735540892985
0.08277546420497929 2.7703446753786647E-6 0.07192933784794024
0.08297909972186801 3.133924675624742E-6 0.07601504874862021
0.15184029 0.035891287 0.125
0.15184029 -0.035891287 0.125
