116.33813496222325 -24.033619489589196 87.65645091913274
116.35306796353713 -25.272074446041795 87.06669752976818
116.07551619257217 -28.39161558945216 85.95442207430862
116.45700411820955 -22.632004321428028 85.58647372779865
117.43893028426527 -21.99403251538651 80.06153040683215
119.10566850004186 -21.01212053715109 71.71707410574419
120.92706049719064 -15.561999448902949 61.97138332373525
117.43218895981018 -30.547558162272676 75.92870087029036
118.48618998014912 -19.196112492995713 60.439455249664455
117.92552946190479 -24.881760295179827 74.8139559338716
118.95594313074088 -14.9810998618388 60.15402347840223
115.07113340122449 -15.653070428498605 84.0458460503934
117.3092086852752 -16.60540840139635 77.34622001346946
119.17296000262539 -16.25644067132528 69.73933150130107
120.07936616211303 -13.552099400305128 63.21515473718862
105.13210731523708 -18.52822641418991 84.47240441868325
108.38749760543229 -22.009 83.7104892118013
108.33220422258256 -23.6317 82.4013327345943
105.13535682338987 -12.744358697323964 80.31695722820005
106.67175011485602 -13.328378396566041 76.76145851938699
108.51560564115705 -13.898809031007143 70.85158581638466
111.36478778706709 -8.367150405986772 62.522639189349746
109.31828425116736 -26.01821082131123 74.40115079529744
111.79554408937175 -12.25220073024109 59.208244504262254
109.0946320116843 -19.503233599923547 73.69180172696572
110.54266425702215 -9.184010861734253 59.22591291063286
108.34054147181766 -11.779379786909903 81.82433636773364
109.93413355244742 -11.659554064961364 77.62904225653344
111.12456354998889 -12.562676721875462 70.98179005665781
113.48810940214706 -8.781250023315298 63.923813695206356
102.66269605084271 -11.306805996507775 58.475282602983455
99.76278952831514 -8.665167054419085 59.24511924222479
100.42313166727686 -7.76555615279455 63.66806545300879
100.12349532849534 -9.383520909025735 70.58477789655679
99.9926202802765 -9.60978231444106 75.54725015512103
100.17809057568091 -8.910636371903031 78.34138207857754
127.82242489857171 -16.543634574693467 86.76918830650466
130.8362324790851 -17.826142026068215 78.3654060764663
130.8506682917371 -18.34820828920597 68.82969820714933
131.23090574944757 -17.893898107951948 64.15004564760919
130.24740019823028 -20.393448897858168 89.1472453151481
132.1102006496516 -21.669925074730674 80.47362247652924
132.99170721395998 -21.391108583705005 70.98911471491871
133.0936476235162 -20.49199779716495 65.156103089062
101.36007550073171 -20.2516 76.70741747917099
101.88166046673052 -21.354345335117372 68.16749104900657
100.14041331633723 -13.098268721690788 69.61908099386632
100.31782882445478 -17.218799999999998 77.09294594217948
100.73832862551316 -15.652138363346022 81.31644716838599
95.3911518823188 -10.04360499207471 58.00670385662745
93.31822771120282 -7.530221771835985 59.91894076984147
93.86595449819502 -6.762191484211638 64.34366713334005
94.08598511953991 -10.46518741575686 67.22725205584821
95.03020073186698 -16.09220732120633 63.45793830021726
94.2655890787935 -7.927454183150494 70.83178933030216
94.65206112909445 -8.533847251376452 74.30726080639212
94.84632827836471 -14.665700000000001 73.22624926101399
94.87429829862286 -17.0402 70.87139846150104
95.02741453635454 -8.33233105290528 77.01760428770979
95.35389819731644 -13.507091736265663 78.90102162574718
131.10354921565514 -26.21051240146869 62.44433845907322
131.06698608010538 -22.52359817289179 63.72491067998271
129.83054508735324 -32.48705085416947 78.53269377463604
130.15653601825147 -26.457263642066685 77.1608818463343
128.17161208335767 -27.66945923911323 85.83110173528206
129.04319891810368 -32.533691040070515 84.23321469695247
127.74219712332817 -25.181109773009226 89.0961966797901
123.2616836429602 -17.786376955880183 93.1095514249661
126.9949329922543 -19.526583773605232 95.84072312243097
112.28829152647252 -15.633417292401116 88.77258876682477
107.33881670982754 -11.423612110142667 85.00811587555681
103.86145682073347 -12.323295684487107 82.8659043741296
99.77911882790013 -9.391308311797118 81.81267385728422
96.47854206656835 -8.868732715595971 80.25309024762846
112.91282204114871 -21.787490640205455 90.84320745089546
103.58413265675357 -17.110308936503124 87.47591319251843
114.87681825544797 -23.995386761405292 93.53649031756986
100.13862558772561 -15.8629070141514 85.99339547848793
96.34051504320321 -13.346471468462703 82.65011529794734
126.1480450382099 -22.387902461601467 96.29427918417397
87.97376604321606 -7.937372380672303 58.18417178588705
87.41711223090648 -6.665242505529938 60.405158121687776
87.64148763125596 -6.0285058761299 64.61957482205453
88.4752064472312 -5.606240416605767 70.62512394395418
89.25735258828168 -6.377912344976466 74.70938033969703
89.67412964390901 -6.581239682358982 77.69209676560682
90.00279509998416 -7.3980094902296285 81.23973192373887
88.69767129351162 -11.456394508457299 60.79303974395702
88.62946432913324 -8.164897711028257 65.50468737682179
89.59286683085244 -11.7692 70.62935982565055
89.34782193945352 -12.5452 67.33299998315775
90.70972086299324 -10.78819660016567 78.25586492558803
91.24903847054108 -11.35909766919147 82.89351911495534
91.06737982339261 -8.127573079455878 84.56793826027577
92.40896241832466 -13.10475457220365 87.2281594837459
128.6998274745235 -8.639440108408126 96.73084707072034
122.60775428272873 -8.440369267483884 95.78035441925539
131.12855399183883 -9.110517722089979 87.468702650287
127.96351768416825 -9.304817944627098 86.25436151373194
131.58510771912466 -9.74271874549028 78.25313127319804
128.085505065188 -9.364781355479515 77.80016679141379
130.4161461907112 -9.78784122715987 69.43653036341459
126.78096280678261 -9.38190006376542 70.30624349510441
103.69719291152303 -7.1228790606757135 77.63781294858333
108.25692219240936 -7.583836124224736 78.84893710753266
108.91371697547666 -7.174346757558722 73.45847605203461
105.38501351694306 -6.933152100060208 73.002073570014
109.87872572665988 -7.26464586662944 68.60442630680133
106.59598369240314 -6.709378038797232 68.69601461020613
111.1435528804491 -6.128073414273215 62.65947276016372
110.36722315541803 -5.617028543181617 62.24570974853848
111.15285995241672 -6.356145138554832 56.1650923059837
102.36066701342145 -6.082541380683472 56.16230998125919
111.22923522837657 -6.5461549430872585 57.84253222908187
100.49680477437039 -5.238002207687229 58.78388682947591
100.98539036555279 -4.2414620284112825 62.99810270365755
100.67344245742598 -5.549010843349213 68.06028095366389
100.32682115701076 -6.173091365789059 72.15400799687629
99.45789678261406 -6.43729845205676 76.30807862120389
128.48586579340872 -9.503237645524242 62.46312414440859
124.75005864583228 -8.910560646469285 62.55887630374957
95.5551197795594 -5.603809441469467 56.658625272785315
94.02628730312097 -4.385373739079519 59.35655465577516
94.84496454070478 -3.395027557690689 63.63784790491431
95.15697624100865 -5.021366021250127 68.20328852583371
95.245615205478 -5.531729229542623 71.82452335490737
94.80118717212223 -5.901580435137808 75.16369209520029
106.35838510178027 -6.536177959276055 85.3662516481002
101.54547122772912 -6.829399076808372 82.51547230228125
98.00257942472281 -6.622788906498544 80.6442650267016
93.87519536417393 -6.238035152045334 78.84298065613747
87.6378151400645 -5.029697239652999 57.34172217339928
86.83405127161588 -3.4356462639127243 60.13206508519522
86.98682585211918 -2.4966913736382725 64.21856163339783
87.12636947784456 -3.768086372073511 67.89944939368004
87.41735218853496 -3.965232844485139 71.10324273840567
87.2552590019865 -4.320314948666277 74.16740420267794
87.23870683826928 -4.873686805916285 76.8513329444592
89.37984337031556 -5.562794459876783 82.91577226241091
91.08333566033056 -5.77268080660444 86.63519006154415
91.76146010515221 -9.831259065664401 87.95194818731842
96.25139215523191 -21.291582282404462 101.06068123810067
98.30276828368282 -13.91081266787815 113.51555214389057
99.16387117961999 -6.620892771512979 114.16243177722063
92.60152784846645 -5.857060567482515 92.08629131828759
97.5156431113888 -6.438448033885406 110.89732938689701
93.29439123023454 -10.295329580261102 91.62134436949827
96.1933616752704 -18.957005617869317 102.66268397049849
97.45249121005654 -13.301435606873618 110.1563947407147
84.34583500982903 -5.202193050333494 86.63461273398761
85.34346166011201 -8.976344101340562 87.98682171709314
82.26438001551314 -16.41330293259236 98.713984931007
80.46766386786857 -9.785985321066978 111.76734180274836
80.88734594230543 -4.1413797204681675 112.26238087791641
84.07323860725714 -4.866113929684549 90.58432647639614
82.16463317770487 -4.419528663425947 107.94957030540776
83.99270078911242 -9.776436412216333 92.05763574272379
81.99208364298849 -14.62284510842973 99.02935198708668
81.29159492631325 -9.47961900705839 108.76263922255514
107.82442498141069 -17.508086638355024 86.57787573354891
109.15326073666402 -13.482108888400132 86.09619954161445
122.57030657810468 -23.391807196649058 86.68848550567857
109.255349193418 -17.9077524267361 83.75967460320972
84.48227722274338 -13.331652022382704 93.39955118959617
80.10288300268569 -15.644902493002968 107.42164704408597
95.11321229467423 -16.092513087292993 92.89966410906798
97.74336661767458 -18.879063290134876 108.8925239656481
113.00845992671617 -28.353488053951335 75.1170909478035
112.87459067060828 -22.44558155573258 73.52552309730676
114.0036365766703 -11.466300385295755 60.190742071816736
114.13924474916088 -16.010010387303748 60.04340683195105
111.90047800795395 -25.621687592452325 84.48572267823792
112.42925291295397 -23.954131317746892 85.97116865756666
113.93267464752952 -18.206560304157595 71.70965804438858
115.78233878384187 -13.348999928084705 62.58810264073108
111.44075440230732 -18.178240077849825 79.31175827831531
109.91798422356116 -21.220944772651094 86.1485016845287
110.37758157618859 -13.77779169465604 83.77701428415638
111.93021049863076 -13.61141773671587 77.6409111298271
113.50694436807312 -13.592716708439378 71.18619590154552
114.18427820724058 -10.722939788398676 65.36328091094455
126.32528039669367 -16.849658789125606 62.72997834095244
127.39834684841252 -18.973988761906032 61.95012539715966
125.08241970682197 -17.643512378019153 68.94366873411934
126.58047715143773 -22.231923974972183 70.8772017729215
124.0540374531052 -17.529070494540633 77.35770924408126
124.46154528974466 -23.21770565675391 79.15177526029008
120.94519681794263 -16.806333365957716 84.95782794133447
122.57198414870923 -27.444838191519935 76.62934475220199
123.6342219640378 -31.899754852738532 77.64049071975914
124.79625312418263 -23.95518399834408 61.05156343471228
125.1856950173623 -20.558199023769976 61.71592046028781
122.18748936736205 -29.29756182949608 88.87394120653614
122.24328852099012 -32.27285757292553 87.0379653739511
121.61623500524223 -26.28743425266121 89.10120044834751
117.80699905943266 -17.418506576566863 91.64091812993703
119.17230934466224 -22.46818696196049 92.48874929719705
120.075400579729 -24.200768406129455 95.04249924821653
106.58789248720811 -18.573996625658598 88.84719726311354
93.99683645353207 -14.250846570392142 94.69650793517994
95.94259789839296 -17.9131541456521 106.39273665453568
83.15093769736654 -12.644964784035686 93.8393644727924
79.9891052529012 -13.010592170167047 104.31167279760234
113.30836390396945 -6.6519411569045 62.89906073356621
116.21090478029565 -7.304391102650996 62.99707795120988
120.73756235867678 -8.11588067043231 62.743085694007725
114.5844093752858 -8.686335997177672 63.11211008918114
117.52628235219218 -9.597001229149397 63.358411958251374
122.71174587082719 -12.921364008608919 62.81118848000637
115.43097855314161 -10.334439756003459 64.46414470059642
118.63490570092502 -12.004859409731912 64.50860064546447
123.21196658026292 -14.460989046369765 63.396273350212
113.09729784355729 -7.4528377942498985 68.64592194065087
116.97978403367375 -8.06299404839908 69.0493798898982
121.94119683704935 -8.515084552822927 69.87140405858096
114.81073552228078 -12.448362957650682 70.66464738737925
118.57222472892988 -13.278782857842014 70.07125498055946
123.84149952742057 -14.781489342434213 69.78731195066872
114.92303281747238 -13.240614614901274 70.6233743044371
119.01886247651625 -14.867863834202057 69.85574157573271
123.70040301874869 -16.060288364915625 68.73495879532808
113.16231104331644 -7.419197357886864 74.15788228140094
117.43296107292716 -7.704065933776951 75.10724554878905
122.58320805950572 -8.322629495015446 76.33213190246128
113.90833507444968 -12.859994232261203 77.62169541890901
119.20501534180133 -13.853120950040282 77.35305973595302
125.3871163484862 -15.287596860685527 77.16331063220879
113.6215020621004 -13.981159361412193 77.86294831269585
118.24965669548678 -15.506234272273625 77.71174652897841
123.6624064691 -16.14988533812443 77.00719258638124
113.03940779163871 -7.517046524946419 80.55702145903297
117.72195277066601 -7.850822391927376 82.50666516228607
122.82107029436924 -8.883806118050439 84.38968648257904
113.81172336038178 -12.651162080913418 82.9738418877917
118.02678587736229 -12.956017387998426 83.46239286507145
124.48122784728918 -14.38070577069856 84.85983702893951
113.49654489573014 -13.924060991063087 83.63202451403765
115.96740987578087 -14.440806133121308 83.91832794080732
120.97754871067787 -15.555765752773196 84.56593626671416
110.4435316313669 -6.9179203600444 87.97342879696707
114.67404711582049 -7.30503496410514 90.46397622143432
118.59573581581375 -7.713235331223611 93.21141293361393
110.83317887651756 -11.514968435001645 86.08813238327059
115.50186574634814 -13.95058881315915 88.7090338098875
120.56795666466726 -14.402595030695041 91.2170100686308
111.4923834291737 -12.795526090806408 86.05772140643144
113.21873125843568 -14.590239852856788 88.6809828568564
117.32752504745247 -16.392947513087666 91.0932916113103
93.9541980866535 -6.024587058237409 96.84827704507424
95.29809278152969 -6.17906578079636 101.58299190171734
96.64033759664852 -6.343540023429807 106.29060754634585
94.33836758865654 -11.109249638387492 96.5121214918942
95.2140096284542 -11.850663352050766 101.12284110188726
96.35215909675368 -12.643673043119616 106.28537188728336
94.32654736122922 -14.878535171092704 98.77188222294326
95.2358292087601 -16.50006904876684 102.52569173928262
95.79030998402195 -16.037987824378312 105.66369188574397
83.88725925582041 -4.785285582292675 94.97761039962892
83.4810201167135 -4.691663376461185 99.32806807337613
82.78053404661968 -4.545809408156421 103.63235999240243
83.48243682309841 -9.179798341439568 95.85869332029006
82.73406029724222 -9.413196391085354 100.16787711045222
81.98251770557137 -9.656551461111482 104.50421039983509
82.02032056418348 -10.743134379160221 97.46423592020395
81.40984050387341 -11.103102927537101 99.9537255109957
80.2025240642867 -11.3070238774398 102.428417677071
91.12394660332009 -5.413722298929338 57.096135173777505
90.17300964331132 -3.8739539116906885 59.63321859463221
91.36419942209001 -9.11445459546186 58.07358173734872
89.48443130595042 -6.868169433744847 60.21842211609705
90.78963202836785 -2.8293173988303786 64.18090028147573
89.92830615632299 -6.336775489271879 64.57391127100985
91.00747419465509 -4.492574114720644 68.07029031247261
91.25789154564275 -6.311923414982324 70.61211345752766
90.84046153770392 -4.577436756184082 71.38291721603723
91.91704636969348 -7.4046942580346435 74.54197387050213
90.78398595076447 -5.095405502651361 74.58317434708431
91.99771528879637 -7.799066866807123 77.06517609378818
90.57180136518635 -5.791208945750892 77.74862196741033
93.4668742707197 -8.843354187600868 80.9574217959493
91.1376822725936 -13.239312005870229 61.483843177717866
90.735849397201 -9.079384724884433 65.96994905843138
91.74880735568838 -13.59307 71.75746863989241
91.41180358367674 -14.182540000000001 68.40555429824377
92.94772256889766 -12.428504005967548 78.14690962382537
93.89590498422925 -12.81153366876021 83.4799136315606
94.2553233828697 -6.177545102084612 82.67761334659325
95.68566281047087 -8.65422959874953 84.13422375052664
98.4856995912442 -15.54898266197527 87.50425281238567
97.75226141621202 -6.3199105769024495 86.32299849955214
100.7061480269407 -6.281366432003931 89.98748080103353
113.64091709938693 -7.334278497717447 104.64850974692446
116.90141461837035 -7.608556257975896 109.39092995567121
99.53059421213781 -11.134514335305001 87.50909944067985
101.9151764855934 -10.634032369739558 90.42574443941442
115.32737398093327 -15.70671002957281 102.76859767462823
117.54992511733549 -17.046438119533967 107.88549228637818
104.03781007424466 -18.283788805565734 92.63249052025064
103.93155518430704 -13.373594460654969 93.84884011731336
108.72779152290792 -22.28149544886907 98.36087439930988
108.11271643870604 -16.631354294827148 98.08021154688987
113.75573440115281 -21.68317525869462 104.08701547930633
113.33177216081812 -16.65479842765761 100.78849089544869
103.95605903119122 -6.5466209533862285 93.66160056963832
107.1889771073997 -6.796791454531352 97.32970165848093
110.42011191280056 -7.061616852938963 100.99237078928567
105.6156451195781 -12.045089029710496 92.30627197570355
109.58267378428543 -13.415384302464469 96.25340018829213
113.82763062159819 -14.348991222227209 101.51176823457693
105.3862243358291 -13.810442317515681 94.6222215190419
108.85161947933551 -15.369857238747763 97.46033083616943
112.08640756979993 -15.578209455738275 100.78556972072684
78.04109781910103 -4.005132529187243 87.27577174832118
77.41830664465463 -8.593460005259512 90.09143270643555
75.47948369619115 -10.899388278669068 93.87847451583588
72.74759952512434 -14.115352863551491 97.93629951108619
69.16202184320373 -12.041882926319861 104.54369736270084
68.20894381161364 -6.947510232650967 107.10008216869662
68.10364455978782 -2.839864220939314 107.24075545332373
76.64888145791916 -4.162494414561899 91.28107306368595
75.31288361566912 -8.385359703331892 93.68596533420275
74.91816030985021 -10.939372546547508 94.82344395288357
72.61637775853346 -12.841900010498579 98.17527321547003
69.93081700839056 -10.344085047238222 103.1781062973073
69.43626166551229 -5.463108213400628 105.14977358784591
69.72973726607324 -3.279126229775936 103.10350252938642
75.20963544983546 -4.361506243441213 94.53455315320576
73.6583879827003 -4.135272086479003 97.58527209334304
71.69513712503192 -3.9550699207691506 100.3428422703774
74.46153523873598 -7.332930332187752 96.31253522411045
72.96230176522863 -6.745610462299062 99.3124556329899
71.41247819898216 -6.199442238977362 102.34454055991631
74.57393849674261 -10.009405856894121 96.86634187262644
73.82447032891477 -10.560144430652429 99.55319959313609
72.48809052659394 -9.229465049395017 102.23495352654412
67.77194369931381 -3.2590547118848505 93.10144877349448
67.2449651058929 -6.123771801021741 94.22445025833062
66.86664046921828 -9.036122560871714 95.41056907446061
63.49118983560915 -10.006177176845247 97.45882633057782
62.38929522113554 -9.843012423610872 100.41622324027524
61.56620692533138 -5.753902295827916 101.07483110289799
61.34902495563041 -2.494157566362661 101.04054740960672
69.78283868950665 -3.8716347106427342 93.34363302991359
70.17290296530958 -6.502711245126371 94.27167491030553
69.72078479886277 -9.168136751287495 95.48762170792926
65.99142635707976 -9.6849216671648 97.18413891031429
63.65437198147015 -8.87067643325408 100.58673111852215
63.72937468649163 -5.027628001172341 100.87028229233051
64.86503221136017 -2.5965521353700156 100.88732320559227
71.67106877847498 -4.414875430712101 94.64540233196702
71.27413407211205 -6.041087502423672 94.90428677502615
71.40850537284886 -8.200581230309282 95.75133454040306
68.76871224921497 -8.316481482826976 97.67579151865333
68.27386022522806 -7.728743194871298 100.13849997181283
68.05260486919859 -4.477392632217129 100.10306543232403
68.82555444473266 -3.7932758173011396 99.84804061437706
68.38818407536873 -3.659330255504252 96.62895365981568
68.17346245703895 -4.582802291848606 96.85729305061166
63.85124894021217 -2.5331455568253367 96.56958042390809
60.732794129877746 -2.804646517289606 95.95055760706494
63.9429675259098 -5.201126607795302 96.51353765813197
60.6381607456969 -5.99202030227438 96.41003337496112
82.34260093803611 -6.455479 59.550570294570726
81.38519812920796 -5.817269 61.31510226020578
81.91118251727079 -5.051744 64.58145174424973
82.73620267549576 -6.126589789474157 68.8993263323325
83.28596395944477 -5.982356624104155 73.74935469169338
83.59837497572263 -5.773345355740504 77.23615925646621
82.4570336878523 -6.0313648059449125 80.04200864004096
84.08422023093743 -8.231285 62.89462281226447
83.1855456842283 -6.466134 65.51953155892544
84.80002894066811 -8.053318 68.53711123864814
84.62963528608816 -8.524064 66.02162263223808
85.99002191949239 -7.979757997708035 77.73243321732593
85.25543368330561 -8.790985533668477 82.29255169109443
81.3479101819556 -7.464490287898024 83.81245200167784
81.38866536419283 -9.738475379787959 86.78596226926221
84.83082083322311 -6.998086298737034 58.420480268322876
84.88988201720387 -6.500855370332155 60.690486537614376
85.17700265357645 -5.797074957253103 64.86236481626307
85.5648120078049 -5.793298242904525 69.21269475103925
86.62694557883547 -6.163874348764343 74.674358772061
86.67056134213912 -6.1334157849311195 77.78911159372174
86.81523485789425 -7.17288956630718 80.80466926864125
86.30844392161708 -9.609788989785761 61.83107197298625
85.94577584231982 -7.648178309378612 65.30829143875421
86.97782513265575 -9.513326000000001 69.35530221278822
87.00172168912897 -10.4277 66.21638957324427
87.11956874453958 -8.890804036186532 77.65129242776442
87.38060602102587 -9.299494131136038 82.09592682320104
86.46859454270114 -8.097809873028314 84.30384860851686
86.12410715504889 -11.15458430887112 86.64592309664005
84.28909820468769 -4.793239271409869 57.64506084485809
83.59718052973231 -3.1511071694310444 60.59886156512069
79.46816442977219 -4.147227 57.92983698987206
80.05894583531102 -2.638609 61.07889419528602
83.7240469169682 -2.376582797939346 64.36370472588465
79.87691716382972 -1.770287 64.48096543777326
83.75650248785999 -3.5141024540269536 67.67791640218039
79.60017469106913 -1.6955390000000001 67.36334247916989
83.80849747143432 -3.6158336062251792 70.73973856558523
79.3610302632769 -1.795465 70.25249186983073
83.85855520319834 -3.8494122983322656 73.77269507598285
79.38368078196721 -1.6150769999999999 73.3400585271198
83.90715240275027 -4.140983300888894 76.45576927048238
79.58744188694165 -1.917069 75.85954880245319
83.89845296506157 -4.972731049410902 82.64452070178142
79.86957570222735 -2.67361893055285 82.46714909726151
120.95306731801833 -20.251238200948748 103.83547794434931
116.65563958892837 -22.91736601265949 100.78939968375968
111.49133784186873 -23.652468394522298 97.59647688593844
104.57687127635502 -19.03649037854012 91.71003594424211
101.47836184233806 -17.581080014785492 89.89053559131808
116.33893941040392 24.033612150556976 87.65643938531237
116.35517079436758 25.27168596338706 87.06618674983217
116.07662647645684 28.391444311971178 85.95464291306372
116.45950192285171 22.631900059763506 85.58597720169925
117.43473890589037 21.993701532635555 80.06131394574469
119.10219478430511 21.01229931447235 71.71737203658616
120.93006263985177 15.562030551467695 61.97183517285792
117.43578276084793 30.547397147803945 75.92889331180146
118.48688680862368 19.196251702698756 60.43960573107757
117.92523400179877 24.881733328390087 74.81392299433685
118.95634014321841 14.981090138205197 60.154035511998174
115.070737848558 15.653049845045539 84.04581062038766
117.30890320530686 16.60544457343135 77.34619743992916
119.17275729323558 16.25642416198101 69.73937020963085
120.07916294167613 13.552110599670113 63.21512402176256
105.13171041867362 18.528242621726214 84.47241177109204
108.38789687390837 22.00901 83.71045783212635
108.33220393788801 23.63168 82.40132273864768
105.13497780887104 12.744356651894202 80.31693442140379
106.67144922806175 13.328377891931222 76.7614123333405
108.51540951906229 13.898849156900315 70.85160188119033
111.36488565130966 8.367154594020164 62.52260616776701
109.31827890368372 26.018228100140174 74.40110911864116
111.79574146564484 12.252159269779666 59.20823945819708
109.0942331697827 19.50327801612949 73.69180430877459
110.54236208937321 9.184008138231702 59.22589432491746
108.34053890174725 11.779428247962882 81.82428170652231
109.9342359719694 11.659561514544503 77.62900188028023
111.12436627932333 12.562656904660647 70.98180515126192
113.48830786434361 8.781252976708926 63.92383942238688
102.66278918321483 11.306835498019652 58.47529268263239
99.76279516934385 8.665164186162803 59.24510460548251
100.42309001802667 7.765553903756373 63.6680484262802
100.12352337510477 9.383525203148084 70.58476780751307
99.99265470858026 9.609781815275621 75.54727252252613
100.17809082461368 8.910637385176694 78.34137746393326
127.82212744162626 16.543658751434148 86.76922783323046
130.8361356599895 17.8261387968963 78.36540026824538
130.85066706504116 18.348260103296568 68.82970803158399
131.2311013463473 17.89392189206303 64.14998934477451
130.2473007191741 20.393488138351547 89.14723922993075
132.11030432753282 21.669952960988255 80.47357745220292
132.9919070979613 21.3911313292495 70.98909392777723
133.09354291783146 20.491992202820654 65.15606966883783
101.360055793533 20.25158 76.7074280445067
101.88165129356604 21.354313429984668 68.16751897212131
100.14043030564157 13.098230147556857 69.61904522531009
100.31782025198088 17.21885 77.09299620660718
100.73834066417025 15.652102038001512 81.31647559102095
95.39117920640717 10.043652835523858 58.00665687108083
93.31819892088654 7.530219455854525 59.91897086275659
93.86594308770773 6.762186868971099 64.34366429140651
94.08600470925619 10.465225696312517 67.22724850928185
95.0302175195475 16.09225852607376 63.45789845283651
94.26560823630456 7.9274568519405975 70.83173931589813
94.65207879036286 8.53384570083986 74.30721788143792
94.84629885991392 14.66567 73.22627010699088
94.8742985833174 17.0402 70.87140845744767
95.02741047030298 8.332331950264054 77.01756595707504
95.35391790935783 13.507073403301066 78.90103025372272
131.10304321528872 26.210487207670617 62.44430756565711
131.06728114585798 22.52358182713812 63.7248921856777
129.8301542343385 32.487046291166145 78.53271185819105
130.1563407848447 26.457308569710445 77.16085569965857
128.17192047630473 27.669417785853973 85.83112345916437
129.04270130231296 32.533645251748915 84.23319850383889
127.74229584297781 25.18110621926863 89.09618292803214
123.26178082739855 17.786371822062748 93.10952144252451
126.99533004902548 19.526596935762075 95.84065538937952
112.28808761265135 15.633477331137575 88.77256075770616
107.33843274812008 11.423613769573924 85.00810651060758
103.8616429809167 12.323290999303254 82.86584914332721
99.7791576616604 9.39131308027679 81.81266098610719
96.47855350925838 8.868732403342214 80.25309055095396
112.91271846519783 21.787520843550215 90.84316125753321
103.58433286594986 17.11033477320957 87.47592080031008
114.87651547576327 23.995448165705362 93.53650608008127
100.13862224770237 15.862939266602137 85.99334722879998
96.3405328688311 13.346465001451923 82.65009157958596
126.14844713909503 22.38794504358024 96.29431405182542
87.97374346620782 7.937370261301321 58.18418019144806
87.41713247584099 6.665240073707378 60.40516732322699
87.64145766828427 6.028501740830038 64.6196151996515
88.47521678203533 5.606238397160026 70.62512372118857
89.25732313221947 6.377913509232444 74.70941969435023
89.67411926112356 6.581239372200612 77.69211651238254
90.00282122893775 7.3980130840371725 81.23967961284588
88.69769967493913 11.456363618071435 60.79298978030301
88.62942395617895 8.1649005774149 65.50469792272814
89.59288767682933 11.76919 70.62938924410136
89.34779337508634 12.5452 67.33305081697452
90.7096702678138 10.788236720566886 78.2558642072866
91.24905579025955 11.359079375916304 82.89348545498895
91.0674067136991 8.127576539244531 84.56790488677252
92.40890731415827 13.104789284819361 87.22810473925315
128.69952695676776 8.63945862585431 96.73089972154985
122.6079524572991 8.440381060863121 95.7803375722289
131.12815460975133 9.110519059253644 87.46873638025833
127.9635176375129 9.304823742805866 86.25436871878912
131.5851072228611 9.742724620849177 78.25313009663915
128.08550497419785 9.364784548709812 77.800164129342
130.41615014498768 9.7878415183596 69.43652718911648
126.7809653839123 9.381901060493803 70.30623905957408
103.69718802608716 7.122877737431145 77.63780689610194
108.25692392110557 7.583832406561702 78.84893008624326
108.91372032412929 7.174351848722897 73.45847483614087
105.38501527423782 6.933155208781381 73.00207050927169
109.87872404297343 7.264644325783729 68.60442778569241
106.59598303452891 6.709377783137886 68.69601675731212
111.14355157483057 6.12807258572664 62.65947139143382
110.36722195868035 5.617027456818248 62.24570849395255
111.15285859820645 6.356142861445018 56.16509088631322
102.36066454049833 6.082538741917932 56.16231585314539
111.22923383368365 6.546153056912586 57.84253076697188
100.49680244292026 5.238001462401612 58.783889980689196
100.98538971007571 4.241459187239405 62.99810289160732
100.67344247405634 5.549011126661981 68.0602799247101
100.326820601867 6.173090925713316 72.15400615684915
99.45789557943746 6.437300148027717 76.30807768882069
128.485865143923 9.50324165265542 62.463121941671666
124.75005943727943 8.910563799226063 62.55887430946622
95.55512040482577 5.6038060668914 56.65861939269944
94.02628694422324 4.385371707094136 59.356551407306256
94.84496363211272 3.395027148091748 63.63784799829853
95.15697568156939 5.021364601534763 68.20328847736778
95.24561515441142 5.531729250570407 71.82452295889829
94.80118647984226 5.901579040968478 75.16369134191245
106.35838696729809 6.536192315064966 85.36624701016488
101.54547946657306 6.8294058155846775 82.51547277812787
98.00258116577429 6.622789804780808 80.64426661315913
93.87519483139043 6.238036215009954 78.84298010316246
87.63781686686302 5.029695986682661 57.341721396255856
86.83405089889726 3.435645398284154 60.132064060097974
86.98682562733633 2.496691089505317 64.2185618569686
87.12636967889566 3.7680854162716497 67.89944912941074
87.41735188500384 3.965233085825069 71.10324243968228
87.25525909330263 4.320314351903227 74.16740365440769
87.23870617402139 4.87368704993397 76.85133231613445
89.37984198930965 5.56279625940342 82.9157707512478
91.08333200962329 5.772685400746155 86.63518836357694
91.76145484189297 9.831263566852968 87.9519421409174
96.25138579384586 21.291593480310382 101.06066628981338
98.30276397630637 13.910833199993546 113.51554174803223
99.1638691633952 6.62091229483266 114.16242794678122
92.60152418578 5.857067663515874 92.08629084234141
97.51564122014332 6.43846489701315 110.89732552452266
93.29438767538022 10.295334596101156 91.62134104607414
96.19335506895258 18.957017471842676 102.66267171392374
97.45248714534053 13.301454214030715 110.1563861599424
84.34583275208813 5.202192932466534 86.6346111895654
85.34345735690475 8.976346274063125 87.98681981668206
82.26437125615254 16.413307837587716 98.71397916458292
80.46765994221167 9.785994737145437 111.76733804694294
80.88734439140282 4.141390855614381 112.26237885364522
84.07323627567453 4.8661158383294625 90.5843237804523
82.16463115810113 4.419538350299601 107.94956820508752
83.99269547744227 9.776440855970653 92.0576311876699
81.99207578117779 14.62285015013631 99.02934776349699
81.29159143791662 9.479626443615217 108.76263494237585
107.8244306835529 17.50809131934392 86.57786567839814
109.15326122220546 13.482116246701251 86.09619078215411
122.57030657062384 23.391811275346093 86.68846469484895
109.25534569226258 17.907763883930333 83.75967128550329
84.48227204074661 13.3316536298709 93.39954445067494
80.10287661716349 15.644910812084708 107.42163927709373
95.11320716819456 16.09252161482639 92.89966094999515
97.74336390480289 18.8790776695007 108.89251493189578
113.00846838386136 28.353495018871993 75.11706366916358
112.87458543341627 22.445591619387443 73.52550543224103
114.00363413371412 11.466299614703972 60.19073951077224
114.13924133814312 16.01000961269587 60.043403256050546
111.90047707679615 25.621695297788683 84.48571453077705
112.42924973894979 23.954144699596537 85.97116216854556
113.93267504817223 18.206566539367852 71.70964022687329
115.78233593976643 13.349000071914979 62.58809965917792
111.44075534800442 18.17823394104589 79.31173019149057
109.9179845197612 21.220952870870196 86.14848444916731
110.3775805156316 13.777796460006805 83.77701121467415
111.9302176134929 13.611423380121145 77.64089761996861
113.50695191581178 13.59272160472492 71.18618718756069
114.1842759226612 10.722940211601067 65.36327851593252
126.32527680678402 16.849661210873997 62.729974577512706
127.39834280590307 18.97399123809352 61.95012115924222
125.08241998298814 17.643514626172855 68.94365974991595
126.58048145377975 22.231927436666552 70.87720221392784
124.05404441453061 17.529070313606343 77.3577052258202
124.46154511517139 23.217713999129295 79.1517759647971
120.94519274060846 16.80634396543101 84.95781953916094
122.57199163797019 27.44484233102411 76.62933655303934
123.63422981282385 31.899763012642968 77.64047754731351
124.79624473495566 23.95518311728008 61.05156060751407
125.18569063732849 20.558200976229532 61.715915868530665
122.18749097810702 29.29756349871027 88.87392248911695
122.24329820179815 32.272865012391826 87.03795542399878
121.6162407510841 26.28744226771388 89.10118687915435
117.80700224576107 17.41851571494158 91.64091220344103
119.17231245315679 22.46819820670891 92.48874700112194
120.07540162583318 24.20078227044174 95.04249521989605
106.58789388247583 18.57400261310656 88.84718475679605
93.99683275332937 14.250855226871137 94.69650448183539
95.94259463155012 17.91316653964623 106.39272702493324
83.15093230724962 12.64496580427825 93.83935769025497
79.98909822226034 13.010600359229587 104.31166617203363
113.30836248673806 6.651940843095342 62.89905924782827
116.21090367444418 7.304388610271436 62.99707626668834
120.73756431670762 8.115882953848088 62.74308267839009
114.58440752461573 8.68633600282212 63.112108149052844
117.52628176675447 9.597000907244048 63.358408973961716
122.71174515076984 12.921366936444356 62.81118253908135
115.43097635133422 10.334440243996298 64.46414239235743
118.63490314322576 12.004860590267802 64.50859796413042
123.21196349927212 14.460990953629892 63.396270120291376
113.0972969798744 7.452839372176379 68.64591728935926
116.97978534014904 8.0629955602592 69.04937551813583
121.94119826055066 8.515087359469772 69.87139951414132
114.81073843411284 12.448364506351854 70.66464080634313
118.57222629415455 13.278787301344662 70.07124961056583
123.84149905072832 14.781490395358578 69.78730381747086
114.92303607042672 13.240616061138661 70.62336416385122
119.01886543303878 14.867869115996111 69.85573612127963
123.70039879307063 16.060291897181642 68.73495281920835
113.16231441948578 7.419199158399324 74.15787698737425
117.43296209203484 7.704070190105347 75.10724122841161
122.58320847339257 8.322633354871142 76.33212792161137
113.90833448162702 12.859999120636608 77.62168957289546
119.20501675536329 13.853127765940904 77.35304986880018
125.3871168151745 15.287597781059803 77.16330780416199
113.6215024494331 13.981165448954153 77.86294141557185
118.2496552311089 15.506240440681168 77.71173560086106
123.66240661363467 16.149887586988708 77.00718602519764
113.03941060792539 7.517055811619045 80.55701626806768
117.72195329600835 7.85082799575089 82.50666093616307
122.8210704891008 8.883814090988006 84.38968296890953
113.81172473237439 12.65117150912783 82.9738315250811
118.0267872964995 12.956024351808892 83.46238789324754
124.4812285631889 14.380714505396767 84.85983071706342
113.4965475691802 13.92407003801415 83.63201485509757
115.96741303924388 14.440813091854832 83.9183218826859
120.97754913569923 15.555774117034314 84.56592989065685
110.44353245936158 6.9179246973511255 87.97342447555458
114.67404758884 7.305046521525717 90.46397303869385
118.59573450795199 7.7132464893425094 93.21140902908029
110.83318457675823 11.514976536192782 86.08813093446834
115.50186437508158 13.950598833880788 88.70902512976828
120.56795627707619 14.402604809335608 91.21700496754137
111.4923854556492 12.795532825687086 86.05771635705119
113.21873055882446 14.590251235879414 88.68097419441071
117.32752447328706 16.39295825433817 91.09328223974332
93.95419601084724 6.024595109065964 96.84827546913732
95.29809061981781 6.179077180681675 101.58298870231503
96.64033575178364 6.34355484499678 106.29060410900048
94.33836384408797 11.109258676865645 96.51211750731647
95.21400546620983 11.850674881023991 101.12283531154112
96.35215562480089 12.643686666564255 106.28536494313451
94.32654264750074 14.878543729617602 98.77187642666847
95.23582558717567 16.500081559826004 102.52568369708617
95.79030557649735 16.038003297144325 105.663681867079
83.88725620930637 4.785290383648628 94.9776078577967
83.48101761182673 4.691669250462571 99.32806620972268
82.7805318793994 4.5458165560667325 103.63235782020472
83.48243166600508 9.17980173692626 95.85868915038859
82.73405542480204 9.413202166151958 100.16787334173287
81.982513172556 9.656560015145805 104.50420577358854
82.02031402262217 10.743140227761113 97.46423111166786
81.40983414584306 11.103107682604275 99.95372018331302
80.20251823829842 11.307028462604316 102.4284135695667
91.12394457862197 5.413721704563647 57.09613703630617
90.17300961400896 3.8739529077757973 59.63322021823317
91.36419967240782 9.114453680931621 58.07358486311089
89.48442944518742 6.868169146027475 60.21842216721059
90.78963202032494 2.829316234781995 64.1808993779734
89.92830681719687 6.336774598471529 64.57391166603192
91.00747393468936 4.492573935083796 68.0702896590198
91.25789068870849 6.31192354657757 70.61211189993598
90.84046123636985 4.57743575981377 71.38291676678158
91.9170458220021 7.404692523864191 74.54197426810207
90.78398534383183 5.09540623931569 74.58317381288273
91.99771606644275 7.79906726167048 77.06517416204174
90.57180031376612 5.791209485083398 77.74862139799724
93.46687310054809 8.843356223941852 80.95742083249404
91.13768082470531 13.23931115043573 61.483841633533814
90.73584988974297 9.079384872860341 65.96994877497735
91.74880735568838 13.59307 71.75746863989241
91.41180358367674 14.182540000000001 68.40555429824377
92.94772024942802 12.428504876925043 78.14690940632693
93.89590371072269 12.811535871016094 83.47991115828935
94.25532359693617 6.177548187320133 82.67761308060823
95.68566251855783 8.654231886552909 84.13422416051404
98.48569964143465 15.548985902907459 87.50424802283933
97.75226143537691 6.319913848449474 86.32299828970686
100.70614690309436 6.281372181756018 89.98747878055067
113.64091546105027 7.33429654668073 104.64850600105453
116.9014130116608 7.608577639764936 109.39092555450226
99.53060035969109 11.134519834929376 87.50909935386136
101.91516813788157 10.634040974168213 90.4257380725038
115.32737144204691 15.706723945762329 102.76858884840365
117.54992077042611 17.046458073173596 107.8854846644761
104.03780164598503 18.283798687620457 92.63247537201136
103.93154752165024 13.373606015000624 93.84883203764285
108.72779192605489 22.281507807880786 98.36086109937901
108.11271721192556 16.631366389856495 98.08019887877339
113.75572332624938 21.68319270101541 104.08699890567475
113.33176447040886 16.654814262612497 100.78847995033256
103.95605702689596 6.546632647585158 93.66159676965002
107.18897550991576 6.79680399877474 97.32969784544434
110.42011028770172 7.061632042988409 100.99236662677512
105.61564045776288 12.045099435661593 92.30626421054322
109.58267127939934 13.415396894565752 96.25339093413211
113.82762685601196 14.349006548730898 101.5117588686315
105.38621945096946 13.810455698984534 94.62221237290889
108.85161550579402 15.369868654711855 97.46031928531534
112.08640494732175 15.578222883053218 100.78556021054732
78.04109374517564 4.005132705059467 87.27576996877016
77.41830072166887 8.593458851987002 90.09142910265031
75.47947607746246 10.899389014249522 93.87847148123885
72.74759127390864 14.11535160329977 97.93629313149563
69.16201468877745 12.04188239361314 104.54369401593071
68.20894077411045 6.947510820324887 107.10007860504716
68.10364358348254 2.839863943320563 107.24075488847541
76.648877203388 4.162494977019863 91.28107149534151
75.31287794657668 8.385356749778778 93.685963245114
74.91815231922787 10.93937390143152 94.82344104536944
72.61637042771062 12.841899020166426 98.1752660122235
69.9308118288577 10.344082600318021 103.17810397076235
69.43625842411174 5.463110047105406 105.14977136476651
69.72973580779673 3.2791252279394394 103.10350153473567
75.20963254896672 4.361505177604409 94.53455174712524
73.65838530237251 4.13527196745129 97.58527054638931
71.69513477262328 3.955069816346414 100.34284097091594
74.4615307456377 7.332930951401207 96.31253302363689
72.96229773437028 6.745610665166369 99.3124528075385
71.4124748251828 6.199441401411416 102.34453835676386
74.57393263241329 10.009404403280927 96.86633818810246
73.82446471884604 10.560145412849906 99.55319606127597
72.48808563469 9.229466884002873 102.23494967200627
67.77194043360487 3.2590477747584425 93.10144894158991
67.24495800740011 6.123766519348583 94.22445022853043
66.86663475986308 9.036114767376617 95.41056574754614
63.4911829397119 10.006167899830373 97.45882575220243
62.38928956046738 9.843005046328797 100.41621920784165
61.566202478348025 5.753893900490099 101.0748332264062
61.34902353281031 2.4941495906793882 101.04054738170754
69.78283500292737 3.8716294083038747 93.34363273527705
70.17289597073335 6.50270831116723 94.27167283004731
69.72077937126679 9.168130502608623 95.48761712540436
65.99141974924008 9.684914008010024 97.18413907153834
63.654365986669056 8.870671467086071 100.58672765016675
63.72937149158763 5.027620384217233 100.8702829865002
64.8650299477324 2.596546834561056 100.88732230166659
71.67106477301736 4.414873216122723 94.64540126478438
71.27412875010556 6.041083555944549 94.90428495385791
71.40849924189283 8.200579901609986 95.75133160173043
68.76870690336449 8.316476884855952 97.67578800413361
68.27385565627428 7.728737988442375 100.13849855388753
68.0526019641689 4.477390014309039 100.1030643110429
68.82555211618507 3.7932726706537303 99.84803932020331
68.38818090244374 3.6593260661766847 96.62895299720135
68.17345858748642 4.5827974948040975 96.85729191373404
63.85124534143789 2.5331371707126213 96.56958188366195
60.73278926807626 2.8046349589067465 95.95055909244144
63.94296212449256 5.201118067723694 96.51353647488777
60.63815415990834 5.99200928633484 96.41003337896355
82.34260093803611 6.455479 59.550570294570726
81.38519812920796 5.817269 61.31510226020578
81.91118251727079 5.051744 64.58145174424973
82.73620251085515 6.126589089387798 68.89932719148764
83.28596371773402 5.982356883541957 73.74935313685785
83.59837395951027 5.77334547142209 77.2361588414536
82.45703176500203 6.0313650207073985 80.04200669858726
84.08422023093743 8.231285 62.89462281226447
83.1855456842283 6.466134 65.51953155892544
84.80002894066811 8.053318 68.53711123864814
84.62963528608816 8.524064 66.02162263223808
85.99002105289337 7.979758048819299 77.73243185971293
85.2554307685967 8.790986352704227 82.29254917388411
81.34790723599913 7.464488996911181 83.812450554601
81.38866052745263 9.73847466759439 86.78595879328289
84.83082193120177 6.998084359307125 58.420480543549665
84.88988133234271 6.5008552096141345 60.69048649772301
85.17700267202335 5.797074712843575 64.86236497224192
85.56481216387645 5.7932985066981235 69.21269397156145
86.62694467889695 6.163873736670543 74.6743587016479
86.67056074060109 6.133416028605792 77.78911026749715
86.81523336836312 7.172890102418098 80.80466779944878
86.30844285630307 9.609789157809056 61.83107182016373
85.94577598390363 7.6481781196245135 65.30829141407399
86.97782513265575 9.513326000000001 69.35530221278822
87.00172168912897 10.4277 66.21638957324427
87.11956753954496 8.89080463358198 77.65129111292669
87.38060371049208 9.299495462507963 82.0959241906698
86.46859099730246 8.097811945559748 84.30384540161451
86.12410183635352 11.154586317117218 86.64591986195454
84.28909753484875 4.793238568740759 57.64506038037765
83.59718089192668 3.151106924513998 60.59886209302254
79.46816442977219 4.147227 57.92983698987206
80.05894583531102 2.638609 61.07889419528602
83.72404683176528 2.376582433352098 64.36370473830773
79.87691716382972 1.770287 64.48096543777326
83.75650262334631 3.5141022802716626 67.67791637129609
79.60017469106913 1.6955390000000001 67.36334247916989
83.80849726599081 3.6158326597563994 70.73973835779712
79.3610302632769 1.795465 70.25249186983073
83.85855485366038 3.849412448010264 73.77269479209885
79.38368078196721 1.6150769999999999 73.3400585271198
83.90715191148327 4.140983206278512 76.45576850881761
79.58744188694165 1.917069 75.85954880245319
83.89845119382137 4.972731371760456 82.64451937218128
79.86957480104051 2.6736176879635805 82.46714845021324
120.95306245128258 20.251256388469844 103.8354687841164
116.65563223186061 22.917380771246734 100.78938749887288
111.49133751836033 23.652480078805223 97.59646301341141
104.57686779972943 19.03649954313225 91.71002065576484
101.47835864573977 17.581085899092816 89.89052411618816
107.19891155745665 3.8475034881372295E-6 77.6691842675306
108.11390036542427 -1.103936792191904E-6 72.24551064069841
108.45100483576063 1.0634273568129489E-7 67.48411589773372
111.1048603507061 -4.1829153456976023E-7 62.66039893034259
109.85815931710935 -5.764178504495514E-7 62.43369004006962
109.70875648540016 -1.1009662116506059E-6 57.87919159564382
109.35977531254271 -1.49556730053432E-6 54.67866804837989
102.67014923174952 1.2320568015402799E-6 76.27745543354376
103.49819415184024 -1.9782883575591635E-6 71.59823360632178
104.30763659988219 4.680292031837942E-7 67.39542307217158
100.212185487467 -9.051041652053282E-7 67.32120878119387
101.26020461363345 -2.4894739429321516E-7 62.970788455939044
101.94926763890398 -2.6990399787801443E-6 58.44386199923922
102.02980959947556 -1.612390615775962E-6 55.51378181877603
99.65588124730043 1.2305508474665206E-8 70.94446990381483
98.70647201525004 -2.0320503592586013E-7 74.94020101682081
125.42572684229754 3.6003884546853065E-6 85.65980286254477
125.84789019567262 2.1679896631314E-6 77.17989658167974
123.52886192581356 1.93136142596635E-6 69.56379060303112
119.69392869508052 -1.178541913972251E-6 62.28725247950122
128.87621477926515 3.0254439382955326E-6 69.58901187747247
122.4145105929322 -2.536349962306763E-6 62.13032406343824
95.39558320019076 1.3573731762144743E-7 56.353051848020094
95.0973664158034 4.103687244311751E-7 59.05448817799057
94.79048451523113 -1.236439002209277E-6 63.39992289313216
94.8757287504707 -2.0994506752557256E-7 67.2468749347215
94.895708138025 -7.056855432585396E-7 70.5314660843766
94.57109657065531 2.4614077757449646E-7 73.98713895506572
93.49934629157525 5.64848906967229E-7 78.28757634503343
97.38764523580106 2.2908212196169662E-6 80.35274508403263
101.28687619235815 1.664450409201599E-6 82.4552821805004
105.14143941937606 2.918076196768147E-7 85.07930782754497
120.62722581658046 6.285992466484495E-6 95.45995763737517
127.19079666848063 6.636958614969305E-6 95.95744527759949
87.15701667553496 -8.808801886435596E-8 59.85019003620363
87.08394218655546 -2.5904791083415616E-7 57.022716327123504
87.06462629812353 -5.958142765653086E-7 63.68357547354789
86.77086165343854 -2.422941878043459E-7 67.20453047357884
86.5740307871633 -4.112510307889356E-7 70.13580050949297
86.29419560469802 6.461049246107027E-8 73.52760790167521
86.1643560028183 -4.2791293263724476E-8 76.40702756195117
88.82660445183214 6.218940337434318E-7 80.5591089470241
91.16483367244285 2.150667909137589E-7 85.62785130282798
98.38466143939344 1.0209746169747795E-5 113.84695009217813
92.51495317878202 1.3375702346033495E-6 90.70458242329484
97.67394756697456 8.911838849988161E-6 110.83096551145873
84.08620811219873 1.3453075272692048E-6 84.65459692055892
81.4195775802732 4.978797896572142E-6 111.25049864015509
84.32389729483764 2.1097539659411848E-6 89.32267146266575
82.05875935641875 4.330800422468739E-6 107.50036070730616
113.42422838183097 -2.269145717402843E-6 62.604140665833555
115.09595728752873 3.0198523276786637E-7 62.53976384634634
116.82601482671014 -7.386216664841843E-7 62.445819766020875
112.34014460082764 5.352032277228285E-7 67.90175189286967
115.71354778772454 4.305005916516203E-7 68.51826767732027
119.37495541501286 1.1765086466255399E-6 69.03952394387487
111.83131536640944 7.113930288503239E-9 73.38912189251916
116.50727618278145 1.4507687138790652E-6 74.48681631000679
121.39329269241593 2.127737192581126E-6 76.08214461622532
111.76810355899424 1.0641615831056689E-7 79.4092739319303
116.3593499720967 3.5281242795941168E-6 81.43123934674313
120.84952641570034 3.0492615202571964E-6 83.69629462398396
108.57833921800437 7.627395492861173E-6 87.3980845700212
112.42391246697858 3.555894671698969E-6 90.2474950410771
116.58409192380311 6.003610194550787E-6 92.7159565878162
93.8376875475783 3.917910197193655E-6 95.72807999977262
95.12197442552967 5.632248594629562E-6 100.76509445586582
96.40025409126922 6.936036445316344E-6 105.80817276340137
84.00138212026962 1.9544505026927733E-6 93.94042736143501
83.61990952647335 2.6520780826183187E-6 98.52232978189708
82.97529203232929 3.7862782756873636E-6 103.0380938018479
90.840503115927 -4.7357054169885843E-7 67.56809429923626
91.10522496262537 -4.600129040948259E-8 63.69040454825309
91.17667615247278 -1.944338954045991E-6 56.590035586031775
91.15741572180998 -1.4751192955283346E-6 59.4630733597605
90.75673825608067 -1.0495064856958449E-8 70.22080295732336
90.33855397473594 -5.460874897365091E-7 73.59430743280802
89.9111519272509 2.7690741398227425E-7 77.10403387264166
92.79702648328276 1.0458109746210177E-6 80.34663077307613
97.07251087099151 4.6147996622616825E-6 84.8630775817921
100.13292083649132 5.701409484472734E-6 89.13141969402656
112.26337501070604 9.116044333003328E-6 105.1923457440098
115.75144553023733 9.603531784894346E-6 110.04343794617058
105.66631869039418 6.414637802095669E-6 96.90886859669531
108.70934719612669 7.387474041296914E-6 101.15810234275003
77.58150158195377 -1.2761620687885565E-6 86.92732078729043
68.1414159925122 3.6270542537127237E-8 105.93193033997373
76.31642956256718 -7.963513353150692E-7 91.37323757944043
70.0184517342776 -8.415051327214939E-8 103.11372317610527
75.07982806859086 3.1354669546998854E-7 94.97381033385885
73.72420457352588 6.533752267696688E-8 97.47409445034171
71.88270550654622 -3.1580997925095955E-7 100.29591388742806
68.85454974566531 -1.7127060576178224E-6 91.79826251968781
61.121435606410216 -4.7473714279209834E-6 100.70703239400503
69.89332804754463 -1.5467422836624866E-6 93.67465391884257
64.95103553244309 -2.5911358883570737E-6 100.37558970540641
71.24873802937012 -1.6342182551883316E-6 95.00576138711091
69.39472250227946 -1.128471687733223E-6 99.44261485072163
69.3265762380167 -1.8279988969966415E-6 96.88727099299832
65.1244221253779 -4.1185640678443005E-6 96.37192963000851
60.96259168701937 -6.021357429565711E-6 95.41033456630626
130.16228919238858 4.738583375940276E-6 87.69327253908291
130.5380605493591 2.2184257321474024E-7 78.44712023531416
102.61810429497677 4.217399376086659E-6 92.66974068412223
77.74399400038394 0.0 57.576069786017456
78.55622599349768 0.0 60.265716197846054
78.4037497977925 0.0 63.85783313003844
78.44666105404129 0.0 67.11444149405571
78.44145948507006 0.0 69.89252564034793
78.40686621988745 0.0 73.16974887175954
78.3525963879752 0.0 75.63808441212763
79.65607243815069 -7.090620508201633E-7 81.93018776388752
83.35310442085341 -2.2665614683493855E-7 60.06422111572667
83.49407661754368 3.936091197906745E-7 57.01498042888637
83.09792625461678 -4.466181252528248E-8 63.856805233017795
82.84440465915779 -1.24520148110782E-7 67.309148662569
82.56946430294634 -2.4043281426545894E-7 70.22703872116638
82.69649876952172 -1.4901400275691777E-7 73.43771567942288
82.93217245194931 -1.448655267793139E-7 76.25840781551216
83.84568659405764 -4.810566419975974E-8 80.40679775015579
151.84028999999998 35.891287 125.0
151.84028999999998 -35.891287 125.0
