0.09671912524058475 -0.05383029269622901 0.20106347432192018
0.11141890807414069 -0.03787554050917401 0.11111395557652778
0.10044338858195478 0.048797086666933 0.20136822537210203
0.11423439391375347 0.036120730719317984 0.11222783592920502
0.13865074094378316 -0.06824914613122002 0.2070268348398781
0.10125011947863273 -0.047632201079965006 0.1343670973863585
0.1422935719125636 0.063605168198059 0.2073968866827009
0.10465816985486966 0.04465757046664198 0.13611280096832507
0.1555507844854671 -0.06917077362413501 0.1672322587053996
0.10117410495702968 -0.047354984770148004 0.13441180329662922
0.15789771394275065 0.06514545871040098 0.16760252544564136
0.10458791940863706 0.04437410354690999 0.1361239980696443
0.09774811942990741 -0.05710396307578601 0.13590085688354883
0.12268640430664009 -0.04592726723142401 0.0857048773738727
0.10085545397175935 0.05501298113132899 0.13665105053110588
0.12680286473833285 0.047006709546980996 0.08687401647742984
0.11366551895258901 -0.06113119790176001 0.14093463331118405
0.12099676539552978 -0.04650106290132901 0.10973148364070533
0.11682456394253465 0.05784907465623798 0.14149680053402822
0.12398925730707734 0.04499275801517899 0.110511354063591
0.11558294696006946 -0.023823945233679006 0.13265863943164843
0.12655086562815687 -0.04194291370443401 0.08635234880839764
0.11736369396414277 0.01761812901679599 0.13259353274090335
0.13037874464489807 0.042954887490887994 0.0871260435989548
0.11695518014477803 -0.04441293629133801 0.14751516650668264
0.13295101702544443 -0.045843093358541004 0.13199218490005615
0.11844790712612598 0.03950815913893699 0.14707967501085079
0.1349708749917214 0.04167808436182199 0.13316985879113424
0.11577741229090313 -0.025145598921919005 0.13655062732492249
0.1329236472171389 -0.045885733851057015 0.12953165252805526
0.11737988308124868 0.018573196648300982 0.13644270144157267
0.13465384223824067 0.04246122954953699 0.1311065421208854
0.07510607033015199 -0.003767472289122012 0.06080686595348135
0.11611796054192072 -0.009590265490209388 0.06184099542636474
0.07548726469930568 0.01050088392465498 0.060299649517049914
0.11824448665240923 0.011618817417759997 0.06268015465533454
0.1555886009202047 -0.052484984200202006 0.1287442690960249
0.11602861771697161 -0.009606357045656724 0.06204289618259272
0.1585435215827281 0.04928407890443798 0.12952942355001415
0.11831950809495945 0.01152581517493026 0.06272677941760867
0.09019805775726915 -0.01916368738589501 0.06861868165188417
0.11127810738027982 0.0014929417674039436 0.06066800942104124
0.09067266618885507 0.023985695224364 0.06957437141153883
0.11145335380233685 0.0028696102445264215 0.06092563684846681
0.10636433430547913 -0.027519781282841008 0.08390657781593286
0.11234687895471664 -0.004021001536878163 0.06037193365637912
0.10896193087308013 0.028739139815075004 0.08627991207910617
0.11285336702519251 0.007062463998723567 0.061327214522641664
0.07763790192747674 0.0016719436653819808 0.06431119071906752
0.11292890811183857 0.0013416317589693971 0.061537854872606726
0.07773526546173634 0.005263869312665981 0.06413749763849703
0.11311937710263546 0.002571745748587123 0.06162737932123122
0.14818911260498663 -0.042508640952666016 0.11961872100557257
0.11596102734097553 -0.009686377139644112 0.06229266832816309
0.1488320218721415 0.03840898192574499 0.1186197524896269
0.1183725017685406 0.011522721872562813 0.06280264924387687
0.11730653601454712 -0.011064221873398256 0.05739452473040058
0.11872213999235375 0.013839302691026928 0.05900159817745024
0.11167139164970706 1.8417653310009996E-4 0.05269753864490028
0.11190319923465074 0.0038080428017703283 0.0531721510405056
0.11276104106904354 -0.004175969188664419 0.052843033800311606
0.11337518762935499 0.007670723019102321 0.053936467049648204
0.11298142030861857 -5.161460330851686E-4 0.05223044538867405
0.11298142030861857 -5.161460330851686E-4 0.05223044538867405
0.11856333229069552 -0.009457412606018428 0.05505687207675837
0.11856333229069552 -0.009457412606018428 0.05505687207675837
0.11856333229069552 -0.009457412606018428 0.05505687207675837
0.13087610411679512 -0.01930337118621181 0.05971642129257083
0.13087610411679512 -0.01930337118621181 0.05971642129257083
0.13087610411679512 -0.01930337118621181 0.05971642129257083
0.1450033178350339 -0.024707237306729884 0.06671711559796771
0.1450033178350339 -0.024707237306729884 0.06671711559796771
0.11296435002746548 0.004391343065415054 0.0531822493306655
0.11296435002746548 0.004391343065415054 0.0531822493306655
0.1195906097277141 0.012417642819057356 0.0567205518825433
0.1195906097277141 0.012417642819057356 0.0567205518825433
0.1195906097277141 0.012417642819057356 0.0567205518825433
0.13296501486838902 0.020401621991553986 0.06225609674454424
0.13296501486838902 0.020401621991553986 0.06225609674454424
0.13296501486838902 0.020401621991553986 0.06225609674454424
0.14804432056571543 0.023489443329553744 0.06838859488228934
0.14804432056571543 0.023489443329553744 0.06838859488228934
0.12012906495974603 -0.011430495483848446 0.0595134323778429
0.12200121011715698 0.01358282361512822 0.061203303406764276
0.05548741589428509 0.0019916270154929916 0.09225862392031084
0.1334474183277235 -0.04990628860575001 0.1325236354394115
0.1360008796492696 0.047793244076489994 0.13409443613109245
0.05199742524325929 7.284843902140015E-4 0.10216323775209511
0.1112631078663949 0.0021575887588624054 0.0611036422643999
0.09869088955124312 0.0011950949167979785 0.08840206634903078
0.11637989197865047 0.0019431248015298608 0.058721713973113945
0.08346221184076716 -0.024627419741654014 0.09754606157600516
0.08561538154943985 0.025670312571005993 0.10008697891941683
0.1130182489289314 0.001969570332876619 0.06158191889756324
0.08561538154943985 0.025670312571005993 0.10008697891941683
0.08346221184076716 -0.024627419741654014 0.09754606157600516
