0 1000000000 1.0
Linear 3 explicit
 0.010000 0.12462628582383907 1.2351207931224669E-16 0.09440012349666548
 0.020000 0.12462351911463042 3.055475187410193E-16 0.09439921790694458
 0.030000 0.124621741869374 4.0774700518023324E-16 0.09439860018740293
 0.040000 0.12462069796379774 7.90938074136474E-16 0.09439815098212721
 0.050000 0.12462013698787575 7.349397985845601E-16 0.09439780696394638
 0.060000 0.12461986674199874 1.5350574979771222E-15 0.09439754015145843
 0.070000 0.12461975718826653 5.175616257455529E-16 0.09439733617344832
 0.080000 0.12461972809695712 6.913248651229858E-16 0.09439718435277869
 0.090000 0.12461973395075637 9.087858004978575E-16 0.09439707476342998
 0.100000 0.12461975118866817 1.0791233552672709E-15 0.09439699804117595
 0.110000 0.12461976901966583 3.769043832179331E-16 0.09439694586174938
 0.120000 0.12461978346092793 -4.2892593115514943E-16 0.09439691131210261
 0.130000 0.12461979378559092 4.332788416369832E-16 0.09439688898908058
 0.140000 0.12461980057696959 6.269007392330336E-16 0.09439687488204519
 0.150000 0.12461980476326151 1.3846539851469092E-15 0.09439686614184922
 0.160000 0.12461980720309605 1.2877330436363699E-15 0.09439686081955304
 0.170000 0.12461980855330439 1.0890115372182128E-15 0.09439685762527959
 0.180000 0.12461980926425226 1.091869478721283E-15 0.0943968557298457
 0.190000 0.12461980962119368 1.0142017190214659E-15 0.0943968546138039
 0.200000 0.12461980979315804 1.0144404698385465E-15 0.09439685395906552
 0.210000 0.12461980987421382 -4.200158534777379E-16 0.09439685357465173
 0.220000 0.12462846820507996 6.556899096386918E-9 0.09440614263708308
 0.230000 0.12465564638288916 -1.922034957591491E-5 0.09441830526390062
 0.240000 0.12468494231182047 -6.380769837292291E-5 0.0944393199995441
 0.250000 0.12471903818172153 -1.277217202339759E-4 0.09446378589157356
 0.260000 0.12475738490344813 -2.0402431270112213E-4 0.09448924058648077
 0.270000 0.12479741505140639 -2.87373386885227E-4 0.09451527968391966
 0.280000 0.1248364460651819 -3.7417887226477985E-4 0.09454222600719908
 0.290000 0.12487245776174298 -4.621582492658533E-4 0.0945704915060153
 0.300000 0.12490419110262113 -5.498816057137527E-4 0.0946003707757293
 0.310000 0.12493098842081468 -6.364442455658926E-4 0.09463201411131585
 0.320000 0.1249525972300989 -7.212619332844849E-4 0.0946654569964708
 0.330000 0.12496902122354038 -8.039525878507871E-4 0.09470065532471508
 0.340000 0.1249804301747678 -8.842717730255424E-4 0.094737509908695
 0.350000 0.12498711147977402 -9.620784163912953E-4 0.09477588051999741
 0.360000 0.1249894406761045 -0.0010373148984790144 0.09481559558031112
 0.370000 0.12498785459554826 -0.001109991834668689 0.09485646277254332
 0.380000 0.12498282082145892 -0.0011801729160213904 0.0948982822574889
 0.390000 0.12497480523815567 -0.0012479589155435342 0.0949408610174557
 0.400000 0.12496424304099098 -0.0013134721408990051 0.09498402562769312
 0.410000 0.12495151796144405 -0.0013768432866410696 0.09502763135050735
 0.420000 0.12493695169578126 -0.0014382021458690143 0.09507156675398075
 0.430000 0.12492080271359778 -0.0014976724240107796 0.09511575403051448
 0.440000 0.12490327193025232 -0.0015553695884091545 0.09516014562298127
 0.450000 0.12488451227113105 -0.0016114000847721696 0.09520471815823754
 0.460000 0.12486463948970758 -0.0016658607021906033 0.09524946524270504
 0.470000 0.12484374228597858 -0.0017188378100266098 0.09529439086084043
 0.480000 0.12482189057995216 -0.001770406779145357 0.09533950454567595
 0.490000 0.12479914157018032 -0.0018206318869665667 0.09538481856177229
 0.500000 0.12477554377582592 -0.0018695667120574263 0.09543034667639996
 0.510000 0.12475113953395339 -0.001917254807375049 0.09547610389659061
 0.520000 0.12472599890037873 -0.00196384619763341 0.09552214928868041
 0.530000 0.12468837818033951 -0.0020080807976879055 0.09555447087341065
 0.540000 0.12466265593597291 -0.002034999829025611 0.09556662620342209
 0.550000 0.12465128062771921 -0.0020408330510794733 0.0955561261232846
 0.560000 0.1246477443207662 -0.0020322608350902037 0.09553486304409725
 0.570000 0.12464796764776985 -0.0020131983567502803 0.09550719001536877
 0.580000 0.1246514892156152 -0.0019859669421130642 0.09547477223361478
 0.590000 0.12465846806089932 -0.001951981425241739 0.09543850091934696
 0.600000 0.12466872706575194 -0.0019122888069317543 0.09539911079492602
 0.610000 0.12468171638266516 -0.0018677510298008484 0.09535729057195182
 0.620000 0.12469670075587445 -0.0018190719360457054 0.09531366325497236
 0.630000 0.12471292204460188 -0.0017667986704699324 0.09526875999264335
 0.640000 0.12472968872997464 -0.001711334809912302 0.09522301186012425
 0.650000 0.12474640825531473 -0.0016529649062260146 0.09517675657323776
 0.660000 0.12476258634798873 -0.0015918813478368263 0.0951302531994241
 0.670000 0.12477781065134054 -0.0015282061977442809 0.09508369944378058
 0.680000 0.12479172871479964 -0.0014620054386273824 0.09503724824893386
 0.690000 0.12480402562112358 -0.0013932971556278873 0.09499102230950555
 0.700000 0.12481440366001376 -0.001322056792049316 0.09494512631273135
 0.710000 0.12482256477368865 -0.0012482220638419248 0.09489965723114328
 0.720000 0.12482819580201086 -0.0011716989847618054 0.09485471306069806
 0.730000 0.12483095671827615 -0.001092369800687472 0.09481040021768909
 0.740000 0.12483047278829992 -0.0010101033906524002 0.09476683938557258
 0.750000 0.12482633259052442 -9.247683293294194E-4 0.09472416893547306
 0.760000 0.12481809475937787 -8.36248028318363E-4 0.09468254428486823
 0.770000 0.12480530652235289 -7.444562549421309E-4 0.09464213106375984
 0.780000 0.12478753552689904 -6.493502194235581E-4 0.09460309033103016
 0.790000 0.12476441212697988 -5.509379063596582E-4 0.0945655560337913
 0.800000 0.12473569243589722 -4.492851199361283E-4 0.09452959410574684
 0.810000 0.1247017008693204 -3.448650201121178E-4 0.09449485976821402
 0.820000 0.12466844940386851 -2.395488899806047E-4 0.09446514607468835
 0.830000 0.12464720435758066 -1.5643216936155798E-4 0.09444490064941537
 0.840000 0.12462804734872023 -9.945838465438961E-5 0.09443446663594048
 0.850000 0.12461474414449464 -6.242719340899687E-5 0.09442790463582895
 0.860000 0.12460788173491197 -3.892405553115437E-5 0.0944224488222825
 0.870000 0.1246058803255231 -2.4149786921466827E-5 0.09441737149506384
 0.880000 0.12460676903160708 -1.4903114323432868E-5 0.09441271990118377
 0.890000 0.124608974245966 -9.138511891752554E-6 0.09440868552137524
 0.900000 0.12461148822807469 -5.5647072122661316E-6 0.09440538245277508
 0.910000 0.12461377847574756 -3.3656568977915113E-6 0.09440281435445307
 0.920000 0.12461563299346429 -2.023901495293526E-6 0.09440090560676867
 0.930000 0.12461702334768612 -1.2117737976235222E-6 0.09439954149074598
 0.940000 0.12461800830798361 -7.234594200431539E-7 0.09439859930940775
 0.950000 0.12461867555353806 -4.312735151054812E-7 0.09439796746047874
 0.960000 0.1246191112092018 -2.570105082994993E-7 0.09439755426301162
 0.970000 0.1246193869675406 -1.5327721384630207E-7 0.09439728969585723
 0.980000 0.12461955701816334 -9.157686200445788E-8 0.09439712317335659
 0.990000 0.12461965966514638 -5.4868663622212756E-8 0.09439701972680924
 1.000000 0.1246197206262776 -3.300156805078953E-8 0.0943969560344057
