0.0 1.0 1.0
Linear 1 explicit
 0.000000 14.309321882447023
 0.010000 14.309321882447023
 0.020000 14.775217670177218
 0.030000 15.7351034639932
 0.040000 16.793319022053744
 0.050000 17.66189860621406
 0.060000 18.570278333044794
 0.070000 19.207080615771496
 0.080000 19.871977116853785
 0.090000 20.255931434380177
 0.100000 20.738215516151133
 0.110000 21.13153457312939
 0.120000 21.321170547029617
 0.130000 21.597430360859587
 0.140000 21.836231216882094
 0.150000 22.051620224274952
 0.160000 22.241256198175183
 0.170000 22.398115583993892
 0.180000 22.48708060878659
 0.190000 22.543269045497773
 0.200000 22.58306918816819
 0.210000 22.629892885427505
 0.220000 22.6509635491942
 0.230000 22.613504591386747
 0.240000 22.35363307159754
 0.250000 21.763654486130157
 0.260000 21.04725191806262
 0.270000 20.06395427561698
 0.280000 18.97530331433788
 0.290000 17.903040647099537
 0.300000 17.652533866762194
 0.310000 17.68531045484372
 0.320000 17.853875764977257
 0.330000 18.017758705384864
 0.340000 18.188665200381365
 0.350000 18.277630225174068
 0.360000 18.390007098596428
 0.370000 18.394689468322362
 0.380000 18.357230510514906
 0.390000 18.249536006818477
 0.400000 18.183982830655435
 0.410000 17.711063488336343
 0.420000 17.256873624920978
 0.430000 16.385952855897692
 0.440000 15.376902179959432
 0.450000 14.40531046182862
 0.460000 13.26515343356427
 0.470000 11.736359718047598
 0.480000 9.823611685004533
 0.490000 8.039628819424587
 0.500000 6.766024253971187
 0.510000 5.958315476247983
 0.520000 5.4526195458473685
 0.530000 5.225524614139685
 0.540000 5.000770867294968
 0.550000 4.911805842502266
 0.560000 4.71982868373907
 0.570000 4.560628113057396
 0.580000 4.57467522223519
 0.590000 4.555945743331463
 0.600000 4.661299062164925
 0.610000 4.757287641546523
 0.620000 4.850935036065155
 0.630000 4.902441103050403
 0.640000 4.942241245720822
 0.650000 4.953947170035651
 0.660000 4.977359018665309
 0.670000 5.005453237020899
 0.680000 5.040571009965386
 0.690000 5.082712337498771
 0.700000 5.078029967772839
 0.710000 5.092077076950634
 0.720000 5.1154889255802924
 0.730000 5.113147740717326
 0.740000 5.120171295306224
 0.750000 5.131877219621052
 0.760000 5.131877219621052
 0.770000 5.148265513661813
 0.780000 5.1623126228396075
 0.790000 5.150606698524779
 0.800000 5.155289068250711
 0.810000 5.157630253113677
 0.820000 5.155289068250711
 0.830000 5.159971437976642
 0.840000 5.148265513661813
 0.850000 5.169336177428505
 0.860000 5.164653807702574
 0.870000 5.169336177428505
 0.880000 5.178700916880368
 0.890000 5.169336177428505
 0.900000 5.176359732017403
 0.910000 5.181042101743334
 0.920000 5.1833832866063005
 0.930000 5.1927480260581635
 0.940000 5.1927480260581635
 0.950000 5.190406841195198
 0.960000 5.185724471469266
 0.970000 5.1927480260581635
 0.980000 5.190406841195198
 0.990000 5.19508921092113
 1.000000 5.188065656332232
