0.0 1.0 1.0
Linear 26 explicit
0.0  0.0 0.0 0.0 0.0 0.0 0.0 0.0 0.0 0.0 0.0 0.0 0.0 0.0 0.0 0.0 0.0 0.0 0.0 0.0 0.0 0.0 0.0 0.0 0.0 0.0 0.0
0.01  6.938893903907228E-18 0.01649310292199351 0.06606200817366056 0.05896187353832936 0.014914481931609859 0.055980022988684694 0.0 0.023812126746786334 0.09035264225991302 -8.326672684688674E-17 0.08560117012002677 0.0 0.0 0.0 0.0 0.0 0.0997611477628444 0.0 0.0 0.0 0.0 0.0 0.0 0.0 0.0 0.10049725852348357
0.02  2.0816681711721685E-17 0.051684444087536606 0.08010650547833872 0.007488689196568921 0.014579776345221106 0.06247177408593636 3.469446951953614E-18 0.05372277407313818 0.1033286463329627 0.022097000688027755 0.026213266915726896 0.0 0.0 0.0 0.0 0.0 0.06624678285102334 0.0 0.0 0.0 0.0 0.0 0.0 0.0 0.0 0.0672209760672583
0.03  4.85722573273506E-17 0.09361335254162045 0.07415392221619267 8.326672684688674E-17 0.015227646667584673 0.08874576688349162 2.7755575615628914E-17 0.0780936235135914 0.15378644638012956 -2.0816681711721685E-17 0.032193753821006865 0.0 0.0 0.0 0.0 0.0 0.1162389268884168 0.0 0.0 0.0 0.0 0.0 0.0 0.0 0.0 0.11763760065720075
0.04  -4.85722573273506E-17 0.09800643416061344 0.1160892978427451 9.71445146547012E-17 0.021503733863066178 0.11002861813707632 -6.938893903907228E-18 0.07875799832278116 0.1879758178625382 0.027866280309383637 0.03381007549535686 0.0 0.0 0.0 0.0 0.0 0.1389417501134853 0.0 0.0 0.0 0.0 0.0 0.0 0.0 0.0 0.1406595702941421
0.05  -1.3877787807814457E-16 0.13754608277205357 0.11801303857854811 4.440892098500626E-16 0.009853918582492436 0.1748291314819774 1.6653345369377348E-16 0.0874856615741531 0.30582566601045696 -7.632783294297951E-17 0.0785420595956603 0.0 0.0 0.0 0.0 0.0 0.17990751144609474 0.0 0.0 0.0 0.0 0.0 0.0 0.0 0.0 0.18220238598197902
0.06  2.2898349882893854E-16 0.15503252700782325 0.18615576161678865 8.326672684688674E-17 0.012205439874958063 0.2031510200788676 1.734723475976807E-17 0.08925193862657349 0.31762925482858506 5.551115123125783E-17 0.10108900414321731 0.0 0.0 0.0 0.0 0.0 0.2107607196792114 0.0 0.0 0.0 0.0 0.0 0.0 0.0 0.0 0.2141491987527515
0.07  1.942890293094024E-16 0.19257015065349983 0.162463016861071 -2.498001805406602E-16 1.3877787807814457E-17 0.26120754772756954 1.0061396160665481E-16 0.10056886213320385 0.41971862541794125 -1.457167719820518E-16 0.1215181102417795 0.0 0.0 0.0 0.0 0.0 0.22972988463287458 0.0 0.0 0.0 0.0 0.0 0.0 0.0 0.0 0.23272053954650174
0.08  -5.551115123125783E-17 0.18790524424900693 0.2105367405446587 -3.3306690738754696E-16 2.42861286636753E-17 0.23403843252773482 -4.336808689942018E-18 0.10129118721566502 0.37207885326514367 -9.367506770274758E-17 0.1173253781353909 0.0 0.0 0.0 0.0 0.0 0.22740734945696006 0.0 0.0 0.0 0.0 0.0 0.0 0.0 0.0 0.23032195786928522
0.09  2.7755575615628914E-17 0.1797936207646987 0.19622473236061333 0.0 3.469446951953614E-18 0.2433775667658238 1.6046192152785466E-17 0.09643365523842423 0.38752047979803944 4.85722573273506E-17 0.12589498927509024 0.0 0.0 0.0 0.0 0.0 0.22264451641668015 0.0 0.0 0.0 0.0 0.0 0.0 0.0 0.0 0.22555396595352906
0.1  1.5265566588595902E-16 0.17646484810158386 0.19754723193220602 8.326672684688674E-17 -2.42861286636753E-17 0.23846168499550635 -1.249000902703301E-16 0.09407543364592043 0.37703849734333406 -2.7755575615628914E-16 0.13102390181081303 0.0 0.0 0.0 0.0 0.0 0.2190206410497889 0.0 0.0 0.0 0.0 0.0 0.0 0.0 0.0 0.2220211683015303
0.11  6.245004513516506E-17 0.17579618811508477 0.2009422358553032 1.3877787807814457E-16 1.0408340855860843E-17 0.23884532197897457 2.1510571102112408E-16 0.09416321202206751 0.37709963785938655 1.5959455978986625E-16 0.13089766915200496 0.0 0.0 0.0 0.0 0.0 0.2155855710066008 0.0 0.0 0.0 0.0 0.0 0.0 0.0 0.0 0.2185253141416108
0.12  -2.220446049250313E-16 0.17606759308291872 0.20062817894774204 -3.3306690738754696E-16 1.734723475976807E-17 0.23755922873313792 2.1684043449710089E-16 0.09448803612803555 0.37572215674865084 1.3877787807814457E-16 0.1313050142462464 0.0 0.0 0.0 0.0 0.0 0.21656675465994912 0.0 0.0 0.0 0.0 0.0 0.0 0.0 0.0 0.21952243071138056
0.13  -5.898059818321144E-16 0.1760820274345208 0.2008178177735119 -1.6653345369377348E-16 -1.0408340855860843E-17 0.23720174329841281 -1.2663481374630692E-16 0.0947095033298807 0.37522665164250657 -9.71445146547012E-17 0.1307971841369997 0.0 0.0 0.0 0.0 0.0 0.21607270837919645 0.0 0.0 0.0 0.0 0.0 0.0 0.0 0.0 0.2190286816796705
0.14  -3.469446951953614E-17 0.17565769407613296 0.20062577392171838 1.6653345369377348E-16 -1.0408340855860843E-17 0.23630791419216454 6.418476861114186E-17 0.09456373015797838 0.3742009479032633 0.0 0.13008270172875536 0.0 0.0 0.0 0.0 0.0 0.21585708901857292 0.0 0.0 0.0 0.0 0.0 0.0 0.0 0.0 0.2188027712825349
0.15  2.7755575615628914E-17 0.17537358619350366 0.20033959780503663 -1.1102230246251565E-16 -1.3877787807814457E-17 0.23596948825385433 -7.632783294297951E-17 0.09447555729739707 0.37376478186869244 3.5388358909926865E-16 0.129877226394288 0.0 0.0 0.0 0.0 0.0 0.21571503216918397 0.0 0.0 0.0 0.0 0.0 0.0 0.0 0.0 0.21865837207790362
0.16  4.3021142204224816E-16 0.17520103458434522 0.20022365193479114 5.551115123125783E-17 -3.122502256758253E-17 0.2356798789187095 4.683753385137379E-17 0.09440226262212874 0.37329538275665475 5.551115123125783E-17 0.1296627432349613 0.0 0.0 0.0 0.0 0.0 0.21546144300166004 0.0 0.0 0.0 0.0 0.0 0.0 0.0 0.0 0.218402227185982
0.17  -3.469446951953614E-17 0.17506002319137454 0.20010489172625603 1.3877787807814457E-16 -4.163336342344337E-17 0.23547097868453795 -2.3765711620882257E-16 0.09433876615918914 0.3729970424166048 -1.942890293094024E-16 0.12950876675838674 0.0 0.0 0.0 0.0 0.0 0.2152884045340604 0.0 0.0 0.0 0.0 0.0 0.0 0.0 0.0 0.21822521901651037
0.18  1.249000902703301E-16 0.17494478253480847 0.19999053669850841 0.0 -2.42861286636753E-17 0.23530697385481142 -4.336808689942018E-17 0.09427672315244215 0.3727503223767239 3.469446951953614E-17 0.1294405578760014 0.0 0.0 0.0 0.0 0.0 0.21517184139821321 0.0 0.0 0.0 0.0 0.0 0.0 0.0 0.0 0.21810702726795328
0.19  5.551115123125783E-17 0.17486146573327294 0.1999066424811391 -5.551115123125783E-17 -1.3877787807814457E-17 0.23519865153016561 -3.642919299551295E-17 0.09422844630455879 0.37258513614725197 0.0 0.12939776593783114 0.0 0.0 0.0 0.0 0.0 0.21506088700150594 0.0 0.0 0.0 0.0 0.0 0.0 0.0 0.0 0.2179946739837768
0.2  -6.314393452555578E-16 0.17479228846509887 0.19982351440447815 0.0 -1.3877787807814457E-17 0.23510089236387294 1.3183898417423734E-16 0.09418943365081954 0.37244348747758443 5.551115123125783E-17 0.12937436054050466 0.0 0.0 0.0 0.0 0.0 0.2149738787013381 0.0 0.0 0.0 0.0 0.0 0.0 0.0 0.0 0.21790637445575345
0.21  6.938893903907228E-18 0.1747533104085593 0.19978707904527923 1.942890293094024E-16 -3.469446951953614E-17 0.2350475362324069 2.42861286636753E-17 0.09416605401488956 0.3723775361088453 8.326672684688674E-17 0.12939331476096205 0.0 0.0 0.0 0.0 0.0 0.2149279509505193 0.0 0.0 0.0 0.0 0.0 0.0 0.0 0.0 0.21786024044912922
0.22  -1.6653345369377348E-16 0.17473733598845087 0.1997595409289168 2.7755575615628914E-16 3.469446951953614E-18 0.23501664261182503 -1.3877787807814457E-17 0.09415451178960645 0.37234736395992973 -6.938893903907228E-18 0.12942089417548952 0.0 0.0 0.0 0.0 0.0 0.2148919546662924 0.0 0.0 0.0 0.0 0.0 0.0 0.0 0.0 0.2178240299830183
0.23  -2.983724378680108E-16 0.2473399563663858 0.06821371923139072 0.0 -4.85722573273506E-17 0.21361678425615166 -3.469446951953614E-17 0.12960178060430283 0.3256834549545419 -4.163336342344337E-17 0.039146815456987616 0.0 0.0 0.0 0.0 0.0 0.2429424387919511 0.0 0.0 0.0 0.0 0.0 0.0 0.0 0.0 0.24564396793611465
0.24  0.03329716358417907 0.2852088115216348 0.034884793496289826 -1.1102230246251565E-16 0.014433761586172107 0.19048694360314103 2.1510571102112408E-16 0.17562042987158366 0.34749970190636664 0.08621378339977596 -2.220446049250313E-16 0.0 0.0 0.0 0.0 0.0 0.2615592703063663 0.0 0.0 0.0 0.0 0.0 0.0 0.0 0.0 0.26428702503396373
0.25  0.14145882220425077 0.2640213952145887 2.0122792321330962E-16 1.3877787807814457E-16 0.017357678866015868 0.19394781295566665 -2.2551405187698492E-17 0.16045114475141362 0.34060190066090007 0.1594094474544497 4.440892098500626E-16 0.0 0.0 0.0 0.0 0.0 0.27580339999731285 0.0 0.0 0.0 0.0 0.0 0.0 0.0 0.0 0.27843526414017783
0.26  0.20892413622578293 0.23484036397649669 -1.734723475976807E-16 -3.0531133177191805E-16 0.015279038271005876 0.215399213796876 1.734723475976807E-18 0.14653084685545292 0.3858241282865898 0.21792568077706254 -2.220446049250313E-16 0.0 0.0 0.0 0.0 0.0 0.29861645445078866 0.0 0.0 0.0 0.0 0.0 0.0 0.0 0.0 0.3011577880333547
0.27  0.2889364714093129 0.21111955821586945 -3.469446951953614E-17 2.220446049250313E-16 0.0027930703168478795 0.24961816755698213 -2.220446049250313E-16 0.12345195591049969 0.41233175027470936 0.23352555672697978 2.220446049250313E-16 0.0 0.0 0.0 0.0 0.0 0.3047381258815399 0.0 0.0 0.0 0.0 0.0 0.0 0.0 0.0 0.307428041056671
0.28  0.3774962504586593 0.18907594804188327 1.6653345369377348E-16 -2.7755575615628914E-17 0.0 0.2868092540502951 -6.245004513516506E-17 0.10584605471315436 0.4455954418302518 0.28249832825767374 0.0 0.0 0.0 0.0 0.0 0.0 0.33846414295852945 0.0 0.0 0.0 0.0 0.0 0.0 0.0 0.0 0.3413032273030818
0.29  0.4982462703070797 0.16563938763689773 -9.71445146547012E-17 -8.326672684688674E-17 -1.0408340855860843E-17 0.3296934963260192 -4.163336342344337E-17 0.0968666348591125 0.49901817420360217 0.34113857549409526 -2.220446049250313E-16 0.0 0.0 0.0 0.0 0.0 0.37917671525892716 0.0 0.0 0.0 0.0 0.0 0.0 0.0 0.0 0.38223275531548984
0.3  0.4982462703070797 0.11361924979574702 8.326672684688674E-17 -2.498001805406602E-16 -6.938893903907228E-18 0.30782326748928424 -1.3877787807814457E-17 0.06028171007843681 0.43460238681476737 0.3581913499408901 3.3306690738754696E-16 0.0 0.0 0.0 0.0 0.0 0.34565020276098857 0.0 0.0 0.0 0.0 0.0 0.0 0.0 0.0 0.3486553592591263
0.31  0.3294166523342965 0.10332552434954269 1.5265566588595902E-16 3.0531133177191805E-16 -3.469446951953614E-17 0.35051509490734606 0.0 0.04050321065744051 0.5109684290705871 0.2928042554884964 -2.220446049250313E-16 0.0 0.0 0.0 0.0 0.0 0.3273287902661721 0.0 0.0 0.0 0.0 0.0 0.0 0.0 0.0 0.3300190745597633
0.32  0.2967964364794626 0.11393024443965995 1.5265566588595902E-16 0.02676116811554788 1.9081958235744878E-17 0.3638847350024329 -1.3877787807814457E-17 0.05816089888719469 0.535934099769403 0.25766298054682224 1.1102230246251565E-16 0.0 0.0 0.0 0.0 0.0 0.29272134286755236 0.0 0.0 0.0 0.0 0.0 0.0 0.0 0.0 0.29525179425035386
0.33  0.27290990652328706 0.11483562715174979 -2.498001805406602E-16 0.04387965942546462 1.5612511283791264E-17 0.3415486353814702 2.7755575615628914E-17 0.06461544578635108 0.5355608104421965 0.21823143428585395 0.0 0.0 0.0 0.0 0.0 0.0 0.26343726166401205 0.0 0.0 0.0 0.0 0.0 0.0 0.0 0.0 0.2658639894014425
0.34  0.26693293468820534 0.12911939304793937 1.1102230246251565E-16 0.059115961865098654 6.938893903907228E-18 0.3597866257933158 -6.938893903907228E-17 0.0762943562254188 0.5902889550863277 0.20614740515514193 -1.1102230246251565E-16 0.0 0.0 0.0 0.0 0.0 0.2730152188698769 0.0 0.0 0.0 0.0 0.0 0.0 0.0 0.0 0.2755007594360597
0.35  0.24896932623706652 0.12843582073055668 2.914335439641036E-16 0.07749638795554373 6.938893903907228E-18 0.356705894263987 -6.938893903907228E-17 0.08308738593037314 0.6149380489762782 0.18679081724786734 1.1102230246251565E-16 0.0 0.0 0.0 0.0 0.0 0.25698551271199166 0.0 0.0 0.0 0.0 0.0 0.0 0.0 0.0 0.25945703427591715
0.36  0.23847665777592642 0.14076472391559477 -2.220446049250313E-16 0.09191700394523761 -2.949029909160572E-17 0.37160984757077936 -5.551115123125783E-17 0.09503961798703577 0.6718178614326725 0.1701031889246136 4.440892098500626E-16 0.0 0.0 0.0 0.0 0.0 0.25692800673675065 0.0 0.0 0.0 0.0 0.0 0.0 0.0 0.0 0.259452202102726
0.37  0.22281692987017582 0.14460458432386203 1.3877787807814457E-16 0.10847061642066615 -6.071532165918825E-18 0.37639064768703595 -1.249000902703301E-16 0.10364377137821643 0.7161130469260101 0.1532207342406495 2.220446049250313E-16 0.0 0.0 0.0 0.0 0.0 0.2502815903753337 0.0 0.0 0.0 0.0 0.0 0.0 0.0 0.0 0.25283329423802736
0.38  0.20905315735699806 0.1560806833562071 -2.498001805406602E-16 0.1260653177739611 -5.377642775528102E-17 0.39191376019359514 8.933825901280557E-17 0.11590217905997895 0.77871618452444 0.13321112297476762 -3.3306690738754696E-16 0.0 0.0 0.0 0.0 0.0 0.24644259002550073 0.0 0.0 0.0 0.0 0.0 0.0 0.0 0.0 0.24907719132298378
0.39  0.19326882472645904 0.16382591869565863 -1.3877787807814457E-17 0.144600402413196 -9.71445146547012E-17 0.4027325215253791 1.3444106938820255E-16 0.126911830721316 0.8400881184723393 0.11225799724305696 -2.220446049250313E-16 0.0 0.0 0.0 0.0 0.0 0.24211018171717857 0.0 0.0 0.0 0.0 0.0 0.0 0.0 0.0 0.2448056060764111
0.4  0.17398278015144886 0.17777344206477586 -1.3877787807814457E-17 0.16534689717163092 -5.204170427930421E-18 0.42049785849244264 -1.9081958235744878E-17 0.14291683830666238 0.9167352928322262 0.08910141112867959 2.220446049250313E-16 0.0 0.0 0.0 0.0 0.0 0.2363025151374727 0.0 0.0 0.0 0.0 0.0 0.0 0.0 0.0 0.2390778838290082
0.41  0.2784069939973396 0.2047847770493391 1.2836953722228372E-16 0.11012660026514833 1.9081958235744878E-17 0.3887932897447968 2.7755575615628914E-17 0.16333340813924105 0.8653037554402215 0.16440089919458428 4.440892098500626E-16 0.0 0.0 0.0 0.0 0.0 0.24563095670249624 0.0 0.0 0.0 0.0 0.0 0.0 0.0 0.0 0.24872933190317925
0.42  0.23261120137078795 0.1854308756306606 -2.185751579730777E-16 0.1155044402728424 7.37257477290143E-17 0.39770416961584076 -3.8163916471489756E-17 0.15338722169535868 0.853362892629542 0.16845243296205248 2.220446049250313E-16 0.0 0.0 0.0 0.0 0.0 0.2541406718005167 0.0 0.0 0.0 0.0 0.0 0.0 0.0 0.0 0.25724609873715787
0.43  0.23423350471189094 0.18864732558451705 -2.3245294578089215E-16 0.1151218295550912 -1.8214596497756474E-17 0.391484820139773 -1.3877787807814457E-17 0.15283367529383823 0.8399052403116221 0.17139264883568808 4.440892098500626E-16 0.0 0.0 0.0 0.0 0.0 0.24808957067783421 0.0 0.0 0.0 0.0 0.0 0.0 0.0 0.0 0.25115614310622725
0.44  0.23155044984405973 0.19003995430610537 4.85722573273506E-17 0.10639851939148198 4.7704895589362195E-17 0.38729776698359564 -3.8163916471489756E-17 0.15336914224459475 0.8311113298607052 0.17594488906683975 2.220446049250313E-16 0.0 0.0 0.0 0.0 0.0 0.24382371085599308 0.0 0.0 0.0 0.0 0.0 0.0 0.0 0.0 0.24685784671058686
0.45  0.20651030110492807 0.16469395929877884 -1.3530843112619095E-16 0.1103865840037075 7.546047120499111E-17 0.34974968239180215 1.1102230246251565E-16 0.12917549761095493 0.7398786250621971 0.1662464129156796 -1.1102230246251565E-16 0.0 0.0 0.0 0.0 0.0 0.22183271531995907 0.0 0.0 0.0 0.0 0.0 0.0 0.0 0.0 0.22474495744961553
0.46  0.18866594577360674 0.1660205210448369 6.245004513516506E-17 0.09370459739847427 -2.6020852139652106E-18 0.33851021200868664 -3.469446951953614E-18 0.11967721786325328 0.7138405446775289 0.1598598230617455 2.220446049250313E-16 0.0 0.0 0.0 0.0 0.0 0.21243520595817872 0.0 0.0 0.0 0.0 0.0 0.0 0.0 0.0 0.21517405164660863
0.47  0.18359821961711623 0.16787275785350372 -3.0531133177191805E-16 0.09010172723007219 -2.0816681711721685E-17 0.33100112454503705 9.71445146547012E-17 0.11756462942703835 0.6966284950538699 0.15909033146145374 0.0 0.0 0.0 0.0 0.0 0.0 0.20963342360929887 0.0 0.0 0.0 0.0 0.0 0.0 0.0 0.0 0.21228231086690197
0.48  0.17691820871569836 0.16785749499231187 -2.1510571102112408E-16 0.08766378827477674 3.122502256758253E-17 0.3235887981189661 5.898059818321144E-17 0.11551247626877122 0.6794558894920202 0.1626269316478987 -1.1102230246251565E-16 0.0 0.0 0.0 0.0 0.0 0.2028848065277395 0.0 0.0 0.0 0.0 0.0 0.0 0.0 0.0 0.20547452339072125
0.49  0.16995741037081236 0.1682695263869734 -1.734723475976807E-17 0.0826188162434618 1.9949319973733282E-17 0.31659626081276376 2.0816681711721685E-17 0.11349802027022395 0.6635039270668015 0.16295062634376137 1.1102230246251565E-16 0.0 0.0 0.0 0.0 0.0 0.1991850391216457 0.0 0.0 0.0 0.0 0.0 0.0 0.0 0.0 0.20174687335887787
0.5  0.1633037049785076 0.16775146903727148 -1.214306433183765E-16 0.07919155067817071 -2.5153490401663703E-17 0.30936630789421743 1.1102230246251565E-16 0.11134691449421036 0.6468876029154649 0.16314746079512688 -1.1102230246251565E-16 0.0 0.0 0.0 0.0 0.0 0.19390400646903383 0.0 0.0 0.0 0.0 0.0 0.0 0.0 0.0 0.19642263283293315
0.51  0.1446042131730623 0.16309768094467095 -1.0061396160665481E-16 0.07206400344586902 5.204170427930421E-18 0.2887442827995102 3.469446951953614E-18 0.10183504919728678 0.6027187265422664 0.15865732315282058 -3.3306690738754696E-16 0.0 0.0 0.0 0.0 0.0 0.18180107422102165 0.0 0.0 0.0 0.0 0.0 0.0 0.0 0.0 0.1842483457015186
0.52  0.13014288955953116 0.16280497114657866 8.153200337090993E-17 0.06671947432175299 -4.423544863740858E-17 0.27932112226972394 8.326672684688674E-17 0.09645102133742056 0.580496598681048 0.1540306916929422 0.0 0.0 0.0 0.0 0.0 0.0 0.17565254969904148 0.0 0.0 0.0 0.0 0.0 0.0 0.0 0.0 0.1779938152731665
0.53  0.12473394194208912 0.16203834002933198 2.0643209364124004E-16 0.06316411588463486 -1.214306433183765E-17 0.2698941417112288 1.734723475976807E-16 0.09292866164321795 0.5589719703081726 0.15338301452525172 -2.220446049250313E-16 0.0 0.0 0.0 0.0 0.0 0.1698696308741715 0.0 0.0 0.0 0.0 0.0 0.0 0.0 0.0 0.17213692887058224
0.54  0.11769802663253182 0.16009589687183257 2.42861286636753E-16 0.05946170315633012 -1.9081958235744878E-17 0.2615567675637716 -1.4224732503009818E-16 0.08920185360972985 0.5391270609499079 0.15179972171950737 -1.1102230246251565E-16 0.0 0.0 0.0 0.0 0.0 0.16462050908114706 0.0 0.0 0.0 0.0 0.0 0.0 0.0 0.0 0.16683806612313024
0.55  0.10913206307387278 0.15819916613075946 -3.0010716134398763E-16 0.05550311209980825 -1.8214596497756474E-17 0.25142159384307383 7.632783294297951E-17 0.08517477605212773 0.5168048041163454 0.1494663114386229 1.1102230246251565E-16 0.0 0.0 0.0 0.0 0.0 0.15844977375135194 0.0 0.0 0.0 0.0 0.0 0.0 0.0 0.0 0.1606106402229997
0.56  0.10142736440662638 0.1562156995287002 -1.474514954580286E-16 0.05173774925674658 -6.938893903907228E-18 0.2429201749261677 -5.204170427930421E-17 0.08150542324607138 0.49728384542568377 0.14679990101525603 1.1102230246251565E-16 0.0 0.0 0.0 0.0 0.0 0.15284691234371012 0.0 0.0 0.0 0.0 0.0 0.0 0.0 0.0 0.1549490680983613
0.57  0.09448978216804257 0.1540835148253004 -8.760353553682876E-17 0.04811298385963728 1.8214596497756474E-17 0.2339221303748239 0.0 0.07793082948649599 0.4772277613059953 0.14448229803540916 -1.1102230246251565E-16 0.0 0.0 0.0 0.0 0.0 0.1474106943288459 0.0 0.0 0.0 0.0 0.0 0.0 0.0 0.0 0.1494582409447046
0.58  0.08780118535894822 0.1516951405050136 1.1275702593849246E-17 0.04475390844698051 -3.8163916471489756E-17 0.22569603118329923 6.245004513516506E-17 0.07452332522923528 0.4585828936862556 0.1419344313630423 0.0 0.0 0.0 0.0 0.0 0.0 0.1420499515801621 0.0 0.0 0.0 0.0 0.0 0.0 0.0 0.0 0.14404310212250693
0.59  0.08212765383741125 0.14916157542742434 -5.377642775528102E-17 0.04152182338019797 -3.469446951953614E-18 0.21794356439787615 4.5102810375396984E-17 0.07143951991773762 0.44100045120561 0.13954770153032217 -2.220446049250313E-16 0.0 0.0 0.0 0.0 0.0 0.13713869772715437 0.0 0.0 0.0 0.0 0.0 0.0 0.0 0.0 0.1390815762336553
0.6  0.07701059339048541 0.14636816965381666 -9.974659986866641E-18 0.03849624082522428 2.6020852139652106E-18 0.21056457468711565 -5.204170427930421E-17 0.06859880989328042 0.4242877300649612 0.13724416772623046 -3.3306690738754696E-16 0.0 0.0 0.0 0.0 0.0 0.13231424234506922 0.0 0.0 0.0 0.0 0.0 0.0 0.0 0.0 0.13420895208096617
0.61  0.06970100653190832 0.14357779132709786 2.211772431870429E-17 0.03491647398455824 5.204170427930421E-18 0.20075128515689117 -4.5102810375396984E-17 0.0649878799933838 0.4037814144123486 0.13391650057638 5.551115123125783E-17 0.0 0.0 0.0 0.0 0.0 0.12651947246417705 0.0 0.0 0.0 0.0 0.0 0.0 0.0 0.0 0.12836375734232036
0.62  0.06379906308707711 0.14082483802782222 -3.469446951953614E-18 0.03196212603599296 -2.2551405187698492E-17 0.19330721166023945 8.673617379884035E-17 0.061944005890726045 0.38734534602518456 0.1309260844852631 -1.1102230246251565E-16 0.0 0.0 0.0 0.0 0.0 0.1218867968231866 0.0 0.0 0.0 0.0 0.0 0.0 0.0 0.0 0.12367777334552738
0.63  0.05980255331329624 0.13781404106482423 2.3635607360183997E-17 0.029198520337421062 1.5612511283791264E-17 0.18612673502312208 3.469446951953614E-18 0.0592904915261328 0.37143119000015723 0.12838006066387436 5.551115123125783E-17 0.0 0.0 0.0 0.0 0.0 0.11731875857100077 0.0 0.0 0.0 0.0 0.0 0.0 0.0 0.0 0.11906159561579321
0.64  0.05425030497107754 0.1346076867830537 2.2768245622195593E-18 0.02623907119948283 4.7704895589362195E-18 0.17760781092209837 -5.551115123125783E-17 0.05617023134563073 0.35356144095721687 0.12496704694505667 -1.6653345369377348E-16 0.0 0.0 0.0 0.0 0.0 0.11222788666301986 0.0 0.0 0.0 0.0 0.0 0.0 0.0 0.0 0.11392455046778299
0.65  0.04948132377618372 0.13145324923383414 2.9110828331235794E-17 0.02365917058332677 9.107298248878237E-18 0.17053432106193595 2.7755575615628914E-17 0.053436776101693576 0.33835611172361735 0.12182792256152354 -1.6653345369377348E-16 0.0 0.0 0.0 0.0 0.0 0.10789520531471519 0.0 0.0 0.0 0.0 0.0 0.0 0.0 0.0 0.1095440087849126
0.66  0.04606675960528342 0.12810018543286597 -2.905661822261152E-17 0.02123634222160395 -7.37257477290143E-18 0.16376641456736019 4.163336342344337E-17 0.05100552856882315 0.3236964560069471 0.11893317323242726 5.551115123125783E-17 0.0 0.0 0.0 0.0 0.0 0.10361621845366856 0.0 0.0 0.0 0.0 0.0 0.0 0.0 0.0 0.10522066264915875
0.67  0.04151465201937336 0.12466089994381997 1.723881454251952E-17 0.018663081163926475 -2.168404344971009E-18 0.15585989284014376 -8.326672684688674E-17 0.048234725070094395 0.3075482351655218 0.11534080965196386 5.551115123125783E-17 0.0 0.0 0.0 0.0 0.0 0.09894184097950201 0.0 0.0 0.0 0.0 0.0 0.0 0.0 0.0 0.1005031911318906
0.68  0.03767706596983408 0.12123347639211376 2.3418766925686896E-17 0.016481485086486024 -7.37257477290143E-18 0.14919881310430072 -1.3877787807814457E-17 0.04577405160813279 0.2936054488855785 0.11203461276235921 -1.1102230246251565E-16 0.0 0.0 0.0 0.0 0.0 0.094936849172643 0.0 0.0 0.0 0.0 0.0 0.0 0.0 0.0 0.09645432204846066
0.69  0.03493900314709828 0.11763476597042719 -1.9949319973733282E-17 0.014416116394971625 1.6479873021779667E-17 0.142833367298308 -5.204170427930421E-17 0.0435622117581433 0.2801601632690759 0.10887532919325488 1.1102230246251565E-16 0.0 0.0 0.0 0.0 0.0 0.09094982952337505 0.0 0.0 0.0 0.0 0.0 0.0 0.0 0.0 0.09242622289245284
0.7  0.031293533537081114 0.11401469809682196 -6.635317295611287E-17 0.012236111784854543 9.540979117872439E-18 0.13550652504632688 -6.938893903907228E-18 0.04110034326447205 0.2656293977003267 0.10512330940064786 0.0 0.0 0.0 0.0 0.0 0.0 0.08666925436929962 0.0 0.0 0.0 0.0 0.0 0.0 0.0 0.0 0.08810569995226092
0.71  0.02829061681535851 0.11039615792935814 -4.2500725161431774E-17 0.010453920786107317 -6.938893903907228E-18 0.12926454155250208 -1.3877787807814457E-17 0.03889107622723501 0.2529308932124748 0.10165543823361453 0.0 0.0 0.0 0.0 0.0 0.0 0.0829802932355885 0.0 0.0 0.0 0.0 0.0 0.0 0.0 0.0 0.08437657866543863
0.72  0.026175272377208 0.10664026223980594 -7.45931094670027E-17 0.008754046971860392 -3.0357660829594124E-18 0.1233070864406892 -1.734723475976807E-17 0.03689014365621775 0.2406918816455314 0.0982721969950353 0.0 0.0 0.0 0.0 0.0 0.0 0.07928267108238227 0.0 0.0 0.0 0.0 0.0 0.0 0.0 0.0 0.08064102943003548
0.73  0.023360419185638047 0.10290283956530452 -1.5178830414797062E-17 0.00697567838844608 -8.673617379884035E-19 0.11654681388194055 1.734723475976807E-17 0.0347099620236095 0.22768542224583316 0.09438524315885663 -5.551115123125783E-17 0.0 0.0 0.0 0.0 0.0 0.07537758622339155 0.0 0.0 0.0 0.0 0.0 0.0 0.0 0.0 0.07669912576708615
0.74  0.02108918672293383 0.09917680226964144 -9.974659986866641E-18 0.005583417838947648 1.3010426069826053E-18 0.11073591959131404 3.8163916471489756E-17 0.032734515389167995 0.2162081236452727 0.09077832397728294 0.0 0.0 0.0 0.0 0.0 0.0 0.07199019474756013 0.0 0.0 0.0 0.0 0.0 0.0 0.0 0.0 0.07327497705266706
0.75  0.01952564586118552 0.09535288376059314 4.9873299934333204E-17 0.0042469279410383455 4.336808689942018E-18 0.10519988191362095 -3.8163916471489756E-17 0.030935946060344537 0.20515840798995297 0.08721856830231804 5.551115123125783E-17 0.0 0.0 0.0 0.0 0.0 0.0685802696962049 0.0 0.0 0.0 0.0 0.0 0.0 0.0 0.0 0.06983015064851794
0.76  0.017524816091275243 0.09157642004494802 3.729655473350135E-17 0.00276472873481131 7.806255641895632E-18 0.09899044340844591 2.0816681711721685E-17 0.029040569726168166 0.1935784696333595 0.08319907447111081 1.1102230246251565E-16 0.0 0.0 0.0 0.0 0.0 0.06501841355184615 0.0 0.0 0.0 0.0 0.0 0.0 0.0 0.0 0.06623431821047926
0.77  0.016103381722217286 0.08784416181143813 -3.5128150388530344E-17 0.0014391106803758498 0.0 0.09358611097205366 1.0408340855860843E-17 0.02736963498617108 0.18327190911394303 0.07938456400205256 -5.551115123125783E-17 0.0 0.0 0.0 0.0 0.0 0.0618899025521282 0.0 0.0 0.0 0.0 0.0 0.0 0.0 0.0 0.06307163811300973
0.78  0.01522883465936987 0.08404496971800515 -3.0791341698588326E-17 1.2670969698733506E-4 4.7704895589362195E-18 0.08845093931916873 -1.734723475976807E-17 0.02587052446879106 0.1733742869088648 0.07560259545155916 -5.551115123125783E-17 0.0 0.0 0.0 0.0 0.0 0.058754178292848375 0.0 0.0 0.0 0.0 0.0 0.0 0.0 0.0 0.05990357815086725
0.79  0.014368795177564293 0.08036408761687706 -2.992397996059992E-17 -1.3877787807814457E-17 -1.3010426069826053E-18 0.08277345947774793 0.0 0.024364357061236817 0.1631671920202237 0.07079149590423515 5.551115123125783E-17 0.0 0.0 0.0 0.0 0.0 0.05556819931985635 0.0 0.0 0.0 0.0 0.0 0.0 0.0 0.0 0.056686508516609835
0.8  0.013895713503864583 0.07676900457128152 1.734723475976807E-18 0.0 -8.673617379884035E-19 0.07786042955590972 1.3877787807814457E-17 0.023098651719104833 0.1540867844251141 0.06631893025181976 -5.551115123125783E-17 0.0 0.0 0.0 0.0 0.0 0.052688482811602294 0.0 0.0 0.0 0.0 0.0 0.0 0.0 0.0 0.05377580466746848
0.81  0.013656009610492344 0.07315485445245709 2.949029909160572E-17 -6.938893903907228E-18 8.673617379884035E-19 0.07288628677544108 -1.0408340855860843E-17 0.021955879446980173 0.1450383993714421 0.061738811862956676 -8.326672684688674E-17 0.0 0.0 0.0 0.0 0.0 0.04969810803194863 0.0 0.0 0.0 0.0 0.0 0.0 0.0 0.0 0.0507562206612773
0.82  0.013361239306977954 0.0695792611662442 -2.211772431870429E-17 -2.0816681711721685E-17 4.336808689942018E-18 0.06830675939974992 2.42861286636753E-17 0.0209252582446276 0.13664220688759077 0.057408078768209435 -5.551115123125783E-17 0.0 0.0 0.0 0.0 0.0 0.0469630400913979 0.0 0.0 0.0 0.0 0.0 0.0 0.0 0.0 0.04799294025493775
0.83  0.013171268327716134 0.066021356294852 2.992397996059992E-17 -6.938893903907228E-18 -5.854691731421724E-18 0.06399790207340131 -3.122502256758253E-17 0.019986801688288296 0.12862870381900302 0.05322071748909269 0.0 0.0 0.0 0.0 0.0 0.0 0.04429477142480712 0.0 0.0 0.0 0.0 0.0 0.0 0.0 0.0 0.04529763257924352
0.84  0.012805061835284223 0.06243835083389902 -3.426078865054194E-17 -3.469446951953614E-18 3.903127820947816E-18 0.05933198203283781 1.3877787807814457E-17 0.01897659956972429 0.12032142349172184 0.04887032065769648 2.7755575615628914E-17 0.0 0.0 0.0 0.0 0.0 0.04152330116679041 0.0 0.0 0.0 0.0 0.0 0.0 0.0 0.0 0.042500447351620785
0.85  0.012542216440972748 0.059039220171202465 1.691355389077387E-17 1.734723475976807E-17 -1.0842021724855044E-18 0.055281911064095 -2.0816681711721685E-17 0.018007816900655768 0.11291953882857089 0.044698232352454154 5.551115123125783E-17 0.0 0.0 0.0 0.0 0.0 0.039076518500640575 0.0 0.0 0.0 0.0 0.0 0.0 0.0 0.0 0.04002634625429147
0.86  0.01240317696423921 0.055703507618070296 1.2576745200831851E-17 2.0816681711721685E-17 1.734723475976807E-18 0.05152275333869409 -3.8163916471489756E-17 0.017103831062403835 0.10588780379425038 0.04082842325959166 8.326672684688674E-17 0.0 0.0 0.0 0.0 0.0 0.0366766427494844 0.0 0.0 0.0 0.0 0.0 0.0 0.0 0.0 0.0376012321022231
0.87  0.012285369774144702 0.05239182947778469 -1.9949319973733282E-17 1.734723475976807E-18 1.3010426069826053E-18 0.04793795602533986 1.214306433183765E-17 0.016217121430109928 0.09911933857663904 0.037035345289219854 8.326672684688674E-17 0.0 0.0 0.0 0.0 0.0 0.034321222743574506 0.0 0.0 0.0 0.0 0.0 0.0 0.0 0.0 0.03522199467033335
0.88  0.011960779259509275 0.04910211823991799 2.211772431870429E-17 -3.469446951953614E-18 2.9607678921094046E-4 0.04386279628075604 6.938893903907228E-18 0.015232932128421405 0.09197831491248051 0.03303187407726494 8.326672684688674E-17 0.0 0.0 0.0 0.0 0.0 0.03187407367975263 0.0 0.0 0.0 0.0 0.0 0.0 0.0 0.0 0.032752630692652634
0.89  0.011746091834167069 0.04603626013527934 4.9873299934333204E-18 2.42861286636753E-17 5.32165441662608E-4 0.040509185694769315 -1.734723475976807E-18 0.014235748211835304 0.08581922590158612 0.029280130042245535 -8.326672684688674E-17 0.0 0.0 0.0 0.0 0.0 0.029773584751103352 0.0 0.0 0.0 0.0 0.0 0.0 0.0 0.0 0.03062635021825391
0.9  0.011640583618731295 0.04305606071841357 6.071532165918825E-18 -3.469446951953614E-18 7.150629957533203E-4 0.03739611777348063 1.5612511283791264E-17 0.01328173320792444 0.07996505836506428 0.02583226200167326 -2.7755575615628914E-17 0.0 0.0 0.0 0.0 0.0 0.027683666112315597 0.0 0.0 0.0 0.0 0.0 0.0 0.0 0.0 0.028513650600753948
0.91  0.01155935253290407 0.04010472137582043 -1.929879867024198E-17 -8.673617379884035E-18 8.373304395387837E-4 0.034401243702425685 0.0 0.012327678499681732 0.07428943749167326 0.022438539959364942 -5.551115123125783E-17 0.0 0.0 0.0 0.0 0.0 0.02561939782170014 0.0 0.0 0.0 0.0 0.0 0.0 0.0 0.0 0.02642815564189341
0.92  0.011311416578224678 0.03718795596219851 -1.431146867680866E-17 1.734723475976807E-18 8.871225999788552E-4 0.03109490822823068 1.734723475976807E-17 0.011314300925824198 0.06838982531794302 0.018954327999720955 -2.7755575615628914E-17 0.0 0.0 0.0 0.0 0.0 0.023511631370591465 0.0 0.0 0.0 0.0 0.0 0.0 0.0 0.0 0.02430104402284547
0.93  0.01114985635370185 0.03449170871754168 -2.3852447794681098E-18 -1.9081958235744878E-17 8.906565759986985E-4 0.02830769561413911 -1.734723475976807E-18 0.010292242567249522 0.06325655205723096 0.01566174443456824 5.551115123125783E-17 0.0 0.0 0.0 0.0 0.0 0.02166776466848771 0.0 0.0 0.0 0.0 0.0 0.0 0.0 0.0 0.02243355207748382
0.94  0.011052884909085695 0.031889022769411426 1.0191500421363742E-17 8.673617379884035E-18 8.65001446300723E-4 0.025703783797535636 -6.938893903907228E-18 0.00930723633875503 0.0583729967646217 0.012618100688279349 -1.3877787807814457E-17 0.0 0.0 0.0 0.0 0.0 0.019833541425979005 0.0 0.0 0.0 0.0 0.0 0.0 0.0 0.0 0.020578856393734857
0.95  0.010979128204334705 0.029335857456328794 1.734723475976807E-18 -1.9081958235744878E-17 8.027914972583857E-4 0.02319307037147987 -6.938893903907228E-18 0.008323428434153806 0.05363864884588279 0.009635722671344066 2.7755575615628914E-17 0.0 0.0 0.0 0.0 0.0 0.018028445554350327 0.0 0.0 0.0 0.0 0.0 0.0 0.0 0.0 0.018754804342472606
0.96  0.010856203371331138 0.026885708206008982 8.673617379884035E-18 8.673617379884035E-19 7.098527649771716E-4 0.020527332792766435 6.938893903907228E-18 0.007380637635982829 0.04890077300734395 0.0066966269484864185 5.433444028831724E-4 0.0 0.0 0.0 0.0 0.0 0.015820249679468344 0.0 0.0 0.0 0.0 0.0 0.0 0.0 0.0 0.016529141525556124
0.97  0.010813523131477177 0.024631510417718525 2.4936649967166602E-18 -3.469446951953614E-18 6.131200889956158E-4 0.018230901871736482 1.214306433183765E-17 0.006531646573976854 0.044726389638089746 0.004032737205492599 0.0013459833736305243 0.0 0.0 0.0 0.0 0.0 0.01358303560724855 0.0 0.0 0.0 0.0 0.0 0.0 0.0 0.0 0.014273817922170307
0.98  0.010822166498977668 0.022431332684112324 -3.144186300207963E-18 6.938893903907228E-18 5.036210611096679E-4 0.016046433828463002 -4.336808689942018E-18 0.005733660836046193 0.04065401879605637 0.0014424768838975262 0.0020380617641527626 0.0 0.0 0.0 0.0 0.0 0.011422295208944389 0.0 0.0 0.0 0.0 0.0 0.0 0.0 0.0 0.012097734200106791
0.99  0.010889505401360643 0.020383859662188437 -1.3010426069826053E-18 -5.204170427930421E-18 3.235945252545576E-4 0.013937604228268759 -4.336808689942018E-18 0.005086011768790546 0.037109463947827395 1.3010426069826053E-18 0.0029237796878077427 0.0 0.0 0.0 0.0 0.0 0.009326395286483956 0.0 0.0 0.0 0.0 0.0 0.0 0.0 0.0 0.009988565146675746
1.0  0.011467431575072413 0.01851614202299632 -6.342582709040201E-18 -6.938893903907228E-18 -3.2526065174565133E-19 0.01214879443291871 -1.734723475976807E-18 0.004783205438992285 0.03491260469194536 5.854691731421724E-18 0.004311378417966444 0.0 0.0 0.0 0.0 0.0 0.007265298899088647 0.0 0.0 0.0 0.0 0.0 0.0 0.0 0.0 0.007917098619515159
