0 1000000000 1.0
Linear 29 explicit
 0.100000 0.0 0.0 0.0 0.0 0.0 0.0 0.0 0.0 0.0 0.0 0.0 0.0 0.0 0.0 0.0 0.0 0.0 0.0 0.0 0.0 0.0 0.0 0.0 0.0 0.0 0.0 0.0 0.0 0.0
 0.200000 0.0 0.0 0.0 0.0 0.0 0.0 0.0 0.0 0.0 0.0 0.0 0.0 0.0 0.0 0.0 0.0 0.0 0.0 0.0 0.0 0.0 0.0 0.0 0.0 0.0 0.0 0.0 0.0 0.0
 0.300000 0.0 0.0 0.0 0.14309999999999995 0.0 0.0 0.0 0.0 0.13931999999999997 0.0 0.0 0.0 0.10559999999999996 0.0 0.30599999999999994 0.0 0.0 0.13931999999999997 0.0 0.2789999999999999 0.0 0.0 0.0 0.0 0.0 0.0 0.0 0.2991999999999999 0.0
 0.400000 0.0 0.0 0.0 0.30210000000000004 0.0 0.0 0.0 0.0 0.29412000000000005 0.0 0.0 0.0 0.2256 0.0 0.6460000000000001 0.0 0.0 0.29412000000000005 0.0 0.5890000000000001 0.0 0.0 0.0 0.0 0.0 0.0 0.0 0.6392000000000001 0.0
 0.500000 0.0 0.0 0.0 0.4611 0.0 0.0 0.0 0.0 0.44892000000000004 0.0 0.0 0.0 0.34559999999999996 0.0 0.986 0.0 0.0 0.44892000000000004 0.0 0.8989999999999999 0.0 0.0 0.0 0.0 0.0 0.0 0.0 0.9792 0.0
 0.600000 0.0 0.0 0.0 0.3339000000000001 0.0 0.0 0.0 0.0 0.3250800000000001 0.0 0.0 0.0 0.2544 0.0 0.7140000000000002 0.0 0.0 0.3250800000000001 0.0 0.6510000000000001 0.0 0.0 0.0 0.0 0.0 0.0 0.0 0.7208000000000001 0.0
 0.700000 0.0 0.0 0.0 0.1749000000000001 0.0 0.0 0.0 0.0 0.17028000000000013 0.0 0.0 0.0 0.1344000000000001 0.0 0.3740000000000003 0.0 0.0 0.17028000000000013 0.0 0.3410000000000002 0.0 0.0 0.0 0.0 0.0 0.0 0.0 0.3808000000000003 0.0
 0.800000 0.0 0.0 0.0 0.015899999999999997 0.0 0.0 0.0 0.0 0.015479999999999997 0.0 0.0 0.0 0.014400000000000012 0.0 0.033999999999999996 0.0 0.0 0.015479999999999997 0.0 0.03099999999999999 0.0 0.0 0.0 0.0 0.0 0.0 0.0 0.04080000000000004 0.0
 0.900000 0.0 0.0 0.0 0.0 0.0 0.0 0.0 0.0 0.0 0.0 0.0 0.0 0.0 0.0 0.0 0.0 0.0 0.0 0.0 0.0 0.0 0.0 0.0 0.0 0.0 0.0 0.0 0.0 0.0
 1.000000 0.0 0.0 0.0 0.0 0.0 0.0 0.0 0.0 0.0 0.0 0.0 0.0 0.0 0.0 0.0 0.0 0.0 0.0 0.0 0.0 0.0 0.0 0.0 0.0 0.0 0.0 0.0 0.0 0.0
