0 1000000000 1.0
Linear 3 explicit
 0.010000 0.060427526668082814 -5.442931611892353E-16 0.10498861296832354
 0.020000 0.06042332070528215 1.4682270492901622E-16 0.10499278580953812
 0.030000 0.060420630575954565 4.8210480770849E-15 0.1049955673686481
 0.040000 0.060419073562153834 8.571013125300578E-16 0.10499747674397274
 0.050000 0.060418263149379196 -7.745601628858946E-16 0.10499883070683197
 0.060000 0.06041789833591392 5.6858845561904905E-15 0.10499980604486338
 0.070000 0.060417774666808165 6.06792809549368E-15 0.10500050813290882
 0.080000 0.06041776654838513 5.364917238267294E-15 0.10500100773771436
 0.090000 0.060417803709857845 3.456731697171997E-15 0.10500135719254539
 0.100000 0.06041785082921186 5.0996798844851406E-15 0.10500159689988338
 0.110000 0.06041789273056735 7.406230447316696E-15 0.10500175809522899
 0.120000 0.06041792476736276 1.0081112976314721E-14 0.10500186444675526
 0.130000 0.06041794712310198 1.314660320922724E-14 0.1050019333874163
 0.140000 0.060417961731480896 1.2384096169917578E-14 0.10500197737708983
 0.150000 0.06041797079062713 8.74381030961021E-15 0.10500200506660382
 0.160000 0.06041797616478131 1.0648058719805273E-14 0.1050020223029243
 0.170000 0.06041797923205442 9.75234897712309E-15 0.10500203294290854
 0.180000 0.060417980925609543 1.1952431158538083E-14 0.10500203947600217
 0.190000 0.060417981836890386 1.3392315277571542E-14 0.10500204347886198
 0.200000 0.06041798232051499 1.4955016793691282E-14 0.10500204593410979
 0.210000 0.06041798257868288 1.6234985684296505E-14 0.10500204744561221
 0.220000 0.060391237669644694 2.7689090407311383E-8 0.10500435878832196
 0.230000 0.06037542334121058 4.88264220266559E-5 0.10497852437833372
 0.240000 0.060475897717687806 1.9247319381136694E-4 0.10498245756428112
 0.250000 0.060674604836492584 4.1702878957695314E-4 0.10502656665633006
 0.260000 0.06094465315177007 6.977061257256609E-4 0.10510173119546988
 0.270000 0.06126340096260828 0.0010146152303144515 0.1051961223707299
 0.280000 0.06161395080988045 0.0013543607993417956 0.10530009404836582
 0.290000 0.061984472398798285 0.0017085093824937272 0.10540694398093521
 0.300000 0.06236705416267682 0.0020718045183177177 0.10551244264237732
 0.310000 0.06275659232275432 0.002440790153609306 0.10561416806340643
 0.320000 0.06314990035515913 0.0028128958046375325 0.10571096994379481
 0.330000 0.0635450722707693 0.003185896785272254 0.10580260546902048
 0.340000 0.06394106057255575 0.0035576560732405124 0.10588949288135302
 0.350000 0.06433740425927494 0.003926069043306356 0.10597251640740579
 0.360000 0.06473404577822767 0.004289137699219438 0.1060528411431912
 0.370000 0.0651311944163429 0.004645101457351924 0.1061317307413307
 0.380000 0.06552921526012775 0.00499255991553183 0.10621038482431809
 0.390000 0.0659285388453331 0.005330544511333815 0.10628981854767239
 0.400000 0.0663295936049047 0.0056585242034402905 0.106370797109497
 0.410000 0.06673276291923019 0.0059763544636030255 0.10645382310120559
 0.420000 0.06713836502808052 0.006284191935686243 0.10653916316699732
 0.430000 0.06754665078219207 0.00658239877524348 0.10662689614588229
 0.440000 0.06795781278660279 0.006871455013496519 0.10671696676997432
 0.450000 0.06837199985112809 0.0071518891312835784 0.10680923408924191
 0.460000 0.0687893320643454 0.007424229722628603 0.10690350927827369
 0.470000 0.06920991356154521 0.007688976140271379 0.10699958174604111
 0.480000 0.0696338417093215 0.007946583526784805 0.10709723506193583
 0.490000 0.07006121267323928 0.008197457138723552 0.10719625533261852
 0.500000 0.0704921240259647 0.008441951591064081 0.107296434737588
 0.510000 0.07092667523937413 0.008680371857244976 0.10739757240621321
 0.520000 0.07136525208878715 0.00891424773742249 0.10749981016876267
 0.530000 0.07180538173282353 0.009131754141859598 0.10756118590173629
 0.540000 0.07219785057596524 0.009318454729109171 0.10759702924997432
 0.550000 0.07242232782489817 0.009420213121397741 0.1076431757177115
 0.560000 0.07247923189672499 0.00943728813548476 0.10769317151310082
 0.570000 0.07240133832232548 0.009390305954977524 0.1077338330886107
 0.580000 0.07222079760023868 0.009296144723040434 0.10775750630323586
 0.590000 0.07196288719439145 0.00916459112574329 0.10776189727821574
 0.600000 0.0716464557263188 0.0090012509284132 0.10774782788594854
 0.610000 0.07128553744006978 0.008809977300730258 0.10771734570778282
 0.620000 0.07089063529263924 0.008593921256529578 0.10767276435187574
 0.630000 0.07046968594831593 0.00835572246805495 0.10761627952251285
 0.640000 0.07002884768755763 0.008097443887522949 0.10754983579753528
 0.650000 0.06957307134303523 0.007820610289718108 0.10747513114878811
 0.660000 0.069106410847466 0.007526396704875751 0.10739369354465457
 0.670000 0.0686321654614596 0.007215806101362343 0.10730693856110175
 0.680000 0.0681529923801169 0.0068897165551143925 0.10721616267771122
 0.690000 0.06767103796729358 0.006548847950272442 0.10712250669891552
 0.700000 0.06718805073250235 0.006193761515504097 0.10702693502289566
 0.710000 0.06670544656626833 0.005824925818570859 0.10693022939589636
 0.720000 0.06622434123670366 0.005442806899710406 0.10683297176538838
 0.730000 0.06574557459088477 0.005047950912360079 0.10673550932416859
 0.740000 0.06526973285699587 0.004641066295807212 0.10663791415435311
 0.750000 0.06479716845379857 0.004223115322091757 0.1065399504209911
 0.760000 0.06432802427298738 0.003795403016417985 0.10644106066759748
 0.770000 0.063862274055547 0.003359634602004958 0.10634038972731413
 0.780000 0.06339978651399938 0.0029179048095558046 0.10623686993207536
 0.790000 0.06294041147241705 0.0024725842104096987 0.1061293814063902
 0.800000 0.062484471230114 0.0020261601299450915 0.106017357785106
 0.810000 0.06203284809764525 0.0015762488028422323 0.10588895891096935
 0.820000 0.06157021611691284 0.0011068822979162787 0.10569708282770406
 0.830000 0.06116227926632247 7.119159633756038E-4 0.1054758243018483
 0.840000 0.06087785053416838 4.3739995807907803E-4 0.10530231221072352
 0.850000 0.060694062287796155 2.6148552864782554E-4 0.10518226804856852
 0.860000 0.06058000681410601 1.536418191432039E-4 0.10510549789546546
 0.870000 0.06051138700971118 8.932402856083057E-5 0.10505913938440532
 0.880000 0.06047119267473619 5.165041175083058E-5 0.1050324448666658
 0.890000 0.06044818364602318 2.9836800680551913E-5 0.10501771934088705
 0.900000 0.06043524687274005 1.7286322841086286E-5 0.10500992140330208
 0.910000 0.060428049319931905 1.0077637901688352E-5 0.10500595222950615
 0.920000 0.06042404319582921 5.926352514983774E-6 0.10500400532979762
 0.930000 0.06042177941561208 3.5203736222902126E-6 0.1050030779595466
 0.940000 0.06042045880271127 2.1127767687135066E-6 0.10500264030135599
 0.950000 0.06041965226988688 1.2799948037373444E-6 0.10500242683395572
 0.960000 0.06041913383062023 7.815070965914515E-7 0.10500231214063493
 0.970000 0.060418785093186905 4.79861377832528E-7 0.10500224086721482
 0.980000 0.06041854291936869 2.95662423472219E-7 0.1050021903694906
 0.990000 0.06041837195440879 1.8241947653225477E-7 0.10500215200583372
 1.000000 0.06041825081747343 1.1250166533521202E-7 0.10500212245607628
