0 5000000000 1.0
Linear 5 explicit
 0.000000 0.0 0.0 0.0 0.0 0.0
 0.010000 0.02618453238636044 0.04056755149684348 0.006353732475839663 0.007979037669937114 0.004021372882033171
 0.020000 0.029595294675232683 0.039816195896918524 0.006780545454821518 0.01202276966012307 0.027796146674548054
 0.030000 0.027136798860967672 0.02782622751001393 0.005714587008334432 0.012428572659768065 0.03153321492928858
 0.040000 0.02528091005461215 0.0203213304718198 0.004844349474910706 0.012157698504346042 0.029465925640096736
 0.050000 0.025890943075438506 0.01795763536196645 0.004691604725332288 0.011887473871116407 0.02624418306628896
 0.060000 0.02564619871841583 0.016121981223550314 0.004367276781470341 0.010533607953361387 0.021748970408621802
 0.070000 0.023235636683606942 0.013620375059099011 0.0036584110237499337 0.008259124076766756 0.0164712522398617
 0.080000 0.021510542495396055 0.011820084295313015 0.003086464199001181 0.006689695869178638 0.013284029846019306
 0.090000 0.020262940243067927 0.01045381286826446 0.002660120856115657 0.0056680283922288304 0.0114061224309974
 0.100000 0.018987975423093297 0.009207367551841246 0.0023001694863580557 0.0049190968372415135 0.01017950842751355
 0.110000 0.018035389845392602 0.008282315761835047 0.002040748274702708 0.004411343298189756 0.009420473508581948
 0.120000 0.017433635348166016 0.007675468780498634 0.001868607323675308 0.004069881522706547 0.008916888436779739
 0.130000 0.016977698487398243 0.007239439153769824 0.00174324618259248 0.003814095328243339 0.008525387115885867
 0.140000 0.0165893123540004 0.006901111233576077 0.0016453532364765976 0.0036103730343864182 0.008202547282324984
 0.150000 0.016289559174774315 0.006656523598599926 0.001571961524495549 0.003449871455987836 0.00793418065188539
 0.160000 0.016057546783495365 0.006476120691186787 0.0015156525029645462 0.003321636262519498 0.007712650549238386
 0.170000 0.015866893781716514 0.0063313903035080625 0.0014697900618328337 0.0032168927313303373 0.0075341491495595405
 0.180000 0.015713463188769608 0.006215975434785956 0.001432389352055744 0.0031312757156268093 0.0073906300554165355
 0.190000 0.015589532280737414 0.0061252892275333835 0.0014019538131419707 0.0030605170694392118 0.007270887177430804
 0.200000 0.015484020271895995 0.006052466985386818 0.0013767081396869134 0.0030007565401150562 0.007167003225117228
 0.210000 0.015391629612403434 0.005993199966703711 0.001355498162168998 0.0029496587512203376 0.007075457332158118
 0.220000 0.015309843239181655 0.005944464003819872 0.0013374882865143805 0.0029056152168582343 0.006994678532274702
 0.230000 0.015236380537867595 0.005903570509855168 0.0013219548243786502 0.0028672663493705354 0.006923505344064834
 0.240000 0.01516944536508381 0.00586846995594244 0.0013083450422752164 0.002833555966931281 0.006860930863779348
 0.250000 0.0151076355858844 0.005837606514470779 0.0012962488917250996 0.0028036983219539265 0.006806081898434039
 0.260000 0.015049848354865803 0.005809849853682817 0.001285367954380112 0.002777092640746129 0.006758081881235276
 0.270000 0.014995243301965491 0.005784445214013057 0.0012754876283897593 0.0027532576101701074 0.006716022012495706
 0.280000 0.014943130691342222 0.005760835824138856 0.0012664380616756912 0.002731788688675803 0.006679075064488025
 0.290000 0.01489298809160465 0.005738602474391355 0.0012580824794873324 0.0027123469264099137 0.006646555364446345
 0.300000 0.014844461158859535 0.005717453621364272 0.001250314405110119 0.002694649490186681 0.006617890302191748
 0.310000 0.01479729583175342 0.005697183427945191 0.0012430490806227543 0.0026784567501025357 0.006592586867456028
 0.320000 0.014751289180639232 0.005677633083902742 0.001236216222542278 0.0026635654492130215 0.006570222359943259
 0.330000 0.014706273602825906 0.005658674386570046 0.0012297570284050727 0.002649805293438781 0.006550437427332996
 0.340000 0.014665805172311695 0.005638685995238032 0.0012235448406850416 0.002638156354221191 0.006539385562128653
 0.350000 0.014629120199973634 0.005613759945505269 0.0012170422169728808 0.002628876303670924 0.006541863712160046
 0.360000 0.014589251340993308 0.00559149205722684 0.001210998286308776 0.002619093550324674 0.0065379466206309635
 0.370000 0.014545000296040118 0.005574429583748943 0.0012056569547197122 0.002608099670020283 0.006522423523514193
 0.380000 0.014495855319126043 0.005563006287523169 0.0012010175876514114 0.0025956633197611783 0.00649415368007069
 0.390000 0.014441484164377327 0.0055574620634371704 0.0011970660398506765 0.0025816167832661413 0.006452446130574127
 0.400000 0.014381624076816951 0.0055580722829023715 0.001193799073713223 0.0025658031689026577 0.006396579940866457
 0.410000 0.014407466215513691 0.005525374181960998 0.0011890449316423269 0.0025757170371123587 0.006488288717069807
 0.420000 0.014422002391696625 0.005447196668869226 0.0011784331725164037 0.0025896683492686963 0.0066370903671064425
 0.430000 0.014384936342698247 0.005411721524150496 0.0011719796546962491 0.002585288380332312 0.006659792671628813
 0.440000 0.014282679352379946 0.005433185750701029 0.0011707693324654472 0.002557437413389551 0.006522803602012129
 0.450000 0.014110977610552232 0.005515409053881225 0.0011748998804127356 0.00250459273495394 0.006217985411444224
 0.460000 0.01386455300674799 0.0056599547220439975 0.0011841087639689078 0.002425279194582712 0.005739178095376177
 0.470000 0.013543080552957464 0.00589197958072121 0.0012013059395874466 0.0023155373719994233 0.005045404771486661
 0.480000 0.013151546315824582 0.006343621655378974 0.0012428284304213037 0.002155709140904311 0.003923946941318529
 0.490000 0.012783553415886335 0.006734648704843752 0.001274919078266274 0.0020131215948126693 0.002947794185268555
 0.500000 0.012517133439435604 0.006952286409207196 0.0012870543841442593 0.0019225098143489281 0.0023760017220379103
 0.510000 0.012367791364483054 0.006962537500199224 0.0012771605803575282 0.001891223260782579 0.002268497126348866
 0.520000 0.012347340153182094 0.006750940937200038 0.001245206604177614 0.00192285532845755 0.002652372294891313
 0.530000 0.012462643801266125 0.0063014145143083 0.0011903589134483444 0.0020203903118387466 0.0035557341115079913
 0.540000 0.012312797895366205 0.005626709778744602 0.0011015296212089213 0.002087205930081781 0.004511684036394752
 0.550000 0.01190316773519256 0.0052974683095128195 0.0010479483034497965 0.0020467414227591557 0.00463330169716832
 0.560000 0.01180532281616577 0.005004253326153086 0.0010091917336442619 0.002073646748151631 0.005045992063522659
 0.570000 0.012073520202516327 0.004601393427113775 9.702562810155648E-4 0.0021994196929063033 0.006031102861636642
 0.580000 0.01274485195515986 0.004088637844482867 9.322097312640299E-4 0.002431822936854131 0.007618786559605287
 0.590000 0.013837299124628397 0.0034665946508874853 8.944129477407553E-4 0.0027762496137634656 0.009814888181674452
 0.600000 0.015362068392216257 0.002729273473660789 8.537238137666177E-4 0.0032403769019752906 0.012626671650003538
 0.610000 0.015818188763998254 0.0015373735057761582 7.150762060827077E-4 0.003538711383351122 0.015022393954784139
 0.620000 0.01654778627223153 8.116900969559436E-4 6.430508291091924E-4 0.0038537332842037545 0.016998528942626042
 0.630000 0.017634365745167937 5.125763675063516E-5 5.70197805946903E-4 0.004280649736559041 0.019425933154087967
 0.640000 0.018820258729944524 -4.3368086899420177E-19 4.419121505337605E-4 0.004830320657914059 0.02255005479929849
 0.650000 0.020500888004296884 0.0 2.8972155361454185E-4 0.005601280305081376 0.02644844451589554
 0.660000 0.0227259119881968 8.673617379884035E-19 1.1557605228634257E-4 0.006637757518092654 0.030940791304790938
 0.670000 0.025401337077307885 0.0 -1.0842021724855044E-19 0.007988824516079476 0.03577761617076216
 0.680000 0.02745825742115447 -4.3368086899420177E-19 0.0 0.009510889956816423 0.04008421177990734
 0.690000 0.029947312182633558 8.673617379884035E-19 -3.2526065174565133E-19 0.01139318934615028 0.0437721068504174
 0.700000 0.032603298490063375 8.673617379884035E-19 -3.2526065174565133E-19 0.013653132638375469 0.046756054358759555
 0.710000 0.0355545413108975 0.0 6.505213034913027E-19 0.016216546302834912 0.04881990169998195
 0.720000 0.03870844377042857 8.673617379884035E-19 6.505213034913027E-19 0.018829685002374513 0.04998743829449264
 0.730000 0.0419812664243606 0.0 -8.673617379884035E-19 0.02124001877472026 0.05072276073267938
 0.740000 0.04601389230831915 -8.673617379884035E-19 -4.3368086899420177E-19 0.023677633885553072 0.052141785471751634
 0.750000 0.05033340858685541 -8.673617379884035E-19 1.0842021724855044E-18 0.02661309542030157 0.05483382183463386
 0.760000 0.054514671740853324 0.0 -4.3368086899420177E-19 0.02934844556336452 0.0570724894751796
 0.770000 0.058304352666669744 -8.673617379884035E-19 -4.3368086899420177E-19 0.031571954776721214 0.05872968787885666
 0.780000 0.06169728533098208 1.734723475976807E-18 1.0842021724855044E-18 0.03329680928205196 0.060053036618492164
 0.790000 0.06458481026252093 2.3288142826273853E-4 2.1684043449710089E-19 0.03457417588812002 0.06109497098952228
 0.800000 0.06687061502183003 9.390734169016654E-4 0.0 0.03543381575818087 0.061818567073186004
 0.810000 0.07071692906563887 0.001965374651084458 3.1604713292090135E-4 0.03658074531073729 0.06330139366269506
 0.820000 0.07462633298425879 0.0027539250166738797 5.203551891889288E-4 0.03828485002842107 0.06543314871277146
 0.830000 0.07840222960650291 0.003651995785741439 7.75880646224039E-4 0.039907751295970406 0.06735387985246295
 0.840000 0.08180521917267768 0.0044996423159833765 0.0010097947340944949 0.0414921210579334 0.06927477470348409
 0.850000 0.08472799057657264 0.005230458320691265 0.0011907087265188006 0.043160645220834154 0.07131562126412665
 0.860000 0.08702566163317689 0.005808836235927965 0.0013042235469023832 0.04496595998009206 0.073459620236642
 0.870000 0.08872655393033266 0.00626643120496422 0.0013617520685672132 0.046920561612430786 0.07567752852279551
 0.880000 0.09111974923095853 0.007115707021801943 0.0015651495148970523 0.048885308904116166 0.07793218551796748
 0.890000 0.09314699669437577 0.007834736997400827 0.0016999012035191542 0.05109439962974649 0.08041025713709127
 0.900000 0.09490180698965334 0.008443264282925314 0.0017760706810399734 0.05359562731150985 0.08312325901401313
 0.910000 0.09631577623127825 0.00890164622188757 0.0017803689971078599 0.056422894130211884 0.08606685308310502
 0.920000 0.09734873443125203 0.009173066396226516 0.0016978437840132977 0.05959753239861053 0.08923064634895694
 0.930000 0.097966956476142 0.009216280044108568 0.001510540388060028 0.06313107367774715 0.09260108652008803
 0.940000 0.09795513218631874 0.00896277904937483 0.0011952980722302066 0.06690991969217158 0.09599711411753965
 0.950000 0.09750042197653255 0.008623336825478962 8.464286578035341E-4 0.07057203284088458 0.09914337381938904
 0.960000 0.09712523926615296 0.008248671072304349 4.710780538595702E-4 0.07436569531775458 0.10239945568397467
 0.970000 0.096940405470018 0.007917261815924918 1.0526802067810283E-4 0.07827000666882711 0.10572792841516192
 0.980000 0.0970123364312373 0.007677804950920136 -4.3368086899420177E-19 0.08225929967262138 0.10913366542027934
 0.990000 0.09741418498313 0.007578641968534825 0.0 0.0863467368385377 0.11265601385625942
 1.000000 0.0982291193294065 0.007686930200768949 -4.3368086899420177E-19 0.09052816273620767 0.11631509517521119
 1.010000 0.09764136056009134 0.007155553941120979 -8.673617379884035E-19 0.0943667617496664 0.11937657124935137
 1.020000 0.09692807812390865 0.006617873370541555 4.3368086899420177E-19 0.09801202567376185 0.1223571672380398
 1.030000 0.09680105809085054 0.006174485034769383 -1.3010426069826053E-18 0.10213733395951968 0.12584280665737788
 1.040000 0.09736905452499373 0.0059661699210405384 -8.673617379884035E-19 0.10673744755048757 0.129799129827843
 1.050000 0.09874743844384613 0.006078528289439335 0.0 0.11185687785862611 0.1343045336034551
 1.060000 0.10105168043987874 0.006593653693503884 8.673617379884035E-19 0.11756992633153829 0.13945813185863584
 1.070000 0.10426479308884201 0.007464571699744924 0.0 0.12403872908290645 0.14541417804608048
 1.080000 0.10706846551021428 0.007630226823877774 0.0 0.13189742383106165 0.15234730795490983
 1.090000 0.10987041870765475 0.008211165805649748 8.673617379884035E-19 0.13931973432965608 0.15889565699006886
 1.100000 0.11255571913898982 0.009179501025926308 1.734723475976807E-18 0.14589320636927422 0.16489682573272724
 1.110000 0.11515288596431031 0.010558184484892898 -1.734723475976807E-18 0.15146998892700414 0.17027449283223323
 1.120000 0.11764258881053281 0.012370309004537724 0.0 0.15588414272253387 0.17490364295292318
 1.130000 0.11999151368877609 0.014627712287020636 -8.673617379884035E-19 0.1589786484840386 0.1786630540172782
 1.140000 0.12188400915127572 0.016728606110327553 -8.673617379884035E-19 0.16146602389952702 0.18206659315742668
 1.150000 0.12398440487305382 0.01847776330280161 1.734723475976807E-18 0.16527134464468463 0.18657372363469205
 1.160000 0.1264870945001409 0.020682052117144023 1.734723475976807E-18 0.1689938048153794 0.191117787214971
 1.170000 0.12942780680778493 0.023433342283158028 8.673617379884035E-19 0.17245906555457777 0.19570308496899005
 1.180000 0.13289814023813287 0.026832212025300377 1.2923366986911967E-4 0.17568730137913963 0.2004115719821623
 1.190000 0.13683127929419608 0.030881001226963738 0.001049470241840063 0.17878030448040647 0.20534437226808264
 1.200000 0.14128891634623372 0.03574586727168406 0.002247512887762584 0.18181239274983796 0.21058940462234782
 1.210000 0.1451198529879618 0.04035479176544051 0.0032781701522792235 0.18521686241997531 0.21609827811389262
 1.220000 0.14886581055774342 0.04537620153830175 0.004414903989025781 0.1887144873600048 0.2218245398347644
 1.230000 0.15292831485848354 0.05124475565089533 0.005820802693029526 0.1923006958584622 0.22795539609453802
 1.240000 0.15730196385203313 0.05812415499572919 0.0075661181016434854 0.19606125155037102 0.2346039508621988
 1.250000 0.16195668207349762 0.06620379066918271 0.009739047867637313 0.20011200791617656 0.24190935480948714
 1.260000 0.1668043239057798 0.07568389475681023 0.012464039779066044 0.2046056291814426 0.25003091782194775
 1.270000 0.17162588077800625 0.08666057489521162 0.015868833767022292 0.2097972676482875 0.2591704283009573
 1.280000 0.17542932173065504 0.09784109573744487 0.0196057372137634 0.21660479952495262 0.26957467156552606
 1.290000 0.1787137240153984 0.11045709819478813 0.024240335618406782 0.22401477805878545 0.28079979811970135
 1.300000 0.18128351838991427 0.12463185034845595 0.029818721573072703 0.2319286174124857 0.2929188226185896
 1.310000 0.18304952647781894 0.1405852231172164 0.036308555331973066 0.24029405395508224 0.30609916079024724
 1.320000 0.18396479530283372 0.15862948151464384 0.04363818583774821 0.24897196445275482 0.3205017032451705
 1.330000 0.1839871672456457 0.17911843109683795 0.05172878801782374 0.25776286329245396 0.3362774809216188
 1.340000 0.18322840532241763 0.20273790888997056 0.060679693062557646 0.26651254684013653 0.3537550753067677
 1.350000 0.18151699824492346 0.2294731226490877 0.07032517460448942 0.2759399890656834 0.37385016219273215
 1.360000 0.17863924178820015 0.25844921297774137 0.08020093120463338 0.28590761890169564 0.3964470099255919
 1.370000 0.17483957359075178 0.28949109212446716 0.09019648139611716 0.2959533607743922 0.42140786609379227
 1.380000 0.17037171246747432 0.3223745623856599 0.10023531379934036 0.30570582122948403 0.4486340950595087
 1.390000 0.16550499994044215 0.35688939740353387 0.11026065713682293 0.31483873342203206 0.4780390829065339
 1.400000 0.16051361586771595 0.39288112964632277 0.12023034300691186 0.3230411948478507 0.5095264949552492
 1.410000 0.1561492381806841 0.43424830856420904 0.13164669104338586 0.3298395997044944 0.5446005062998441
 1.420000 0.15117428646339193 0.480122667759019 0.14364881413282168 0.335955071027217 0.5843561436585187
 1.430000 0.14554759275856893 0.5285712686492086 0.15500050209958233 0.33979105341773064 0.6272100451778782
 1.440000 0.13979109592499794 0.5788358095631982 0.16544458124252603 0.3401712386001998 0.6721197937627105
 1.450000 0.1342093760739992 0.6296760337939747 0.1746156289082447 0.3365628260379695 0.7179941690832123
 1.460000 0.1290543365126517 0.6797077945752474 0.18234512709754613 0.32883253465851237 0.7635952724455106
 1.470000 0.12459534919076873 0.727774254921005 0.18891955484496686 0.31722170007031175 0.8075878209482761
 1.480000 0.1212110019088625 0.7792101463365023 0.1964218933289362 0.30089670532781576 0.8519432690398907
 1.490000 0.11839011268452523 0.8315965779595648 0.2034727952974391 0.2826642567034623 0.8979388043535045
 1.500000 0.11624690092132163 0.8844674879469743 0.20922318782016652 0.26326113091306946 0.9444945121420667
 1.510000 0.11482351921594562 0.9371812181085308 0.21377818812848184 0.2434946688043142 0.9900359878490617
 1.520000 0.11622324587236449 0.9908896071634578 0.21912771017443947 0.23013599186694367 1.0
 1.530000 0.12878905905925125 0.9999999999999999 0.23995765499705005 0.2204409469879426 1.0
 1.540000 0.15431740401453634 1.0 0.2743654849453333 0.2239095677109483 1.0000000000000002
 1.550000 0.18564918436500116 1.0 0.3088113017805892 0.23272343160250084 0.9999999999999999
 1.560000 0.22015341836797508 1.0000000000000002 0.33609734670880437 0.24011468443310635 1.0
 1.570000 0.2557576394599534 1.0000000000000002 0.3540120984812789 0.2431371818834145 1.0
 1.580000 0.28978301937264656 1.0000000000000002 0.3625354824691984 0.24114954629823243 1.0000000000000002
 1.590000 0.31988140352049055 1.0000000000000002 0.3636862387900531 0.23522099579412653 0.9999999999999999
 1.600000 0.34499786376964287 1.0 0.3608643431922222 0.22755156225173256 0.9999999999999999
 1.610000 0.36507587882562337 1.0 0.3563386719559815 0.21975086270246244 0.9999999999999998
 1.620000 0.3807736516962922 1.0 0.35052771646974945 0.21209531835396148 1.0
 1.630000 0.40004186175936474 1.0000000000000002 0.3475563515349178 0.20542128531803425 0.969163290661602
 1.640000 0.42823889836636775 0.9999999999999998 0.34797352267176934 0.20139428371629844 0.9374299065561821
 1.650000 0.4553403172339252 0.9999999999999998 0.34798044943706397 0.19818268994329769 0.9103378566022894
 1.660000 0.4804532970304009 0.9999999999999999 0.34714095872234524 0.19509469590874245 0.8866886433460521
 1.670000 0.503624864111144 1.0000000000000002 0.3458863810649522 0.1922142575049258 0.8661565334178911
 1.680000 0.5240345106122708 0.9999999999999998 0.34370765506213685 0.1892324650173506 0.8471576257826553
 1.690000 0.5415268122815378 0.9999999999999997 0.34032565008228716 0.1859242921162942 0.829650171489652
 1.700000 0.556068104010213 1.0 0.33597605123484714 0.18243038784735238 0.8141079856222608
 1.710000 0.5675754380037935 0.9999999999999999 0.3307944881635258 0.1788367815388448 0.8007985329823524
 1.720000 0.5759883080678122 0.9999999999999999 0.3248842278063273 0.1751976347612309 0.7898290481128749
 1.730000 0.5812912135560944 1.0 0.3183443506574488 0.17156217191294038 0.7812705074755874
 1.740000 0.5834036607894282 1.0000000000000002 0.3112310327909086 0.16802625565733417 0.7754074368823491
 1.750000 0.5814809545560847 1.0 0.3033459759715115 0.16458750434772954 0.7730144857649328
 1.760000 0.5756073523960318 1.0000000000000002 0.29477476463141417 0.1611275230584941 0.7731867610757741
 1.770000 0.5663161139443428 1.0 0.28568327238221236 0.157654020396778 0.7750739294761134
 1.780000 0.5541489476989078 0.9999999999999999 0.27619467834209205 0.15419334979411872 0.7780336007444815
 1.790000 0.5396310376953879 0.9999999999999996 0.2664057925242183 0.15077692445137653 0.7815035278323113
 1.800000 0.5232718638892049 1.0000000000000002 0.2563993528129829 0.14744021372630314 0.7849331770050165
 1.810000 0.5050890044604442 1.0000000000000002 0.24613904657411348 0.14469870167200882 0.7896408822438027
 1.820000 0.4837795835463487 0.9999999999999997 0.23550609044386006 0.14276021976495604 0.7970992686661076
 1.830000 0.45983616912189096 1.0000000000000002 0.2245399904136526 0.14156308747272198 0.805056632722124
 1.840000 0.43413323890995237 1.0 0.21331474587708385 0.14135561806781866 0.8117579692579734
 1.850000 0.42215253738303526 0.9512647113953667 0.20879574690135871 0.1432822345800846 0.8082315004329671
 1.860000 0.4151543738538139 0.9120886656996693 0.207119683694839 0.14616782717050905 0.7937009667378077
 1.870000 0.4083407672641594 0.874086939068295 0.20506959938019514 0.14869057577972644 0.7750380109535127
 1.880000 0.401866063508366 0.8355177931460441 0.202169067738107 0.15174343173396276 0.7557973159670821
 1.890000 0.39508234512931606 0.79661423222839 0.19870333230303588 0.15494755948926436 0.735685751815727
 1.900000 0.38792039034826487 0.7576673735439908 0.19450924839064918 0.15786841837779375 0.7136199370052485
 1.910000 0.3804817510723121 0.7186453973836973 0.189477717403022 0.16023161633860672 0.6890432499677646
 1.920000 0.37287646723370027 0.6795020817060903 0.18357193168639263 0.1617919881915745 0.6616565063838886
 1.930000 0.36514952542872425 0.6401504084772695 0.1767752835358484 0.16228608742013728 0.6312771610419321
 1.940000 0.35716160097784655 0.6000296999579018 0.1689684720695069 0.1616974219767463 0.597961385905589
 1.950000 0.34857629861514056 0.5581344402478144 0.16010651868880607 0.1605719988960304 0.5625707885606356
 1.960000 0.3395626631898639 0.5165159805010161 0.15065240521934073 0.15838108178843585 0.5258670446385982
 1.970000 0.3301713511213283 0.47619325280644903 0.1408976796227888 0.15513068082040432 0.4889200951881986
 1.980000 0.32053298229203436 0.4379440282422761 0.13112779870336835 0.15086695322377952 0.4526913976332029
 1.990000 0.3108577552780391 0.40242444635128083 0.12162658174711621 0.14572264990418035 0.4180179368024611
 2.000000 0.3014098534636836 0.3701636251014772 0.11265822289604757 0.1398978884396755 0.3855863209477394
 2.010000 0.29121025537231354 0.3396742235433205 0.10383448084861231 0.13319303411270267 0.3543207995238832
 2.020000 0.2799626714425997 0.30993947128012705 0.09481266844798873 0.12522028497770155 0.3230597554854017
 2.030000 0.2686784599837293 0.28216954192157306 0.08618688164259147 0.11718104412396203 0.2938386059529707
 2.040000 0.25754422505844915 0.2566754260932823 0.07820048615950355 0.10968595249462595 0.26752266899884897
 2.050000 0.24675206882652806 0.23363885918497984 0.07096037062027223 0.10302187045723782 0.24446885129968682
 2.060000 0.2365674669837557 0.21315637608828214 0.06453951741001109 0.09742489793823182 0.22487883850995438
 2.070000 0.22722433178471665 0.1952168072504945 0.05897675122000659 0.09305027475070873 0.20877659745287716
 2.080000 0.21661705711181706 0.17879321514519647 0.053673249657081444 0.08718065785430686 0.19195904421517138
 2.090000 0.2062906347749373 0.16400408971387295 0.048631782846519395 0.08104206161783573 0.17613875594033587
 2.100000 0.19696123022069217 0.15068793648004136 0.04420119938626398 0.07621980769084445 0.16304569793027704
 2.110000 0.18873175680923626 0.1387841539061173 0.04043408361718719 0.07296274203556415 0.15291099479587977
 2.120000 0.18170512547894416 0.12822570941490088 0.037308167706767134 0.07138041109009083 0.14577679592936035
 2.130000 0.17600019803208403 0.1189441591196533 0.03479022909934515 0.07160482972606719 0.1416628053196473
 2.140000 0.17145852940014827 0.11093740259729737 0.03283884683195842 0.07336662953223373 0.1399897142000822
 2.150000 0.166853497715826 0.1042522751106495 0.031155672595405304 0.0744911803299904 0.13796477339254096
 2.160000 0.16272922404593443 0.09842570107203095 0.029641908106724377 0.07581897808820007 0.1366651398100188
 2.170000 0.1590946302289319 0.09326003389827188 0.02833211542201894 0.07763744609172209 0.1362154426955787
 2.180000 0.15586793620128986 0.08866161894493525 0.02719052503533488 0.07990395356057732 0.13648381973481616
 2.190000 0.1529845434526116 0.08454582155104613 0.026181979292480506 0.08258815186809203 0.13737182065934878
 2.200000 0.15039540184426428 0.0808412502360551 0.02527598232079621 0.08567131705210525 0.13880845094485963
 2.210000 0.15014475003524702 0.07837581313430153 0.024794426865181445 0.09083797359251991 0.1430317545513556
 2.220000 0.15101120843033783 0.07660454132807315 0.02467006014223897 0.09815502296594328 0.1492923449530361
 2.230000 0.15055624061270742 0.07520511118220288 0.02444709490018283 0.10399101347687383 0.15389052311713494
 2.240000 0.14873357968640422 0.07380543250733912 0.024021544421450883 0.10783961994261303 0.15655411239737255
 2.250000 0.14541062860663692 0.07205076542071383 0.02333898476518597 0.1094265015887427 0.15695214132157406
 2.260000 0.14040000783001597 0.06962557441619094 0.02233274264404052 0.10839222418875175 0.1546425615436181
 2.270000 0.1335871173855814 0.06628677837413309 0.02094814747088351 0.10447041508242075 0.14927877871340997
 2.280000 0.1299087096478882 0.06319579559496519 0.019747127220303667 0.10427122582902934 0.14826028616893847
 2.290000 0.12626525075343734 0.05999244690211937 0.018672764855034128 0.104981117334339 0.1474645884515138
 2.300000 0.12159689646208922 0.05696088039587442 0.01754918068640899 0.10335961711302102 0.14437911613906595
 2.310000 0.11600933176326458 0.053954522706175526 0.01637934739739671 0.0992591638833582 0.1389583285152926
 2.320000 0.10946585651354028 0.05091291594425085 0.015162561422200429 0.09256260547719808 0.13101231016322623
 2.330000 0.10185283425281098 0.04782247347304424 0.013894568940180816 0.08314643047605157 0.12027562719081007
 2.340000 0.09326690974084112 0.04476132497796713 0.012581946827929786 0.071285539931507 0.10686330516527387
 2.350000 0.0850725589980274 0.04172377749804062 0.011266700559838862 0.05978976810666841 0.09362932528620732
 2.360000 0.07702849450192399 0.03864851754000604 0.010003839467146716 0.04914574362642779 0.08070055222813649
 2.370000 0.06910167993086837 0.03568664031538334 0.008829537575170469 0.03937533605388137 0.06809274737795713
 2.380000 0.06136590311928512 0.032914515608382815 0.007764597782196352 0.030645779175736354 0.05599398322071962
 2.390000 0.0538989160722773 0.030369071298421445 0.0068166376211608055 0.0230848315415293 0.044584700774862734
 2.400000 0.046774544483464645 0.028040892783022194 0.005979652423616183 0.0167590167906214 0.03404722976412619
 2.410000 0.038810939326910494 0.026628262953971967 0.005371228733839088 0.009859765299730127 0.02097011017613101
 2.420000 0.02964229543908788 0.026791672771111177 0.004949080328607568 0.002170522543512499 0.0035464752416135307
 2.430000 0.019896068126021415 0.02991958630936809 0.004945703446908738 1.8973538018496328E-19 8.673617379884035E-19
 2.440000 0.0067342791934626904 0.037432735888823385 0.005642985386148762 2.0057740190981832E-18 -2.168404344971009E-18
 2.450000 2.710505431213761E-20 0.04233013431478605 0.005880372354575651 5.963111948670274E-19 3.469446951953614E-18
 2.460000 -3.333921680392926E-18 0.039011706654642556 0.005035185815884146 -1.9244588561617704E-18 2.5153490401663703E-17
 2.470000 4.9873299934333204E-18 0.03554603724657628 0.0041745472179458435 -1.1384122811097797E-18 2.6020852139652106E-18
 2.480000 -1.328147661294743E-17 0.032264822053821376 0.0032520481259083775 5.014435047745458E-19 1.474514954580286E-17
 2.490000 -2.0328790734103208E-19 0.029287126094973606 0.0022555587921431184 -2.5261910618912253E-17 5.204170427930421E-18
 2.500000 1.4338573731120796E-17 0.026720400636614922 0.0012446790151227549 -4.537386091851836E-17 -8.673617379884035E-17
 2.510000 1.4711268227912688E-17 0.024464725844215704 2.752087487689877E-4 -4.6119249912102145E-17 -4.358492733391728E-17
 2.520000 -2.014583161749628E-17 0.022512165838170728 -1.094366567852556E-18 2.4299681190831368E-17 -5.355958732078392E-17
 2.530000 -1.7835125737386548E-17 0.02083226829007643 2.371692252312041E-19 6.938893903907228E-18 8.738669510233166E-17
 2.540000 -5.187229768985335E-17 0.019273649267368673 8.588914085158605E-19 -9.784924606681678E-18 -3.729655473350135E-17
 2.550000 -2.8711028780131764E-17 0.01741304801139317 -6.844026213814747E-19 4.178244122216013E-17 -8.456776945386935E-18
 2.560000 -6.376464026930373E-18 0.015679501236734488 -1.1993986533120893E-18 -3.8272336688738307E-17 -1.6263032587282567E-17
 2.570000 9.961107459710572E-19 0.014036366338007525 1.128247885742728E-18 -6.602791230436722E-17 1.4051260155412137E-16
 2.580000 -3.63207727782644E-18 0.012484230638046505 1.0020399766018373E-18 2.0965759510438442E-17 3.165870343657673E-17
 2.590000 -5.315639963789087E-17 0.011031520389124182 -2.634272465960874E-19 2.816215143031098E-17 2.1467203015212988E-17
 2.600000 -4.157576518303008E-17 0.00968152997973287 2.197203465177655E-18 -1.1672114013164259E-17 -9.595189226496714E-17
 2.610000 -7.22281934782687E-17 0.007914610854219087 -2.57243906081131E-18 2.801646176338324E-17 -7.35089072945172E-17
 2.620000 -9.345992133414499E-17 0.00602551214705998 6.2341624917916505E-19 5.034763838479561E-18 2.2876665839444144E-17
 2.630000 -2.3404367365583573E-17 0.0044847688608509444 4.514685608865421E-19 -6.138955988520267E-17 -3.8272336688738307E-17
 2.640000 -3.240493946310777E-17 0.003314178275923976 -9.207248136654245E-19 -4.241940999849536E-18 -9.616873269946424E-17
 2.650000 -5.2244992186645245E-17 0.002573025193601526 -7.809643773684649E-19 -8.120504865326977E-18 1.8431436932253575E-18
 2.660000 4.6526672759731463E-17 0.00232789569588417 -2.26560137566844E-18 7.016058605402095E-17 -1.7797178661349555E-16
 2.670000 -2.196779948704028E-18 0.0026308827292420255 -1.8192150124654236E-18 2.441233657281619E-17 -2.734899980094685E-17
 2.680000 -3.234818825564173E-18 0.002966563446578463 -5.4123287747181656E-18 1.1180834903756764E-19 1.1628068299907035E-17
 2.690000 -4.786498481639326E-17 0.003182523439273918 -1.022580525572754E-18 1.0894537767584811E-17 -2.6590058280206996E-17
 2.700000 -6.734674260324217E-17 0.003292338997901033 -1.8592373192231892E-18 -2.4286975696622554E-17 -8.890457814381136E-17
 2.710000 4.692562527788824E-18 0.0032579366044940827 -7.860465750519907E-19 -3.4600448862390915E-17 6.114900252818245E-17
 2.720000 3.0549090275673596E-17 0.0030496187776628807 -1.283254915090265E-19 -4.614381386757252E-17 6.502502529481813E-17
 2.730000 6.40060446592712E-17 0.0026313388429790533 1.4145450219146816E-18 4.540943630230304E-18 9.18861341181465E-18
 2.740000 -2.154724762872852E-17 0.0020482139209309536 -9.994988777600744E-19 1.3250983426846275E-17 2.862293735361732E-17
 2.750000 3.760191011098653E-17 0.0017609460273476315 -4.912791094074942E-20 -3.3267219003412646E-17 -9.934002405398434E-17
 2.760000 -1.1221068968751344E-18 0.0016026695595053213 -2.106570939821445E-18 7.254837193233082E-18 -5.880441533018255E-17
 2.770000 4.1612399357998826E-17 0.0016207615633423514 4.5104504441291493E-20 3.150962563785997E-17 -5.906191334614785E-17
 2.780000 -1.5608911393765433E-17 0.001822846939608422 -1.0077574489958038E-18 -4.647669781584346E-18 -2.4882439858542327E-17
 2.790000 -7.820231685525328E-18 0.0022198517564022465 2.0371142381465923E-19 3.8480706793762864E-18 -5.328853677766254E-17
 2.800000 2.957796700164654E-17 0.0028241136933865926 -9.228423960335602E-19 7.314129499540883E-18 4.6349642873755315E-18
 2.810000 1.954232064257759E-17 0.0034071211799428292 -9.541826150819693E-19 -2.1158883022412422E-18 2.4665599424045226E-17
 2.820000 -1.489803899278226E-17 0.003926338459693744 -4.213988912590144E-19 5.017823179534475E-18 -2.3798237686056822E-17
 2.830000 -5.946171289725188E-18 0.004644736636542343 -8.796437157235909E-19 1.1394287206464848E-17 2.6291902682773483E-17
 2.840000 1.4391089773850563E-18 0.005500690567095543 -2.337810934421869E-19 2.495020249432267E-17 -2.949029909160572E-17
 2.850000 -1.1800015988199658E-17 0.0065246143763959975 7.835054762102278E-19 4.5841423105402734E-18 1.3769367590565906E-17
 2.860000 -2.363221922839498E-19 0.007707572085245317 -3.3881317890172014E-19 1.3552527156068805E-18 -1.0083080204115191E-17
 2.870000 1.7581015853210258E-17 0.00902792138686233 2.923874169652307E-4 -2.690176640479658E-18 4.9873299934333204E-18
 2.880000 -1.2910476182050046E-17 0.010809736445518258 7.600072690355777E-4 -1.468416317360055E-17 7.589415207398531E-18
 2.890000 1.4909473937570195E-17 0.012385411016346059 0.0011421175304058692 -2.9815559743351372E-18 -2.168404344971009E-18
 2.900000 -2.9917203697021888E-18 0.013745033215451476 0.0014536133722128917 1.8634724839594607E-18 -1.8431436932253575E-17
 2.910000 7.623296525288703E-19 0.014894704653533477 0.0017024951936889456 5.454892180317694E-18 1.6046192152785466E-17
 2.920000 -1.1485766764768313E-18 0.015819964821698392 0.001895775788380572 -3.4558944247975454E-19 -2.0383000842727483E-17
 2.930000 4.0657581468206416E-19 0.016521866512427624 0.002041026314128012 -2.7985968577282083E-18 -7.806255641895632E-18
 2.940000 0.00559553698097612 0.015556654741236058 0.0019671071134334034 2.439454888092385E-19 -6.505213034913027E-19
 2.950000 0.015224042136177268 0.012528685425295236 0.0016599786532491016 0.003154824721190507 0.009089350034286507
 2.960000 0.01838259939861583 0.009736264207188523 0.0013740148015502366 0.0052503032828451045 0.019404289789331064
 2.970000 0.019356519772280215 0.008399070670296941 0.0012677135001264701 0.005930887932430367 0.021318182229982968
 2.980000 0.019871740046474264 0.0077889250931385025 0.0012433610143319197 0.006174557701782789 0.02103880941708314
 2.990000 0.020160931239550966 0.007412886492234534 0.0012400824994045561 0.006241175523018318 0.020204897380467553
 3.000000 0.020504908980118697 0.00731665067601967 0.0012627474891163672 0.006172997621717472 0.01917830946105852
