0 5000000000 1.0
Linear 9 explicit
 0.000000 0.0 0.0 0.0 0.0 0.0 0.0 0.0 0.0 0.0
 0.010000 5.637851296924623E-18 -1.0164395367051604E-19 0.03853771701831517 0.04423569849255976 -6.3527471044072525E-21 -3.3881317890172014E-19 0.007540607315465787 0.012437254449400395 0.00806093639205166
 0.020000 -2.168404344971009E-18 4.607859233063394E-19 0.041335905128459964 0.0336483964592229 -8.470329472543003E-22 -8.673617379884035E-19 0.007612322599553904 0.01663696306745598 0.030837550790222566
 0.030000 -1.2576745200831851E-17 8.944667923005412E-19 0.036456954039099314 0.02362571477413803 -5.929230630780102E-21 -5.421010862427522E-19 0.0062632094986727295 0.014453146234465504 0.025301750089640387
 0.040000 3.469446951953614E-18 -2.1684043449710089E-19 0.02851645931018142 0.014192337029873141 -5.082197683525802E-21 -8.131516293641283E-20 0.0042611222642636075 0.011025243149053643 0.01976077418238565
 0.050000 1.734723475976807E-18 6.776263578034403E-20 0.02794873791852204 0.01256688367333961 -2.710505431213761E-20 3.2526065174565133E-19 0.0038258395092995185 0.009664365608829772 0.01662741002368619
 0.060000 1.951563910473908E-18 3.9302328752599536E-19 0.025401092772225842 0.011048326476165726 7.623296525288703E-21 -9.215718466126788E-19 0.0032777945166370262 0.007753532457010483 0.012748425315702827
 0.070000 -4.553649124439119E-18 6.776263578034403E-20 0.021015926085686247 0.009326409991703843 6.3527471044072525E-21 1.7618285302889447E-19 0.0026133552718280075 0.005741942754453313 0.008803548945352251
 0.080000 -7.914675859144182E-18 1.4907779871675686E-19 0.01952188843553047 0.008318463535619774 2.964615315390051E-21 3.9302328752599536E-19 0.0022658111241054216 0.004985243302082616 0.0077623314001994265
 0.090000 -3.903127820947816E-18 2.0328790734103208E-19 0.018929691519912712 0.007880856149829486 -5.505714157152952E-21 1.6263032587282567E-19 0.0020947388238888253 0.0045709815754923985 0.007139998159894925
 0.100000 4.228388472693467E-18 2.913793338554793E-19 0.017960457926407457 0.0072162603623315905 5.505714157152952E-21 2.303929616531697E-19 0.001896978885613581 0.0041701167032373075 0.006710349602045716
 0.110000 2.8189256484623115E-18 -8.809142651444724E-20 0.01719981425676856 0.006582558353737241 -3.8116482626443515E-21 -1.0842021724855044E-19 0.0017317108714199683 0.003888329475969222 0.006579719084685941
 0.120000 1.951563910473908E-18 -1.0842021724855044E-19 0.016916042630739318 0.006297664011682544 -7.623296525288703E-21 1.2197274440461925E-19 0.0016493361324028738 0.003732624828610648 0.006475645970477645
 0.130000 6.505213034913027E-19 -2.303929616531697E-19 0.01664742135178017 0.006106150692717329 -1.9058241313221758E-21 8.131516293641283E-20 0.001587570560000519 0.003596363747626178 0.006306805533051089
 0.140000 -1.734723475976807E-18 2.642742795433417E-19 0.016350666866386303 0.005926246754806953 -1.6940658945086007E-21 -3.5236570605778894E-19 0.0015308473227823047 0.003471348136149538 0.006143167585620994
 0.150000 -4.553649124439119E-18 -1.8973538018496328E-19 0.016140722658659443 0.005810382376435027 -2.1175823681357508E-22 4.3368086899420177E-19 0.0014901901456801626 0.003375355574824909 0.006002731512852487
 0.160000 -2.710505431213761E-18 2.0328790734103208E-20 0.015974608083768948 0.0057280692342998865 1.6940658945086007E-21 1.3552527156068805E-19 0.0014586239659404646 0.0032966380023098985 0.005878665334138952
 0.170000 5.312590645178972E-18 1.8295911660692887E-19 0.015828054920849148 0.005656032548137471 -5.505714157152952E-21 -6.776263578034403E-20 0.0014312570689769702 0.00322920399271416 0.005776280443816676
 0.180000 2.2768245622195593E-18 -1.5585406229479126E-19 0.01570891256124727 0.005597361820340342 -1.1858461261560205E-20 1.6263032587282567E-19 0.0014084969495550613 0.003173504851433782 0.005694668835416197
 0.190000 4.445228907190568E-18 -5.421010862427522E-20 0.015608397347482839 0.005549638943400454 -4.0234064994579266E-21 -8.131516293641283E-20 0.001389451989035483 0.003126758939148046 0.005625800498219251
 0.200000 1.0842021724855044E-18 2.574980159653073E-19 0.015520617858863701 0.0055122972936183165 -4.658681209898652E-21 1.4230153513872246E-19 0.001373588853078161 0.0030867738315088255 0.005562597285506421
 0.210000 -1.0842021724855044E-18 5.421010862427522E-20 0.015441254607111897 0.005482676343651048 -2.1175823681357508E-22 3.1848438816761693E-19 0.0013601806836317707 0.0030520811231375825 0.005503754362328588
 0.220000 2.710505431213761E-18 -9.486769009248164E-20 0.015366666352726262 0.005456439442251911 0.0 -6.776263578034403E-21 0.0013483224175723232 0.0030214824669120397 0.0054510451429734645
 0.230000 -1.3010426069826053E-18 -7.115076756936123E-20 0.015297592724534105 0.005433381944716891 2.1175823681357508E-22 -1.1519648082658485E-19 0.001337822783749554 0.0029944256596891807 0.005404100752079453
 0.240000 -3.2526065174565133E-19 1.3891340334970526E-19 0.015233348492050564 0.005413325832387732 1.0587911840678754E-21 -4.0657581468206416E-20 0.0013284782358105804 0.0029702250166487626 0.005361617871968488
 0.250000 -8.673617379884035E-19 3.3881317890172014E-20 0.015172186416253083 0.005394877140910196 9.105604182983729E-21 1.8973538018496328E-19 0.0013199431449717413 0.002948248768297979 0.005323349968787178
 0.260000 -7.589415207398531E-19 -7.453889935837843E-20 0.015113754895264009 0.005377533114842385 2.752857078576476E-21 -2.507217523872729E-19 0.001312078083916113 0.0029282252885388916 0.005289089895429476
 0.270000 1.3010426069826053E-18 1.1858461261560205E-19 0.015057753611641855 0.005361164770484004 1.9058241313221758E-21 -1.4230153513872246E-19 0.0013048102210552071 0.002909932902277758 0.005258248919675281
 0.280000 -3.7947076036992655E-18 1.3552527156068805E-20 0.015003571762099826 0.005345414143868638 -3.8116482626443515E-21 -1.8973538018496328E-19 0.0012980310058468428 0.002893125136181579 0.005230397717436747
 0.290000 -4.0115480381963664E-18 3.049318610115481E-19 0.014950920671492517 0.005330043242455848 2.1175823681357508E-22 9.486769009248164E-20 0.0012916610705007469 0.002877622171936264 0.005205289481964082
 0.300000 2.0599841277224584E-18 1.6940658945086007E-19 0.014899670657568195 0.0053149717501711664 3.1763735522036263E-21 1.5585406229479126E-19 0.0012856479851569044 0.0028632685185003195 0.005182642281342278
 0.310000 0.0 4.3368086899420177E-19 0.01484973239350918 0.005300195519552458 -4.658681209898652E-21 -4.607859233063394E-19 0.0012799526174374755 0.0028499188996625098 0.005162141110757388
 0.320000 9.75781955236954E-19 1.5246593050577406E-19 0.01480101612541469 0.0052856919950312045 4.870439446712227E-21 -1.6263032587282567E-19 0.00127453764666549 0.0028374460150134557 0.005143536839627284
 0.330000 4.119968255444917E-18 -1.6601845766184287E-19 0.014753393310411197 0.005271379490066493 -2.964615315390051E-21 -3.3881317890172014E-20 0.0012693622272227833 0.0028257395669086006 0.005126666310322371
 0.340000 -1.3010426069826053E-18 6.098637220230962E-20 0.014712480183155198 0.005253850942955661 -4.446922973085077E-21 -6.098637220230962E-20 0.0012642472782161737 0.0028162325660121956 0.00512097857358255
 0.350000 -2.0599841277224584E-18 -4.404571325722362E-20 0.014674371092077117 0.005230221854076038 6.776263578034403E-21 1.4230153513872246E-19 0.0012586859107991725 0.0028081952822929046 0.005126686337700437
 0.360000 -3.686287386450715E-18 2.0667603913004928E-19 0.014631331491427788 0.005212435795164348 -9.317362419797304E-21 3.8624702394796095E-19 0.0012537371085247035 0.0027989907196011364 0.005120499670519058
 0.370000 2.0599841277224584E-18 -8.131516293641283E-20 0.014583160977089935 0.0052011727460383045 4.658681209898652E-21 1.5585406229479126E-19 0.0012494370734538812 0.00278851195395167 0.0051015584200102704
 0.380000 -1.0842021724855044E-18 2.608861477543245E-19 0.014529760525436829 0.0051964889763709875 -2.541098841762901E-21 -6.098637220230962E-20 0.0012457649897510109 0.0027767085698223344 0.005069784662314851
 0.390000 -3.7947076036992655E-18 1.5585406229479126E-19 0.01447051916563466 0.0051984404411967305 -4.658681209898652E-21 1.8973538018496328E-19 0.001242679087250697 0.0027634121925992697 0.0050246560390974065
 0.400000 -3.144186300207963E-18 -2.812149384884277E-19 0.014405247868881742 0.0052073996619449656 -6.1409888675936775E-21 -2.0328790734103208E-20 0.0012401953165526705 0.0027485210603517547 0.004965514545494013
 0.410000 -3.469446951953614E-18 3.5914196963582334E-19 0.014460878360219604 0.005142830276314122 -5.082197683525802E-21 3.3881317890172014E-20 0.0012343506924402574 0.002765946971577885 0.005113395952602765
 0.420000 -7.589415207398531E-19 -1.7279472123987727E-19 0.014475609945900195 0.005053708730348917 4.870439446712227E-21 1.6263032587282567E-19 0.0012241646090648327 0.0027761520613258095 0.0052566046880068865
 0.430000 -1.0842021724855044E-19 2.0667603913004928E-19 0.014419239743241262 0.0050401251226298155 2.329340604949326E-21 -1.7618285302889447E-19 0.0012199234393885532 0.0027651866945468595 0.0052323975178663485
 0.440000 1.6263032587282567E-18 1.2536087619363645E-19 0.014290085692020824 0.0050987656666720725 -5.082197683525802E-21 1.6940658945086007E-19 0.0012209404453117684 0.0027331050388401455 0.0050472037590225055
 0.450000 6.505213034913027E-19 2.371692252312041E-19 0.014085132325440402 0.005230816849290386 -4.2351647362715017E-22 -2.236166980751353E-19 0.0012270607860484326 0.002679159817920521 0.004698307033175341
 0.460000 1.2468324983583301E-18 2.371692252312041E-19 0.013795425047119956 0.005435407993881829 -4.2351647362715017E-22 -1.0842021724855044E-19 0.0012375595028931055 0.002601440021603992 0.004180860277405267
 0.470000 7.589415207398531E-19 1.3552527156068805E-19 0.013418585363151068 0.005755744180004938 -2.752857078576476E-21 9.486769009248164E-20 0.0012570865299957898 0.0024958792146880203 0.003431768331309148
 0.480000 1.328147661294743E-18 -2.1345230270808369E-19 0.0129374778508308 0.006336711026976875 -6.88214269644119E-21 3.3881317890172014E-21 0.001300931538751452 0.0023470880432354276 0.002233786017802391
 0.490000 1.0977546996415732E-18 3.8116482626443515E-20 0.01255722605794776 0.006759336241102719 5.505714157152952E-21 -1.7787691892340307E-19 0.0013290745143649774 0.0022342405170052318 0.0013619116030868248
 0.500000 3.3203691532368573E-18 1.6093625997831706E-20 0.01231587784930748 0.0069456275946802 6.352747104407253E-22 1.3383120566617945E-19 0.0013355234274844202 0.0021708096616418573 9.461883440445096E-4
 0.510000 -2.3310346708438345E-18 -1.7406527066075872E-19 0.012213926731171745 0.006887196652265315 1.6940658945086007E-21 2.193815333388638E-19 0.0013205687728039992 0.002156928867605751 9.896176186513358E-4
 0.520000 -2.1412992906588713E-18 1.0672615135404184E-19 0.012267023225993842 0.006575574021550213 5.293955920339377E-22 -2.1006417091906648E-19 0.0012848157875865246 0.002196024041144318 0.0015113803423625455
 0.530000 1.8431436932253575E-18 -3.218725199566341E-20 0.012480623169362829 0.0059920454610755776 8.576208590949791E-21 1.0164395367051604E-20 0.001226910327174041 0.002290087854006398 0.002539825105971719
 0.540000 3.0899761915836876E-18 -7.792703114739563E-20 0.012252822725423355 0.005269247988881741 -4.235164736271502E-21 1.3552527156068805E-20 0.0011355435939736796 0.0022967188738688177 0.003362412475411432
 0.550000 1.6805133673525319E-18 -1.3213713977167085E-19 0.011821521410292706 0.00506203991294542 -4.552802091491864E-21 -8.809142651444724E-20 0.0010934359352424822 0.0022223642359311432 0.0032981165075669718
 0.560000 1.463672932855431E-18 -7.453889935837843E-20 0.011810216665971842 0.004693922692521954 -1.1858461261560205E-20 2.913793338554793E-19 0.0010518283888172172 0.002250718799926281 0.003832643480376855
 0.570000 -4.3368086899420177E-19 -7.792703114739563E-20 0.012215814636785184 0.004138475744852882 1.6940658945086007E-21 1.0842021724855044E-19 0.0010088862449379834 0.0023813350765989187 0.004986370146858901
 0.580000 -3.2526065174565133E-19 0.0 0.01303998990078489 0.0034209708122452933 4.2351647362715017E-22 -1.6263032587282567E-19 9.668345598469387E-4 0.002611897764007904 0.006720557100846428
 0.590000 -1.951563910473908E-18 2.710505431213761E-19 0.014312893585885882 0.00255344352474876 7.199780051661553E-21 -3.6591823321385775E-19 9.265246636844263E-4 0.002948831432462814 0.00903801845071825
 0.600000 -4.9873299934333204E-18 -2.981555974335137E-19 0.016031510663366968 0.0015219571024200165 1.8211208365967457E-20 1.0842021724855044E-19 8.82752391275731E-4 0.003395302527256606 0.011951257803091668
 0.610000 -1.951563910473908E-18 5.421010862427522E-20 0.016358316736202985 2.4065898854652137E-4 -1.2705494208814505E-20 1.0842021724855044E-19 7.446793023952109E-4 0.003570520561703664 0.01404237297818371
 0.620000 -2.1684043449710089E-19 -2.710505431213761E-19 0.01686724827363877 8.673617379884035E-19 -1.1011428314305904E-20 -5.421010862427522E-20 6.330423771249292E-4 0.0037845024767682103 0.016086707213423968
 0.630000 3.903127820947816E-18 4.0657581468206416E-20 0.0176007058328105 -1.0842021724855044E-18 1.6940658945086007E-21 2.710505431213761E-19 4.526328629146677E-4 0.004117718034241733 0.019262186729213936
 0.640000 8.673617379884035E-19 -1.6263032587282567E-19 0.018835543840941594 2.168404344971009E-18 1.4399560103323106E-20 -6.505213034913027E-19 2.446685146727417E-4 0.004616906803885366 0.023299351048791425
 0.650000 4.3368086899420177E-19 7.318364664277155E-19 0.020554609954913976 2.6020852139652106E-18 -8.470329472543003E-21 -1.6263032587282567E-19 1.022527063131455E-5 0.005295670792270738 0.028003661466883354
 0.660000 8.239936510889834E-18 -3.2526065174565133E-19 0.022815360850508434 -4.3368086899420177E-19 -1.6940658945086007E-20 3.7947076036992655E-19 3.2526065174565133E-19 0.006199315408066159 0.033263989112049225
 0.670000 -9.540979117872439E-18 4.3368086899420177E-19 0.025426536139431674 3.903127820947816E-18 1.1858461261560205E-20 4.3368086899420177E-19 4.3368086899420177E-19 0.007350770095164352 0.03887738652028881
 0.680000 1.474514954580286E-17 -3.5236570605778894E-19 0.027521769005405913 -2.168404344971009E-18 -1.3552527156068805E-20 9.215718466126788E-19 -4.3368086899420177E-19 0.008595949965395564 0.043773547755350396
 0.690000 4.336808689942018E-18 -8.673617379884035E-19 0.029953718105168555 8.673617379884035E-19 3.3881317890172014E-21 -3.2526065174565133E-19 7.589415207398531E-19 0.010161591304582976 0.04818331609622223
 0.700000 -8.673617379884035E-19 2.710505431213761E-19 0.032589984629240294 -1.734723475976807E-18 -4.0657581468206416E-20 6.505213034913027E-19 -7.589415207398531E-19 0.012121386121810436 0.05206853171616094
 0.710000 8.673617379884035E-19 6.505213034913027E-19 0.03552942989896655 6.938893903907228E-18 0.0 -4.3368086899420177E-19 -1.4094628242311558E-18 0.014525436639580723 0.05507692219592671
 0.720000 -9.540979117872439E-18 -6.505213034913027E-19 0.03878284074009489 -8.673617379884035E-19 6.776263578034403E-20 4.3368086899420177E-19 1.0842021724855044E-18 0.017283243337989404 0.05694143249589854
 0.730000 -1.734723475976807E-17 7.589415207398531E-19 0.04232280415572716 4.336808689942018E-18 1.3552527156068805E-20 -7.589415207398531E-19 -2.1684043449710089E-19 0.020131447199463696 0.05774312718741291
 0.740000 -1.734723475976807E-18 -1.6263032587282567E-19 0.04689591843689434 6.938893903907228E-18 -2.0328790734103208E-20 -2.4936649967166602E-18 2.1684043449710089E-19 0.02313727014913207 0.05881427820234658
 0.750000 -9.540979117872439E-18 -7.047314121155779E-19 0.05154846128165217 -2.6020852139652106E-18 -4.404571325722362E-20 2.1684043449710089E-19 -1.734723475976807E-18 0.026390546860415517 0.0608660411689668
 0.760000 3.469446951953614E-18 -2.656295322589486E-18 0.05606360805159852 -1.734723475976807E-18 -1.6940658945086007E-20 -1.0842021724855044E-19 8.673617379884035E-19 0.029210876181583925 0.06226235120097783
 0.770000 3.0357660829594124E-17 1.1926223897340549E-18 0.06022300865040567 0.0 1.2536087619363645E-19 -3.2526065174565133E-19 1.0842021724855044E-18 0.03151097285654092 0.063369396834373
 0.780000 1.1275702593849246E-17 -3.2526065174565133E-19 0.06404522891447023 -2.6020852139652106E-18 -1.9312351197398048E-19 -8.673617379884035E-19 1.5178830414797062E-18 0.03336396968954437 0.06432950073748384
 0.790000 8.673617379884035E-18 -4.87890977618477E-19 0.06741986490635242 0.0 2.0328790734103208E-20 -3.0357660829594124E-18 -4.3368086899420177E-19 0.03476743082277438 0.06501139629466864
 0.800000 1.3877787807814457E-17 -5.421010862427522E-20 0.0701993959508502 3.469446951953614E-18 -6.098637220230962E-20 3.469446951953614E-18 -2.8189256484623115E-18 0.0356834564323779 0.06529467345467806
 0.810000 -1.1275702593849246E-17 -1.4094628242311558E-18 0.07494491619850002 -4.336808689942018E-18 -4.404571325722362E-20 -1.1926223897340549E-18 -3.0357660829594124E-18 0.037145504042837514 0.06663600311912397
 0.820000 3.469446951953614E-18 4.3368086899420177E-19 0.0796109126994159 -5.204170427930421E-18 -2.371692252312041E-20 6.505213034913027E-19 -1.734723475976807E-18 0.03892803852653377 0.06832282318137119
 0.830000 -1.8214596497756474E-17 -1.951563910473908E-18 0.08401305606503885 -8.673617379884035E-18 -1.6940658945086007E-20 -1.0842021724855044E-18 2.168404344971009E-18 0.04052751846879426 0.0697271273797313
 0.840000 2.7755575615628914E-17 -1.8973538018496328E-18 0.08799159050282133 2.6020852139652106E-18 -1.3552527156068805E-19 -2.3852447794681098E-18 -2.168404344971009E-18 0.04204387978525815 0.0711975586072808
 0.850000 3.0357660829594124E-17 7.589415207398531E-19 0.0912828863763406 8.420448075562321E-4 -2.710505431213761E-20 -1.1926223897340549E-18 5.432311879991023E-5 0.04362458656174942 0.07291276787310523
 0.860000 2.6020852139652106E-18 1.5720931501039814E-18 0.09386846163899913 0.0014940234034972561 -1.6940658945086007E-19 -1.6263032587282567E-18 1.879345922610378E-4 0.04529255861440655 0.07479646157834983
 0.870000 1.0408340855860843E-17 -2.1684043449710089E-19 0.09585876524777356 0.0019555817170268715 1.3552527156068805E-19 3.7947076036992655E-18 2.5595145856831215E-4 0.047064848521879546 0.07682038020393649
 0.880000 3.122502256758253E-17 3.2526065174565133E-19 0.0984852592982375 0.0027606583704583264 -2.846030702774449E-19 7.047314121155779E-18 4.5597500102184966E-4 0.04891969322590582 0.07886268058834132
 0.890000 -3.382710778154774E-17 -8.131516293641283E-19 0.1007717178557776 0.003407860205395015 -1.3552527156068805E-19 -1.4094628242311558E-18 5.790135807950043E-4 0.050983660825838106 0.08117183788612567
 0.900000 -1.734723475976807E-18 -2.7647155398380363E-18 0.10276185337511681 0.0038962058706353366 2.303929616531697E-19 4.3368086899420177E-19 6.219554009098687E-4 0.053291270791582857 0.08375428937052778
 0.910000 5.204170427930421E-18 0.0 0.10440124423893007 0.00418094956641026 -8.131516293641283E-20 4.445228907190568E-18 5.66150561613527E-4 0.05587838472632566 0.08662902349488925
 0.920000 -2.6020852139652106E-18 -2.8189256484623115E-18 0.10566587226036142 0.004231772736173284 -4.0657581468206416E-20 2.2768245622195593E-18 3.9494408518023433E-4 0.058776282248053646 0.08979936796844631
 0.930000 1.9081958235744878E-17 9.75781955236954E-19 0.10653471814746554 0.004020424925430946 -1.8973538018496328E-19 -3.2526065174565133E-18 9.307933947694941E-5 0.06199543768764208 0.09325024557322228
 0.940000 4.597017211338539E-17 -4.0115480381963664E-18 0.10667026335159555 0.0034817440815602127 -5.89534931288993E-19 -2.3852447794681098E-18 2.6020852139652106E-18 0.06537282806098385 0.09673722241861714
 0.950000 6.071532165918825E-18 2.8189256484623115E-18 0.10639151956696469 0.0028482446963273445 -1.4230153513872246E-19 1.8431436932253575E-18 3.903127820947816E-18 0.06869996785711094 0.10008390467042898
 0.960000 -4.0766001685454967E-17 3.686287386450715E-18 0.10618822585469545 0.0021511252190817556 4.472333961502706E-19 3.577867169202165E-18 1.734723475976807E-18 0.07225842023371291 0.1036065009570706
 0.970000 6.938893903907228E-18 4.0115480381963664E-18 0.10617364855735778 0.0014974341470793597 4.1335207826009857E-19 4.336808689942018E-18 0.0 0.07599277893196739 0.1072196505333033
 0.980000 1.0408340855860843E-17 -8.673617379884035E-19 0.10644367742507634 9.525231609784461E-4 -8.131516293641283E-19 -3.2526065174565133E-18 3.0357660829594124E-18 0.07987874264267354 0.11091580586381691
 0.990000 -2.949029909160572E-17 4.3368086899420177E-19 0.10708919744483264 5.813393228039452E-4 -6.098637220230962E-19 -6.505213034913027E-19 6.071532165918825E-18 0.08390444087422892 0.11469921438937741
 1.000000 6.245004513516506E-17 -1.0842021724855044E-18 0.10819327419667425 4.415348733484148E-4 6.098637220230962E-20 3.0357660829594124E-18 5.204170427930421E-18 0.08806679196737636 0.11858526381989068
 1.010000 -5.204170427930421E-17 -1.5178830414797062E-18 0.10730693079989283 0.0 1.3552527156068805E-19 9.974659986866641E-18 1.734723475976807E-18 0.09165036807218262 0.12172831282573046
 1.020000 -6.938893903907228E-18 1.8431436932253575E-18 0.10645230063175118 5.204170427930421E-18 -6.2341624917916505E-19 1.5178830414797062E-18 0.0 0.09545955182596798 0.12522168250173205
 1.030000 -5.204170427930421E-18 -2.1684043449710089E-19 0.10618694490847107 3.2959746043559335E-17 2.574980159653073E-19 -8.890457814381136E-18 3.469446951953614E-18 0.09984681596583714 0.12921600290662646
 1.040000 5.0306980803327406E-17 -3.144186300207963E-18 0.10677875547091184 1.3877787807814457E-17 -6.098637220230962E-19 4.9873299934333204E-18 1.734723475976807E-18 0.10474212153223832 0.1336401921620936
 1.050000 -2.2551405187698492E-17 -2.8189256484623115E-18 0.10841503956338995 -3.469446951953614E-18 7.995991022080595E-19 4.9873299934333204E-18 -3.469446951953614E-18 0.11015859678880108 0.1385486802137081
 1.060000 -1.0408340855860843E-17 1.0842021724855044E-18 0.11132525240749008 5.204170427930421E-18 -7.453889935837843E-19 -2.3852447794681098E-17 -8.673617379884035E-19 0.11610779563955363 0.14398459378698203
 1.070000 3.469446951953614E-18 -1.5178830414797062E-18 0.11543183781083388 2.2551405187698492E-17 -1.0028870095490916E-18 -1.1058862159352145E-17 1.214306433183765E-17 0.12273547797459186 0.1501293251239453
 1.080000 2.6020852139652106E-17 -3.469446951953614E-18 0.11886104298415703 -2.2551405187698492E-17 2.0328790734103208E-19 1.6046192152785466E-17 6.071532165918825E-18 0.13066444009808678 0.15736693083000114
 1.090000 8.673617379884035E-18 -4.336808689942018E-18 0.12240663417415958 8.673617379884035E-18 -1.0842021724855044E-19 -1.0842021724855044E-18 -6.071532165918825E-18 0.1379596626731886 0.163964610801629
 1.100000 1.3877787807814457E-17 8.673617379884035E-19 0.1260485347732527 5.204170427930421E-18 -1.6263032587282567E-18 -1.1709383462843448E-17 0.0 0.14430411997353546 0.16984543054265822
 1.110000 8.153200337090993E-17 -3.903127820947816E-18 0.12980320957419178 1.0408340855860843E-17 -1.2197274440461925E-19 -9.974659986866641E-18 7.806255641895632E-18 0.1495180682837788 0.17489084863856558
 1.120000 1.0061396160665481E-16 8.673617379884035E-18 0.1329638377902985 0.0016903143298624933 -9.486769009248164E-19 8.673617379884035E-18 6.938893903907228E-18 0.15369943136646563 0.17914396890663264
 1.130000 -8.847089727481716E-17 5.637851296924623E-18 0.1358648856788775 0.0039037658379148486 -5.692061405548898E-19 1.214306433183765E-17 -3.469446951953614E-18 0.1566948778124579 0.1824697081561123
 1.140000 -9.367506770274758E-17 2.6020852139652106E-18 0.138150414680028 0.005845364732984571 -1.1655173354219173E-18 -9.75781955236954E-18 8.673617379884035E-18 0.15934704702211575 0.18565846412348824
 1.150000 -2.0816681711721685E-17 1.951563910473908E-18 0.1409441931817588 0.0074622279031205645 -5.149960319306146E-19 6.938893903907228E-18 3.469446951953614E-18 0.16334917103432656 0.19011065658567344
 1.160000 3.122502256758253E-17 4.7704895589362195E-18 0.14410772521976414 0.009530574594156956 -2.358139725155972E-18 4.3368086899420177E-19 1.1275702593849246E-17 0.16717148721622016 0.1944397029797249
 1.170000 -1.0755285551056204E-16 -2.168404344971009E-18 0.14780341462506502 0.012147618065079711 -6.776263578034403E-19 -4.3368086899420177E-19 6.071532165918825E-18 0.1707965878145914 0.19877001089815557
 1.180000 6.938893903907228E-18 -6.505213034913027E-19 0.1521434153418879 0.0154298678684845 1.328147661294743E-18 -4.336808689942018E-18 -1.0408340855860843E-17 0.17424025103601654 0.20314903722965127
 1.190000 -1.734723475976807E-17 -3.903127820947816E-18 0.15721493927947439 0.01950556830954786 1.111307226797642E-18 -1.0842021724855044E-17 -8.673617379884035E-19 0.17751421876475443 0.2076442147427012
 1.200000 -1.0408340855860843E-17 -8.673617379884035E-18 0.16306879008998718 0.024508802992702684 -7.318364664277155E-19 -1.3444106938820255E-17 -2.6020852139652106E-18 0.18065289811458765 0.21234380773298986
 1.210000 6.938893903907228E-17 6.071532165918825E-18 0.16805611059868783 0.029124198812463538 7.860465750519907E-19 2.6454533008646308E-17 4.336808689942018E-18 0.18400352534221442 0.21731039701666688
 1.220000 1.0755285551056204E-16 -6.071532165918825E-18 0.1732528993381038 0.034288825123256 -1.9786689647860456E-18 -1.2576745200831851E-17 2.688821387764051E-17 0.18741515049403062 0.22258701963583422
 1.230000 1.3877787807814457E-16 6.7220534694101275E-18 0.17889981182045941 0.04027191606641305 -1.2197274440461925E-18 -1.431146867680866E-17 6.843960135200283E-4 0.19092538838226747 0.2282724235436562
 1.240000 6.938893903907228E-18 1.5178830414797062E-18 0.1850242639866616 0.047214082682754566 -1.6805133673525319E-18 -1.8648277366750676E-17 0.0020069952387294374 0.19468987985199865 0.23453891558393894
 1.250000 -1.0061396160665481E-16 -3.0357660829594124E-18 0.19168313710682777 0.05539725825399669 0.0 -2.168404344971009E-17 0.003681031843592643 0.19879490035420128 0.2414721163324836
 1.260000 -1.214306433183765E-16 2.3852447794681098E-18 0.19884678033973596 0.06506529664036866 -1.2197274440461925E-18 4.380176776841438E-17 0.0057195454064998515 0.20332657308034013 0.24924571199106962
 1.270000 -2.0816681711721685E-17 1.1275702593849246E-17 0.20631188152809124 0.07632070960688381 1.2739375526704677E-18 4.5102810375396984E-17 0.008166996079079055 0.2085135513800238 0.2580943600370656
 1.280000 2.7755575615628914E-17 -6.7220534694101275E-18 0.21297922686404736 0.08799434849325996 2.520770051028798E-18 -1.431146867680866E-17 0.010690941133736896 0.21504792926322186 0.26832058778850254
 1.290000 -1.491862189340054E-16 2.8189256484623115E-18 0.21945001890502924 0.10147501866785312 -1.2468324983583301E-18 1.2576745200831851E-17 0.013905761275932634 0.22197176923857326 0.27933704295022554
 1.300000 -3.8163916471489756E-17 -1.2576745200831851E-17 0.2254542042200882 0.11689019375357919 7.589415207398531E-19 -1.3444106938820255E-17 0.018010948699122276 0.22940278720028337 0.29125947482563536
 1.310000 -2.5673907444456745E-16 1.8648277366750676E-17 0.23074349003688235 0.13438644743672223 6.5052130349130266E-18 1.431146867680866E-17 0.023240228942446095 0.23754912977822734 0.3042688846852167
 1.320000 1.491862189340054E-16 -1.1709383462843448E-17 0.23504546550929042 0.1540757612675533 4.87890977618477E-19 -6.548581121812447E-17 0.029799420535533985 0.24662528419561067 0.3185922157163341
 1.330000 -4.5102810375396984E-17 1.9081958235744878E-17 0.2381207634620947 0.17611088724591817 7.047314121155779E-19 -4.683753385137379E-17 0.03782067158194846 0.25675185888564844 0.33448745088548554
 1.340000 8.673617379884035E-17 5.637851296924623E-18 0.24015896088378916 0.20128889806528044 4.391018798566293E-18 -3.903127820947816E-18 0.0473929636437892 0.2679242005542937 0.35248313528717673
 1.350000 1.0408340855860843E-16 3.0357660829594124E-18 0.24104906157231265 0.2296997529370653 -2.168404344971009E-18 -3.122502256758253E-17 0.058016931120457686 0.2807532638683708 0.37373764288222794
 1.360000 -6.938893903907228E-17 2.6454533008646308E-17 0.24040413566492005 0.2608706364736424 9.269928574751063E-18 1.8214596497756474E-16 0.06897004939327359 0.29444011236578327 0.39800298614211904
 1.370000 2.0816681711721685E-17 3.469446951953614E-18 0.23837850846548408 0.2948751132290326 4.607859233063394E-18 -6.938893903907228E-18 0.07987950360652807 0.30829349324452643 0.42518982997591515
 1.380000 4.85722573273506E-17 -2.168404344971009E-17 0.23511218951509502 0.33153166375391635 1.0191500421363742E-17 4.423544863740858E-17 0.09063539504057513 0.32189589557957465 0.45519827465033946
 1.390000 3.677613769070831E-16 2.0383000842727483E-17 0.23080367324748433 0.37052475285055364 6.938893903907228E-18 1.8301332671555315E-16 0.1012073813219639 0.33496059982134097 0.4879248660007696
 1.400000 2.7755575615628914E-16 -9.540979117872439E-18 0.22570464700458662 0.4114964164689437 -1.2902005852577503E-17 -7.892991815694472E-17 0.11156075917576891 0.3472397620137133 0.5232321546909054
 1.410000 2.498001805406602E-16 3.7730235602495554E-17 0.22107022944074786 0.4591386736473431 8.565197162635485E-18 -1.5872719805187785E-16 0.12328050605347374 0.3588906672893344 0.5632211036308482
 1.420000 1.3877787807814457E-17 4.9439619065339E-17 0.21557160324586305 0.5127403001366384 8.782037597132586E-18 1.1188966420050406E-16 0.13583338514827376 0.370070869618364 0.6088877196764146
 1.430000 -1.5959455978986625E-16 0.0 0.20920127670202873 0.5706055722380154 -1.3444106938820255E-17 4.423544863740858E-17 0.14852047811857733 0.3784885437922114 0.6581407770366177
 1.440000 2.914335439641036E-16 1.1015494072452725E-16 0.2019995651170046 0.6304213609259172 9.86623976961809E-18 1.1015494072452725E-16 0.1600596131454642 0.38359970996179354 0.7098194266726177
 1.450000 -3.608224830031759E-16 5.724587470723463E-17 0.19426634810304666 0.6910765315892442 -2.3852447794681098E-18 -2.688821387764051E-17 0.16982711193931055 0.3843411698848241 0.7622887506752438
 1.460000 2.0816681711721685E-16 -4.9439619065339E-17 0.18661739719147521 0.7511204785127672 -2.0925101928970236E-17 -1.5612511283791264E-16 0.17808837547905934 0.3802941064029965 0.814096121121168
 1.470000 1.5959455978986625E-16 -1.1535911115245767E-16 0.17954334538933958 0.80905704494676 -2.5478751053409354E-17 -1.9168694409543718E-16 0.18519191576278218 0.3715797167486906 0.8637353693429938
 1.480000 -4.649058915617843E-16 -1.734723475976807E-17 0.17375788216419494 0.8714602902530563 4.954803928258755E-17 -6.245004513516506E-17 0.19293867479290536 0.35826624932840556 0.9144092420532757
 1.490000 -6.661338147750939E-16 1.0495077029659683E-16 0.16859640914515606 0.935350218405081 -1.5178830414797062E-17 -2.237793284010081E-16 0.20017373024265203 0.34229899608777276 0.9676310878893446
 1.500000 -1.942890293094024E-16 1.0148132334464322E-16 0.16511535152643514 1.0000000000000002 -1.3118846287074604E-17 2.914335439641036E-16 0.20684390750878634 0.32779005408710526 0.9999999999999999
 1.510000 5.551115123125783E-17 -7.025630077706069E-17 0.1834977933928473 1.0000000000000004 1.702197410802242E-17 -2.42861286636753E-17 0.2459076977687528 0.31177457299416267 0.9999999999999999
 1.520000 -3.400058012914542E-16 -9.367506770274758E-17 0.22036663239919665 0.9999999999999999 2.2768245622195593E-17 -1.6306400674181987E-16 0.30099456698153176 0.31994325239886523 1.0
 1.530000 -7.91033905045424E-16 1.6219664500383146E-16 0.2662579447690896 0.9999999999999998 2.992397996059992E-17 6.002143226879753E-16 0.3526815477036392 0.33383377757683685 0.9999999999999998
 1.540000 7.216449660063518E-16 -2.1163626406917047E-16 0.3168094985632517 1.0 -4.0766001685454967E-17 -2.5673907444456745E-16 0.39569947172827086 0.34303714382734457 0.9999999999999999
 1.550000 -4.718447854656915E-16 8.326672684688674E-17 0.3686034902311551 0.9999999999999998 4.96564594998361E-17 -1.3183898417423734E-16 0.42979649228056765 0.34488500986328835 1.0
 1.560000 5.204170427930421E-16 2.92300905702092E-16 0.4185071722713735 0.9999999999999997 -1.2902005852577503E-17 1.682681771697503E-16 0.4547341532293714 0.34248626151419687 0.9999999999999998
 1.570000 1.2351231148954867E-15 5.637851296924623E-17 0.46457826686045783 1.0000000000000007 -2.981555974335137E-17 -8.847089727481716E-17 0.4711425382390393 0.3370608666051062 1.0000000000000002
 1.580000 6.869504964868156E-16 -1.1275702593849246E-16 0.5062208955662073 1.0000000000000002 3.144186300207963E-18 -5.377642775528102E-17 0.479279943653241 0.3288319591172825 1.0000000000000002
 1.590000 1.97758476261356E-15 -2.42861286636753E-17 0.5431477392329285 1.0000000000000004 -9.75781955236954E-18 2.0990154059319366E-16 0.48134306969332286 0.31853906346534266 1.0
 1.600000 -2.0122792321330962E-16 -2.42861286636753E-17 0.5747383010346262 1.0000000000000002 6.385950795939621E-17 2.0816681711721685E-17 0.4805423013363534 0.30838082352099894 1.0
 1.610000 2.0122792321330962E-16 -1.0061396160665481E-16 0.6002240986338417 1.0000000000000002 -2.3960868011929648E-17 7.806255641895632E-17 0.4761606440672828 0.29751733379909273 1.0
 1.620000 -1.4641066137244252E-15 1.9168694409543718E-16 0.6190202558953095 1.0000000000000002 -1.940721888749053E-17 -1.8388068845354155E-16 0.4689824045013338 0.28605279970382347 0.9999999999999999
 1.630000 1.1587952819525071E-15 -1.5525775109992423E-16 0.6337348719752497 1.0 2.1250362580715887E-17 3.3306690738754696E-16 0.461737666899336 0.2752898624876091 0.9860821117450354
 1.640000 -9.575673587391975E-16 -1.0495077029659683E-16 0.6654281995998853 1.0 7.48099499014998E-18 -4.128641872824801E-16 0.4632811870227549 0.269609110988377 0.9485874019880266
 1.650000 4.718447854656915E-16 2.0816681711721685E-17 0.6955841943386404 0.9999999999999998 -1.0625181290357943E-17 -5.204170427930421E-18 0.4651180246271257 0.26622713522633734 0.9218494173733031
 1.660000 6.938893903907228E-17 -6.331740687315346E-17 0.7238250781705652 1.0 -8.673617379884035E-18 -8.847089727481716E-17 0.46642647754082667 0.26339007239567475 0.8978987171537488
 1.670000 -3.5388358909926865E-16 -5.724587470723463E-17 0.7505973487879948 0.9999999999999994 8.565197162635485E-18 2.0383000842727483E-16 0.4671462019515187 0.2606898474115083 0.8758262392691445
 1.680000 -1.186550857568136E-15 8.326672684688674E-17 0.7744486841233535 0.9999999999999998 -2.6020852139652106E-18 -1.2836953722228372E-16 0.4658989222801315 0.2573448055683674 0.8548579770337711
 1.690000 9.020562075079397E-17 -3.209238430557093E-17 0.7946235458232359 1.0 -3.469446951953614E-18 -6.245004513516506E-17 0.4624235832752827 0.25322898517229026 0.8362602097889058
 1.700000 -7.494005416219807E-16 6.938893903907228E-18 0.8106726772272174 0.9999999999999998 2.0599841277224584E-17 2.3418766925686896E-17 0.4570777451955044 0.2485329101926 0.8203666743256756
 1.710000 7.077671781985373E-16 -6.418476861114186E-17 0.8224473135379982 0.9999999999999997 2.3852447794681098E-17 3.1051550219984847E-16 0.4501965990853598 0.24340131573731466 0.8071443608491632
 1.720000 6.314393452555578E-16 1.6566609195578508E-16 0.8299232524932462 0.9999999999999997 9.86623976961809E-18 -5.898059818321144E-17 0.4421261457740191 0.23795703413806063 0.7966375709925394
 1.730000 4.2327252813834093E-16 -9.540979117872439E-17 0.833121287311493 0.9999999999999997 -1.555830117516699E-17 8.847089727481716E-17 0.43321883256186755 0.232269672079873 0.7889121355078272
 1.740000 1.3877787807814457E-17 -6.678685382510707E-17 0.8319256200176169 0.9999999999999996 -1.8973538018496328E-18 3.174543961037557E-16 0.42379601063985417 0.2264290892886408 0.7844686961116798
 1.750000 -5.551115123125783E-16 1.3877787807814457E-17 0.8250149292124759 0.9999999999999998 1.8973538018496328E-17 1.7954387976359953E-16 0.4135326425577254 0.2204083100732112 0.7844319136077876
 1.760000 1.4710455076283324E-15 -4.7704895589362195E-17 0.8127671923433907 0.9999999999999998 -2.7972416050126014E-17 3.0357660829594124E-17 0.40171691973130025 0.2143941172697901 0.7874960002770534
 1.770000 -6.38378239159465E-16 -6.938893903907228E-18 0.7958446717714214 0.9999999999999996 -1.463672932855431E-17 -2.654126918244515E-16 0.3888333813646382 0.20884986313543932 0.7924611633881443
 1.780000 5.551115123125783E-16 3.729655473350135E-17 0.7749931929879925 0.9999999999999996 2.7647155398380363E-17 3.209238430557093E-17 0.37540235459724974 0.2034879909366533 0.7985042465770154
 1.790000 9.506284648352903E-16 1.1449174941446927E-16 0.75104158541486 1.0000000000000002 6.342582709040201E-18 -8.326672684688674E-17 0.3612284451052133 0.19811437680242738 0.8050382371755153
 1.800000 2.0122792321330962E-16 1.474514954580286E-17 0.724700416782135 0.9999999999999997 8.185726402265558E-18 5.984795992119984E-17 0.3464544887090048 0.19274117052146483 0.8113880581901391
 1.810000 3.7470027081099033E-16 -1.0668549377257364E-16 0.6957821249955818 1.0 0.0 -9.020562075079397E-17 0.33098045478838056 0.18794334902459303 0.8197507446985762
 1.820000 -2.0816681711721685E-16 1.6479873021779667E-17 0.6623542036654941 1.0 -1.0570971181733668E-17 6.765421556309548E-17 0.3144309955569566 0.18372000456174487 0.831400591728926
 1.830000 -4.718447854656915E-16 -8.066464163292153E-17 0.6256481622890652 1.0000000000000004 -1.0516761073109393E-17 5.204170427930421E-17 0.29707995671599874 0.1800112297420236 0.8433172274738199
 1.840000 1.3183898417423734E-16 -3.903127820947816E-17 0.586923818126456 1.0 7.047314121155779E-18 3.9898639947466563E-17 0.2791891039481203 0.1770806597097919 0.8536527201259134
 1.850000 2.220446049250313E-16 5.2909066017292616E-17 0.5473298603349183 0.9999999999999998 -2.927345865710862E-18 -1.717376241217039E-16 0.26090932268054806 0.17527733153721442 0.8607231213977863
 1.860000 -9.367506770274758E-16 -8.673617379884035E-19 0.5079763976491692 0.9999999999999998 2.439454888092385E-18 6.591949208711867E-17 0.24235753847618297 0.17501069723509635 0.8627468090055207
 1.870000 1.1102230246251565E-16 -1.0321604682062002E-16 0.46995970303062357 1.0 4.4994390158148434E-18 -1.4311468676808659E-16 0.22363172154093244 0.1767286574400249 0.8580507813767535
 1.880000 -1.3877787807814457E-17 -3.2959746043559335E-17 0.44671410521214416 0.9577184410658818 -9.920449878242366E-18 -2.688821387764051E-17 0.21130473943023745 0.1786509244878275 0.843889845087358
 1.890000 -9.020562075079397E-17 -2.6020852139652106E-18 0.43989538041847576 0.9106706781901305 -2.439454888092385E-18 1.1535911115245767E-16 0.20555216966124804 0.1808539354435914 0.8169987542786297
 1.900000 4.2327252813834093E-16 -5.898059818321144E-17 0.4328137426019423 0.8633499185743795 -1.3552527156068805E-18 7.28583859910259E-17 0.19958475879385917 0.18334978908051972 0.7857314688542277
 1.910000 -2.5673907444456745E-16 4.7704895589362195E-17 0.4256964553405748 0.8159049934870647 0.0 1.214306433183765E-16 0.1927132411860591 0.18511725952334412 0.7518828148670087
 1.920000 -4.996003610813204E-16 -4.597017211338539E-17 0.41837802585772366 0.7685035411654542 2.439454888092385E-18 7.37257477290143E-17 0.18507091842811935 0.18575351024627829 0.7153626564719447
 1.930000 -3.3306690738754696E-16 9.540979117872439E-18 0.4107156181162464 0.7209868313920598 1.4094628242311558E-18 5.811323644522304E-17 0.1766632902020371 0.18498270417062773 0.6759348563059286
 1.940000 -1.3183898417423734E-16 2.862293735361732E-17 0.4024038932345983 0.6725251372613867 1.6263032587282567E-18 -3.5561831257524545E-17 0.16735813814670983 0.18282787971874795 0.6336348551539475
 1.950000 9.020562075079397E-17 -8.239936510889834E-18 0.39310745983271245 0.6222850917407501 -2.3310346708438345E-18 2.3418766925686896E-17 0.1571185327081841 0.17981025029343378 0.5894337571696421
 1.960000 -1.3877787807814457E-16 5.854691731421724E-17 0.3830880397223399 0.5726950002173599 6.505213034913027E-19 -3.0357660829594124E-17 0.1464702250238787 0.17555680404227414 0.5444728318966942
 1.970000 2.220446049250313E-16 -2.1250362580715887E-17 0.3724295484502693 0.5249027507709052 6.505213034913027E-19 -1.474514954580286E-17 0.13571956667439486 0.1702224124621381 0.5002066777806804
 1.980000 -1.5959455978986625E-16 2.42861286636753E-17 0.3612865780342843 0.4798491086078981 3.144186300207963E-18 -3.0357660829594124E-17 0.1251718610371815 0.16398966584726504 0.45778737500041283
 1.990000 2.2898349882893854E-16 1.3877787807814457E-17 0.34991507120035104 0.4382988507665253 5.149960319306146E-19 -1.6046192152785466E-17 0.1151057174666277 0.15706996641563714 0.4180752762117151
 2.000000 2.0816681711721685E-17 -1.734723475976807E-18 0.3386675355098444 0.40084338576511547 1.0570971181733668E-18 4.336808689942018E-18 0.1057639505671334 0.14971493865002114 0.3816876840220866
 2.010000 -2.42861286636753E-17 -1.3010426069826053E-17 0.3260364602260639 0.3654414180405765 -2.1684043449710089E-19 -4.3368086899420177E-19 0.09663750688382348 0.14135448133130138 0.3467358286697327
 2.020000 -6.938893903907228E-18 -1.3877787807814457E-17 0.3121172827883846 0.3314733432258435 1.6805133673525319E-18 1.734723475976807E-17 0.08754363716498823 0.13187719794199732 0.31243465808941373
 2.030000 -1.734723475976807E-16 1.2793585635328952E-17 0.2982071081351247 0.30008617174903734 -2.1684043449710089E-19 -6.5052130349130266E-18 0.0790208358537709 0.12276487928123547 0.2811705020620388
 2.040000 -6.591949208711867E-17 3.2526065174565133E-18 0.2846346372272868 0.27155448024240053 -3.7947076036992655E-19 1.0408340855860843E-17 0.07123338896470131 0.11446805026886321 0.25361095441798814
 2.050000 7.28583859910259E-17 1.951563910473908E-18 0.2716699619823015 0.2459880628707103 -1.6263032587282567E-19 -7.589415207398531E-18 0.06424862577338726 0.10724058143908011 0.229980180737597
 2.060000 2.42861286636753E-17 8.673617379884035E-19 0.25959105404240085 0.22338606948983653 2.439454888092385E-19 2.8189256484623115E-18 0.05810658696245489 0.10125049947836509 0.21030500516741485
 2.070000 -1.214306433183765E-16 -1.3010426069826053E-18 0.24864291437960412 0.2036691835650319 -4.743384504624082E-19 5.204170427930421E-18 0.05281793649889731 0.09655566092351503 0.19440035950683682
 2.080000 2.42861286636753E-17 -9.540979117872439E-18 0.23574736422016354 0.18573500188288963 -4.0657581468206416E-20 4.7704895589362195E-18 0.04775126196864374 0.08970416369538517 0.17681066529967868
 2.090000 -1.9081958235744878E-17 1.4094628242311558E-18 0.2237198951999885 0.1697357726160799 1.9651164376299768E-19 -5.854691731421724E-18 0.04312154908708947 0.08339439357304212 0.16122109706710713
 2.100000 -1.682681771697503E-16 3.7947076036992655E-18 0.2130183954293176 0.15537971207111254 -6.437450399132683E-19 6.5052130349130266E-18 0.039123326855833834 0.07857683472838807 0.14870805299208897
 2.110000 -1.734723475976807E-18 3.903127820947816E-18 0.20375206212455452 0.14254479052469599 -9.486769009248164E-20 -8.239936510889834E-18 0.03573312549538237 0.07534232506754046 0.1393412959477586
 2.120000 -3.2959746043559335E-17 -3.144186300207963E-18 0.1960180412095701 0.13110844805002836 -1.6263032587282567E-19 -6.5052130349130266E-18 0.03290265375160417 0.07377137396391066 0.1330981673874873
 2.130000 8.673617379884035E-18 1.951563910473908E-18 0.18994345259850162 0.12096668128407306 -4.0657581468206416E-20 3.2526065174565133E-18 0.03058182897557588 0.07396190885213078 0.12995522570234594
 2.140000 -1.2663481374630692E-16 -8.673617379884035E-19 0.18517491213335405 0.11214607060303486 -1.7618285302889447E-19 2.3852447794681098E-18 0.028724659385552444 0.07542847446206852 0.12900054059228136
 2.150000 1.734723475976807E-18 -7.26415455565288E-18 0.18017533395296415 0.10478350356007604 8.809142651444724E-20 1.951563910473908E-18 0.02708993236235013 0.07602160005172037 0.12727282957506006
 2.160000 3.122502256758253E-17 4.228388472693467E-18 0.17588578734147384 0.09827187130312186 -1.6263032587282567E-19 -6.505213034913027E-19 0.025640096926575956 0.07708024038489486 0.12651606416650077
 2.170000 -1.9081958235744878E-17 2.0599841277224584E-18 0.17217626505991673 0.09246042628086412 1.3552527156068805E-19 1.0842021724855044E-18 0.024370796480539973 0.07861245444932032 0.12657388163801764
 2.180000 2.949029909160572E-17 -5.854691731421724E-18 0.16894932206187288 0.0872310194605619 7.453889935837843E-20 -1.3010426069826053E-18 0.02324021305656371 0.08056814732094145 0.12732151844253156
 2.190000 -1.734723475976807E-18 8.673617379884035E-19 0.16613579996992628 0.082495404257231 2.710505431213761E-20 5.421010862427522E-18 0.02221926759875484 0.08292509000175499 0.12866470982652684
 2.200000 -5.898059818321144E-17 -4.7704895589362195E-18 0.16368334169955334 0.07817766920191557 7.453889935837843E-20 -7.37257477290143E-18 0.02128079161998174 0.08566751497758336 0.130538574788649
 2.210000 6.938893903907228E-17 -3.469446951953614E-18 0.1645811720113031 0.07508530940473114 6.098637220230962E-20 -2.168404344971009E-18 0.020707778831398644 0.09116060561008921 0.1359972356834838
 2.220000 1.0408340855860843E-17 5.095750210681871E-18 0.16593453028752378 0.07251360688025638 1.3552527156068805E-20 3.0357660829594124E-18 0.020320398688619255 0.0978690802325955 0.14241750200566577
 2.230000 4.85722573273506E-17 4.445228907190568E-18 0.16579598780141783 0.07048505822410123 3.3881317890172014E-20 9.75781955236954E-18 0.0198747597053571 0.1028547547375084 0.14689821096186148
 2.240000 3.469446951953614E-18 6.179952383167375E-18 0.16406912373380877 0.06856255610195613 -1.0164395367051604E-19 7.589415207398531E-18 0.019333716142417513 0.10598642650654487 0.14937969688046668
 2.250000 -5.204170427930421E-18 -4.662069341687669E-18 0.16051448154589468 0.0664276814344132 -6.776263578034403E-21 4.7704895589362195E-18 0.018643666777864342 0.10691613741381249 0.14948856172131894
 2.260000 1.734723475976807E-17 -7.047314121155779E-18 0.15484912539968887 0.0637738962441694 -1.6940658945086007E-19 -5.204170427930421E-18 0.017754262030069093 0.10528079197055232 0.14678611188725935
 2.270000 2.6020852139652106E-17 -2.3852447794681098E-18 0.14697019981632464 0.060383990582121586 -1.4230153513872246E-19 3.2526065174565133E-18 0.016627440018659595 0.10088634397507809 0.14102861095248054
 2.280000 -5.0306980803327406E-17 1.0842021724855044E-19 0.14395100771376063 0.05704348295209395 -2.710505431213761E-20 3.469446951953614E-18 0.01559923245367739 0.10181112213514346 0.1415345729105987
 2.290000 5.898059818321144E-17 3.2526065174565133E-18 0.139772478182839 0.053590413501237985 6.776263578034403E-20 5.637851296924623E-18 0.014604951580015483 0.10197847447589878 0.14055400754473887
 2.300000 2.42861286636753E-17 -3.0357660829594124E-18 0.13439685138582386 0.05044152055204827 -1.2874900798265365E-19 -1.5178830414797062E-18 0.013626010083808942 0.09985099373503797 0.13724081674044153
 2.310000 2.0816681711721685E-17 1.1167282376600696E-17 0.12785065770527568 0.04749623054121711 -8.809142651444724E-20 -6.071532165918825E-18 0.012703574893612029 0.09540842563883008 0.1315153504693672
 2.320000 8.673617379884035E-18 1.4094628242311558E-18 0.12004965920698941 0.0447147663784122 5.421010862427522E-20 8.673617379884035E-19 0.01182677746438032 0.08850343737185178 0.1231605643557345
 2.330000 -6.938893903907228E-18 -5.421010862427522E-19 0.11084960810136786 0.042109680216782845 -7.453889935837843E-20 4.9873299934333204E-18 0.010997623595469947 0.07902536583449493 0.1118864255095462
 2.340000 5.204170427930421E-18 -1.0842021724855044E-18 0.10054408034207671 0.03978182042317688 -9.825582188149884E-20 2.710505431213761E-18 0.01021303212279654 0.06743597248166461 0.09801951482594536
 2.350000 5.204170427930421E-18 3.415236843329339E-18 0.09099850932557255 0.03748213719852146 -1.7957098481791167E-19 -1.3010426069826053E-18 0.009406971789786821 0.05673704748575848 0.08487699274881022
 2.360000 -5.204170427930421E-17 1.0299920638612292E-18 0.08159357283020921 0.035172291172879795 1.2536087619363645E-19 1.3010426069826053E-18 0.008599532429862602 0.046735346137949975 0.07194570000317652
 2.370000 -1.474514954580286E-17 -2.1141942363467336E-18 0.07243553321365825 0.03297340748878371 5.421010862427522E-20 3.7947076036992655E-18 0.007810559281344101 0.03756575132134113 0.05941751490217248
 2.380000 1.3877787807814457E-17 -2.9002408113987244E-18 0.0636215281664295 0.030942144665316956 -1.3552527156068805E-20 -1.463672932855431E-18 0.007060084894802445 0.029390832763294256 0.04748561393451565
 2.390000 9.540979117872439E-18 -2.439454888092385E-18 0.05523118817292356 0.029084430970173505 6.945670167485263E-20 -6.505213034913027E-19 0.006355064001842873 0.02231936169281501 0.03633716825679769
 2.400000 -1.3010426069826053E-18 5.421010862427522E-19 0.04733601913930914 0.02736033041990622 -2.879912020664621E-20 -5.149960319306146E-19 0.005694964144154574 0.01640206694701767 0.026166032161383048
 2.410000 4.3368086899420177E-19 4.743384504624082E-20 0.037830594196990565 0.02700943833461595 2.0752307207730358E-20 9.0801931945661E-19 0.0052576478806558415 0.009255001171754335 0.011982085095295853
 2.420000 -3.6591823321385775E-18 -1.6940658945086007E-21 0.02691936759590299 0.029173414201922834 3.917527381051139E-21 -1.1180834903756764E-19 0.005032306156328508 0.0012960983077424818 2.1684043449710089E-19
 2.430000 0.024593079208458386 7.956687874219024E-4 0.01396836076286899 0.03826573806631124 5.0259327919502364E-5 0.0021873373154440916 0.00558243537705441 -5.421010862427522E-20 1.734723475976807E-18
 2.440000 0.07449705905764069 0.003244933823214051 -3.7608262858090935E-19 0.048919168798937346 1.4177222591868984E-4 0.006038979431691699 0.006330340848046026 2.656295322589486E-18 3.469446951953614E-18
 2.450000 0.11934118191909725 0.004826483681794818 7.318364664277155E-19 0.058824200828990834 1.9784551255559404E-4 0.008452083314526015 0.007140861403936182 5.421010862427522E-19 6.938893903907228E-18
 2.460000 0.0691879013809104 0.0034865298579324377 0.006080062284044681 0.07561642438603863 1.594401510703177E-4 0.006928676887336619 0.009207360407821297 2.7647155398380363E-18 6.938893903907228E-18
 2.470000 0.024684638361625537 0.003767140975328598 0.003569172175915913 0.07675624324373764 1.714890101962617E-4 0.007480215997372071 0.009056627409113414 1.5178830414797062E-18 -1.3877787807814457E-17
 2.480000 0.046209180114702784 0.004616825653358194 0.002564219846010714 0.08831567027264468 2.005536201278594E-4 0.008734549261483336 0.01010323717182979 6.993104012531504E-18 1.0408340855860843E-17
 2.490000 0.042293272295640914 0.0029884764396837563 0.012610404461246724 0.0856632927102305 1.449069199011219E-4 0.0063987863540317415 0.010132630104324197 2.8189256484623115E-18 -1.734723475976807E-18
 2.500000 0.04746452954951897 0.0033549709758860214 0.009440096892125152 0.08600326681139632 1.601021372098112E-4 0.0071327176643524405 0.010112363151501652 4.4994390158148434E-18 -3.469446951953614E-18
 2.510000 0.04840972857039345 0.004309243867010632 0.005943720630207277 0.09720076480081385 1.9386191472530633E-4 0.008612241887536646 0.010947856320788934 -1.8431436932253575E-18 -1.734723475976807E-18
 2.520000 0.05002644748084846 0.004032081253653951 0.00636191362144488 0.09593370604637967 1.8521787312162502E-4 0.008195332894520607 0.010696283798126167 3.74049749507499E-18 -1.214306433183765E-17
 2.530000 0.04860987350758406 0.0037248666544332856 0.006032412264158196 0.08976965015177513 1.7515161142026112E-4 0.00771988684231185 0.009913226319001123 5.421010862427522E-19 -3.469446951953614E-18
 2.540000 0.0458633947896244 0.0038248953580079462 0.00446366718336647 0.08630846866044002 1.7752618806213258E-4 0.007724905437210606 0.009234206711031706 -1.463672932855431E-18 -3.469446951953614E-18
 2.550000 0.04492549357084547 0.0037975079806942904 0.004157714739873065 0.08479430839899657 1.7720187058131387E-4 0.007613782558809498 0.008772059813611326 3.2526065174565133E-19 3.469446951953614E-18
 2.560000 0.043728414516122624 0.003630596518591656 0.003990235884373171 0.08121445131880352 1.7215742096945812E-4 0.007315288617825161 0.00816553261488336 -5.908901840045999E-18 -3.469446951953614E-18
 2.570000 0.04204528625182145 0.0035672352671055623 0.003589831993377736 0.0779808996844032 1.6998419758788397E-4 0.0071180549357943825 0.007592649023 5.773376568485311E-18 -3.469446951953614E-18
 2.580000 0.04029123738448343 0.0034788240106507465 0.003350942067988282 0.07455131752590403 1.6695983576733286E-4 0.006875219862866353 0.007021563060860541 -7.047314121155779E-19 -6.938893903907228E-18
 2.590000 0.03826454243790493 0.0033205356762252207 0.003287849375250328 0.07041060499111018 1.613662793466626E-4 0.006534237980918762 0.006424472278109551 3.767602549387128E-18 -1.0408340855860843E-17
 2.600000 0.03598124933874693 0.003154848799971313 0.003248928712684629 0.06596368858848412 1.550490948235911E-4 0.006167675118184251 0.005830063793489604 -1.0570971181733668E-18 -1.734723475976807E-18
 2.610000 0.032295293963032365 0.0028572645504541263 0.003109610310401518 0.058638730833765015 1.4212989461446354E-4 0.005545468020253623 0.005027093671888639 2.0328790734103208E-19 -5.204170427930421E-18
 2.620000 0.027639956111866322 0.002457119607442793 0.003006308141889095 0.04933207148700312 1.2376068679715031E-4 0.004737357748511868 0.004105227921659579 -3.9302328752599536E-19 -6.938893903907228E-18
 2.630000 0.023759535456231606 0.0021243626838674846 0.003085878826819986 0.04210687236389673 1.0841249052900334E-4 0.004079307794375315 0.003396178546773349 7.318364664277155E-19 6.071532165918825E-18
 2.640000 0.020701163136739673 0.0018582325130806255 0.0031841080580008057 0.03657039236117212 9.605370560670261E-5 0.003558932885305257 0.0028656581623428936 -9.486769009248164E-19 1.734723475976807E-18
 2.650000 0.01859416330235675 0.0016775089379465614 0.003350681743814664 0.0330052028122753 8.776639559980296E-5 0.0032081151933294697 0.002525294383331093 8.809142651444724E-20 1.734723475976807E-18
 2.660000 0.01757242779724938 0.0015967742698103314 0.003644011476731558 0.03163333174672941 8.451139372886038E-5 0.003051574490943133 0.0023746605225014586 3.1170812458958252E-19 0.0
 2.670000 0.017706491571180486 0.0016278946144521436 0.004108027323332816 0.032643042473752944 8.710087375729701E-5 0.003109040969317563 0.0024121560775461678 5.014435047745458E-19 0.0
 2.680000 0.016099343237644143 0.001503666554029291 0.004080919330250411 0.030378213368262495 8.141860736237726E-5 0.00287041601021905 0.002232381019331255 -3.3881317890172014E-21 0.0
 2.690000 0.013972210749044821 0.001323487094003606 0.003912115868446949 0.026800840217158683 7.247796933638922E-5 0.0025240811168151076 0.0019799774613997014 1.2536087619363645E-19 -3.469446951953614E-18
 2.700000 0.01208417210385744 0.0011636398927978263 0.003917913084772653 0.023993460298668758 6.470138100252807E-5 0.0022284970646051605 0.0017918146343152556 5.082197683525802E-20 -4.3368086899420177E-19
 2.710000 0.010349852019758398 0.001004536961604963 0.003850536254630379 0.02120056700377684 5.67473260330314E-5 0.001935535197113133 0.0016035460761490718 -1.5246593050577406E-20 3.0357660829594124E-18
 2.720000 0.00870874860089397 8.50212367924458E-4 0.00369226246964237 0.018417797996778926 4.878200092979419E-5 0.001650397116049691 0.0014142199203371485 -6.098637220230962E-20 0.0
 2.730000 0.0072063619211218035 7.051947269965564E-4 0.003466972621275648 0.01574153165075266 4.110999461296986E-5 0.0013816431149791392 0.0012292348271269891 1.3552527156068805E-20 4.3368086899420177E-19
 2.740000 0.005353356009137112 5.371178035041416E-4 0.003155633875667028 0.012719035211897047 3.2000957761476646E-5 0.0010714377107833516 0.0010169090687497486 -1.0503208545953324E-19 -1.0842021724855044E-18
 2.750000 0.0020201738743879163 2.5151013498755427E-4 0.002398782477517348 0.007490765162767976 1.5975632874979238E-5 5.388384273738505E-4 6.363597513024642E-4 -2.795208725939191E-20 1.0842021724855044E-18
 2.760000 -3.049318610115481E-19 2.286988957586611E-20 0.003151130682423991 0.004162915294452906 1.7999450129153882E-21 2.964615315390051E-20 4.611298128377084E-4 5.654969903647638E-4 -6.505213034913027E-19
 2.770000 1.0842021724855044E-19 -1.5246593050577406E-19 0.0066331536916022435 0.0038194825024040245 3.8116482626443515E-21 1.8973538018496328E-19 6.311381956538044E-4 0.0017152663106508482 0.003906918831636187
 2.780000 -1.6263032587282567E-18 -1.2874900798265365E-19 0.008141731309628293 0.003360177509950597 5.929230630780102E-21 -2.0328790734103208E-19 6.791575999584366E-4 0.002237160238917699 0.006889539607720005
 2.790000 1.734723475976807E-18 -1.0842021724855044E-19 0.008757894215151309 0.0028815126530011693 7.623296525288703E-21 6.776263578034403E-20 6.74650008094736E-4 0.0024827272925203414 0.008511019967564327
 2.800000 8.673617379884035E-19 -2.642742795433417E-19 0.008640069595556674 0.0026609356276223886 2.964615315390051E-21 1.6263032587282567E-19 6.508031099772253E-4 0.0024668024274579216 0.008579863390499392
 2.810000 8.673617379884035E-19 9.486769009248164E-20 0.008546768492398703 0.002709537405263515 -2.541098841762901E-21 5.149960319306146E-19 6.480287415680987E-4 0.0024224789111640826 0.008236099621099828
 2.820000 -2.4936649967166602E-18 3.7269449679189215E-19 0.009161191306219885 0.002669084288976836 5.929230630780102E-21 -2.846030702774449E-19 6.714145032825251E-4 0.0026243586018404254 0.009124283074237363
 2.830000 3.2526065174565133E-18 8.809142651444724E-20 0.009917750918598213 0.002651963493139288 4.658681209898652E-21 -6.776263578034403E-20 7.013889040193123E-4 0.0028724219960439322 0.010138045009565376
 2.840000 5.421010862427522E-18 -9.486769009248164E-20 0.01071328788508088 0.0026704320450871614 6.3527471044072525E-21 2.1684043449710089E-19 7.339532378445293E-4 0.0031310371924448883 0.011086737675080519
 2.850000 -8.673617379884035E-19 -2.710505431213761E-19 0.011548470203698417 0.0027516307898541787 1.4399560103323106E-20 -4.0657581468206416E-19 7.729940478997919E-4 0.003397926042819575 0.011917080109794665
 2.860000 3.903127820947816E-18 1.6263032587282567E-19 0.01240687955191262 0.0029072095169501173 3.3881317890172014E-21 -2.710505431213761E-19 8.204915224057929E-4 0.0036668292104323932 0.012579543355391309
 2.870000 -1.734723475976807E-18 1.3552527156068805E-19 0.013322346648041132 0.003176248301967634 3.3881317890172014E-21 -2.981555974335137E-19 8.83317594533788E-4 0.003940271136347389 0.01304407954250187
 2.880000 -1.734723475976807E-18 1.2197274440461925E-19 0.014165835574471014 0.003955273846940995 4.235164736271502E-21 1.8973538018496328E-19 0.0010033720132116993 0.004076788633010113 0.012358514780356747
 2.890000 -3.2526065174565133E-18 6.301925127571995E-19 0.014849405762898353 0.0047127515319418875 3.006966962752766E-20 -2.439454888092385E-19 0.0011196845558771712 0.004142939901716285 0.01145306131346213
 2.900000 2.3852447794681098E-18 -5.421010862427522E-20 0.015573206934668906 0.005267682461686511 4.235164736271502E-21 -6.098637220230962E-19 0.0012156222747205757 0.004250251749812127 0.010968118448135075
 2.910000 2.6020852139652106E-18 4.472333961502706E-19 0.016307968114984604 0.005544540433392406 -5.929230630780102E-21 -3.9302328752599536E-19 0.001277121892670337 0.004415482294087075 0.011009275495095797
 2.920000 -6.938893903907228E-18 4.0657581468206416E-19 0.017050380217605226 0.005510603508964841 1.6940658945086007E-20 -2.574980159653073E-19 0.0012957105186169376 0.004657261855947528 0.011637043237438215
 2.930000 -3.2526065174565133E-18 -3.7947076036992655E-19 0.017808979670168756 0.005143409459583923 1.2705494208814505E-20 -1.3552527156068805E-19 0.001264916736148895 0.004999346042126304 0.01290697176195589
 2.940000 4.3368086899420177E-19 4.743384504624082E-19 0.018656159248851112 0.004536572921191672 5.082197683525802E-21 -6.776263578034403E-19 0.0011967729512069398 0.00545757425987406 0.014732110977109634
 2.950000 2.6020852139652106E-18 -2.0328790734103208E-19 0.019568962093058917 0.004195427937869237 1.1011428314305904E-20 -1.8973538018496328E-19 0.001163896305839258 0.005873553309619907 0.016088382300697996
 2.960000 -3.0357660829594124E-18 5.963111948670274E-19 0.02039216297426232 0.00398598257591455 -3.049318610115481E-20 3.2526065174565133E-19 0.0011440120390186763 0.006221977085458921 0.017064671691493647
 2.970000 -5.854691731421724E-18 1.8973538018496328E-19 0.021193857348706494 0.003911422929713797 0.0 2.981555974335137E-19 0.001140886707986144 0.006515041975616876 0.017743350982144444
 2.980000 1.734723475976807E-18 -3.5236570605778894E-19 0.021966324215255222 0.003962612892110852 -1.5246593050577406E-20 -4.607859233063394E-19 0.0011547087453954376 0.006742610370653804 0.018135412884228437
 2.990000 -4.553649124439119E-18 4.3368086899420177E-19 0.02270999814571234 0.004138377000802233 -3.3881317890172014E-21 4.607859233063394E-19 0.0011868330704267545 0.0068957912440926515 0.018245249831490104
 3.000000 -2.168404344971009E-18 -1.0842021724855044E-19 0.02342415712352828 0.004437554790358976 -5.082197683525802E-21 1.0570971181733668E-18 0.001238553046396749 0.006968394214555072 0.018076117588698513
