0 5.422089e+009 1.0
Cubic 6 explicit
# t hyoid_xyz subglotticAirColumn_xyz
  0.0000000e+000  1.0000000e+002 -1.5000000e+002 -2.3300000e+002  1.0000000e+002 -1.1800000e+002 -2.7600000e+002
  1.6683350e-002  1.0000000e+002 -1.5000000e+002 -2.3300000e+002  1.0000000e+002 -1.1800000e+002 -2.7600000e+002
  3.3366700e-002  1.0000000e+002 -1.5000000e+002 -2.3300000e+002  1.0000000e+002 -1.1800000e+002 -2.7600000e+002
  5.0050050e-002  1.0000000e+002 -1.5000000e+002 -2.3300000e+002  1.0000000e+002 -1.1800000e+002 -2.7600000e+002
  6.6733400e-002  1.0000000e+002 -1.5000000e+002 -2.3300000e+002  1.0000000e+002 -1.1800000e+002 -2.7600000e+002
  8.3416750e-002  1.0000000e+002 -1.5000000e+002 -2.3300000e+002  1.0000000e+002 -1.1800000e+002 -2.7600000e+002
  1.0010010e-001  1.0000000e+002 -1.5000000e+002 -2.3300000e+002  1.0000000e+002 -1.1800000e+002 -2.7600000e+002
  1.1678345e-001  1.0000000e+002 -1.5000000e+002 -2.3300000e+002  1.0000000e+002 -1.1800000e+002 -2.7600000e+002
  1.3346680e-001  1.0000000e+002 -1.5000000e+002 -2.3300000e+002  1.0000000e+002 -1.1800000e+002 -2.7600000e+002
  1.5015015e-001  1.0000000e+002 -1.5000000e+002 -2.3300000e+002  1.0000000e+002 -1.1800000e+002 -2.7600000e+002
  1.6683350e-001  1.0000000e+002 -1.5000000e+002 -2.3300000e+002  1.0000000e+002 -1.1800000e+002 -2.7600000e+002
  1.8351685e-001  1.0000000e+002 -1.5000000e+002 -2.3300000e+002  1.0000000e+002 -1.1800000e+002 -2.7600000e+002
  2.0020020e-001  1.0000000e+002 -1.5000000e+002 -2.3300000e+002  1.0000000e+002 -1.1800000e+002 -2.7600000e+002
  2.1688355e-001  1.0000000e+002 -1.5000000e+002 -2.3300000e+002  1.0000000e+002 -1.1800000e+002 -2.7600000e+002
  2.3356690e-001  1.0000000e+002 -1.5000000e+002 -2.3300000e+002  1.0000000e+002 -1.1800000e+002 -2.7600000e+002
  2.5025025e-001  1.0000000e+002 -1.5000000e+002 -2.3300000e+002  1.0000000e+002 -1.1800000e+002 -2.7600000e+002
  2.6693360e-001  1.0000000e+002 -1.5000000e+002 -2.3300000e+002  1.0000000e+002 -1.1800000e+002 -2.7600000e+002
  2.8361695e-001  1.0000000e+002 -1.5000000e+002 -2.3300000e+002  1.0000000e+002 -1.1800000e+002 -2.7600000e+002
  3.0030030e-001  1.0000000e+002 -1.5000000e+002 -2.3300000e+002  1.0000000e+002 -1.1800000e+002 -2.7600000e+002
  3.1698365e-001  1.0000000e+002 -1.5000000e+002 -2.3300000e+002  1.0000000e+002 -1.1800000e+002 -2.7600000e+002
  3.3366700e-001  1.0000000e+002 -1.5000000e+002 -2.3300000e+002  1.0000000e+002 -1.1800000e+002 -2.7600000e+002
  3.5035035e-001  1.0000000e+002 -1.5000000e+002 -2.3300000e+002  1.0000000e+002 -1.1800000e+002 -2.7600000e+002
  3.6703370e-001  1.0000000e+002 -1.5000000e+002 -2.3300000e+002  1.0000000e+002 -1.1800000e+002 -2.7600000e+002
  3.8371705e-001  1.0000000e+002 -1.5000000e+002 -2.3300000e+002  1.0000000e+002 -1.1800000e+002 -2.7600000e+002
  4.0040040e-001  1.0000000e+002 -1.5000000e+002 -2.3300000e+002  1.0000000e+002 -1.1800000e+002 -2.7600000e+002
  4.1708375e-001  1.0000000e+002 -1.5000000e+002 -2.3300000e+002  1.0000000e+002 -1.1800000e+002 -2.7600000e+002
  4.3376710e-001  1.0000000e+002 -1.5000000e+002 -2.3300000e+002  1.0000000e+002 -1.1800000e+002 -2.7600000e+002
  4.5045045e-001  1.0000000e+002 -1.5000014e+002 -2.3300060e+002  1.0000000e+002 -1.1800000e+002 -2.7600000e+002
  4.6713380e-001  1.0000000e+002 -1.5000089e+002 -2.3300373e+002  1.0000000e+002 -1.1800000e+002 -2.7600000e+002
  4.8381715e-001  1.0000000e+002 -1.5000262e+002 -2.3301099e+002  1.0000000e+002 -1.1800000e+002 -2.7600000e+002
  5.0050050e-001  1.0000000e+002 -1.5000556e+002 -2.3302338e+002  1.0000000e+002 -1.1800000e+002 -2.7600000e+002
  5.1718385e-001  1.0000000e+002 -1.5000885e+002 -2.3303972e+002  1.0000000e+002 -1.1799934e+002 -2.7600017e+002
  5.3386720e-001  1.0000000e+002 -1.5000974e+002 -2.3305686e+002  1.0000000e+002 -1.1799585e+002 -2.7600109e+002
  5.5055055e-001  1.0000000e+002 -1.5000562e+002 -2.3307045e+002  1.0000000e+002 -1.1798801e+002 -2.7600377e+002
  5.6723390e-001  1.0000000e+002 -1.4999455e+002 -2.3307682e+002  1.0000000e+002 -1.1797545e+002 -2.7601034e+002
  5.8391725e-001  1.0000000e+002 -1.4997726e+002 -2.3307256e+002  1.0000000e+002 -1.1796021e+002 -2.7602128e+002
  6.0060060e-001  1.0000000e+002 -1.4995757e+002 -2.3305608e+002  1.0000000e+002 -1.1794651e+002 -2.7603452e+002
  6.1728395e-001  1.0000000e+002 -1.4993976e+002 -2.3302408e+002  1.0000000e+002 -1.1793919e+002 -2.7604684e+002
  6.3396730e-001  1.0000000e+002 -1.4992624e+002 -2.3297101e+002  1.0000000e+002 -1.1794183e+002 -2.7605597e+002
  6.5065065e-001  1.0000000e+002 -1.4991924e+002 -2.3289126e+002  1.0000000e+002 -1.1795754e+002 -2.7605888e+002
  6.6733400e-001  1.0000000e+002 -1.4992186e+002 -2.3278231e+002  1.0000000e+002 -1.1798908e+002 -2.7605136e+002
  6.8401735e-001  1.0000000e+002 -1.4993681e+002 -2.3264169e+002  1.0000000e+002 -1.1803855e+002 -2.7602883e+002
  7.0070070e-001  1.0000000e+002 -1.4996546e+002 -2.3246603e+002  1.0000000e+002 -1.1810696e+002 -2.7598735e+002
  7.1738405e-001  1.0000000e+002 -1.5000772e+002 -2.3225214e+002  1.0000000e+002 -1.1819426e+002 -2.7592500e+002
  7.3406740e-001  1.0000000e+002 -1.5006229e+002 -2.3199867e+002  1.0000000e+002 -1.1829946e+002 -2.7584301e+002
  7.5075075e-001  1.0000000e+002 -1.5012743e+002 -2.3170833e+002  1.0000000e+002 -1.1842033e+002 -2.7574344e+002
  7.6743410e-001  1.0000000e+002 -1.5020175e+002 -2.3138994e+002  1.0000000e+002 -1.1855348e+002 -2.7562793e+002
  7.8411745e-001  1.0000000e+002 -1.5028333e+002 -2.3105341e+002  1.0000000e+002 -1.1869493e+002 -2.7549887e+002
  8.0080080e-001  1.0000000e+002 -1.5036917e+002 -2.3070697e+002  1.0000000e+002 -1.1884062e+002 -2.7536133e+002
  8.1748415e-001  1.0000000e+002 -1.5045619e+002 -2.3035793e+002  1.0000000e+002 -1.1898497e+002 -2.7521911e+002
  8.3416750e-001  1.0000000e+002 -1.5054267e+002 -2.3001484e+002  1.0000000e+002 -1.1911989e+002 -2.7507373e+002
  8.5085085e-001  1.0000000e+002 -1.5062522e+002 -2.2968335e+002  1.0000000e+002 -1.1923797e+002 -2.7492448e+002
  8.6753420e-001  1.0000000e+002 -1.5069800e+002 -2.2936504e+002  1.0000000e+002 -1.1933433e+002 -2.7476939e+002
  8.8421755e-001  1.0000000e+002 -1.5075400e+002 -2.2905888e+002  1.0000000e+002 -1.1940716e+002 -2.7460654e+002
  9.0090090e-001  1.0000000e+002 -1.5078658e+002 -2.2876342e+002  1.0000000e+002 -1.1945720e+002 -2.7443524e+002
  9.1758425e-001  1.0000000e+002 -1.5079078e+002 -2.2847693e+002  1.0000000e+002 -1.1948727e+002 -2.7425638e+002
  9.3426760e-001  1.0000000e+002 -1.5076473e+002 -2.2819916e+002  1.0000000e+002 -1.1950182e+002 -2.7407193e+002
  9.5095095e-001  1.0000000e+002 -1.5070999e+002 -2.2793136e+002  1.0000000e+002 -1.1950630e+002 -2.7388430e+002
  9.6763430e-001  1.0000000e+002 -1.5063130e+002 -2.2767669e+002  1.0000000e+002 -1.1950648e+002 -2.7369566e+002
  9.8431765e-001  1.0000000e+002 -1.5053387e+002 -2.2743551e+002  1.0000000e+002 -1.1950643e+002 -2.7350854e+002
  1.0010010e+000  1.0000000e+002 -1.5042132e+002 -2.2720639e+002  1.0000000e+002 -1.1950636e+002 -2.7332735e+002
  1.0176844e+000  1.0000000e+002 -1.5029569e+002 -2.2698179e+002  1.0000000e+002 -1.1950577e+002 -2.7315542e+002
  1.0343677e+000  1.0000000e+002 -1.5015872e+002 -2.2675036e+002  1.0000000e+002 -1.1950564e+002 -2.7299396e+002
  1.0510511e+000  1.0000000e+002 -1.5001245e+002 -2.2650023e+002  1.0000000e+002 -1.1950912e+002 -2.7284335e+002
  1.0677344e+000  1.0000000e+002 -1.4985703e+002 -2.2622204e+002  1.0000000e+002 -1.1951850e+002 -2.7270560e+002
  1.0844178e+000  1.0000000e+002 -1.4969634e+002 -2.2591195e+002  1.0000000e+002 -1.1953721e+002 -2.7258176e+002
  1.1011011e+000  1.0000000e+002 -1.4953888e+002 -2.2557529e+002  1.0000000e+002 -1.1956771e+002 -2.7247477e+002
  1.1177845e+000  1.0000000e+002 -1.4939248e+002 -2.2522059e+002  1.0000000e+002 -1.1961153e+002 -2.7238756e+002
  1.1344678e+000  1.0000000e+002 -1.4926137e+002 -2.2486078e+002  1.0000000e+002 -1.1966822e+002 -2.7232320e+002
  1.1511512e+000  1.0000000e+002 -1.4915064e+002 -2.2450780e+002  1.0000000e+002 -1.1974042e+002 -2.7227695e+002
  1.1678345e+000  1.0000000e+002 -1.4906417e+002 -2.2416974e+002  1.0000000e+002 -1.1983364e+002 -2.7223880e+002
  1.1845179e+000  1.0000000e+002 -1.4900760e+002 -2.2384386e+002  1.0000000e+002 -1.1995527e+002 -2.7219236e+002
  1.2012012e+000  1.0000000e+002 -1.4898939e+002 -2.2351988e+002  1.0000000e+002 -1.2011348e+002 -2.7211924e+002
  1.2178846e+000  1.0000000e+002 -1.4901503e+002 -2.2318712e+002  1.0000000e+002 -1.2031174e+002 -2.7200256e+002
  1.2345679e+000  1.0000000e+002 -1.4907965e+002 -2.2284140e+002  1.0000000e+002 -1.2054411e+002 -2.7183528e+002
  1.2512513e+000  1.0000000e+002 -1.4918126e+002 -2.2248207e+002  1.0000000e+002 -1.2080418e+002 -2.7160429e+002
  1.2679346e+000  1.0000000e+002 -1.4932573e+002 -2.2210966e+002  1.0000000e+002 -1.2108935e+002 -2.7128931e+002
  1.2846180e+000  1.0000000e+002 -1.4952246e+002 -2.2172328e+002  1.0000000e+002 -1.2140036e+002 -2.7086950e+002
  1.3013013e+000  1.0000000e+002 -1.4977895e+002 -2.2132453e+002  1.0000000e+002 -1.2173839e+002 -2.7032876e+002
  1.3179847e+000  1.0000000e+002 -1.5010393e+002 -2.2091770e+002  1.0000000e+002 -1.2210169e+002 -2.6965685e+002
  1.3346680e+000  1.0000000e+002 -1.5050530e+002 -2.2050683e+002  1.0000000e+002 -1.2248533e+002 -2.6885388e+002
  1.3513514e+000  1.0000000e+002 -1.5098367e+002 -2.2009099e+002  1.0000000e+002 -1.2288279e+002 -2.6793314e+002
  1.3680347e+000  1.0000000e+002 -1.5153110e+002 -2.1966708e+002  1.0000000e+002 -1.2328438e+002 -2.6692265e+002
  1.3847181e+000  1.0000000e+002 -1.5213687e+002 -2.1923329e+002  1.0000000e+002 -1.2368023e+002 -2.6585429e+002
  1.4014014e+000  1.0000000e+002 -1.5278953e+002 -2.1879037e+002  1.0000000e+002 -1.2406202e+002 -2.6475791e+002
  1.4180848e+000  1.0000000e+002 -1.5347752e+002 -2.1834282e+002  1.0000000e+002 -1.2442304e+002 -2.6366124e+002
  1.4347681e+000  1.0000000e+002 -1.5418899e+002 -2.1790058e+002  1.0000000e+002 -1.2475730e+002 -2.6259316e+002
  1.4514515e+000  1.0000000e+002 -1.5491215e+002 -2.1747967e+002  1.0000000e+002 -1.2506181e+002 -2.6157634e+002
  1.4681348e+000  1.0000000e+002 -1.5563577e+002 -2.1710071e+002  1.0000000e+002 -1.2533735e+002 -2.6062514e+002
  1.4848182e+000  1.0000000e+002 -1.5634856e+002 -2.1678187e+002  1.0000000e+002 -1.2558725e+002 -2.5974708e+002
  1.5015015e+000  1.0000000e+002 -1.5703872e+002 -2.1653534e+002  1.0000000e+002 -1.2581592e+002 -2.5894621e+002
  1.5181849e+000  1.0000000e+002 -1.5769411e+002 -2.1636424e+002  1.0000000e+002 -1.2603021e+002 -2.5822224e+002
  1.5348682e+000  1.0000000e+002 -1.5830269e+002 -2.1626483e+002  1.0000000e+002 -1.2623577e+002 -2.5757305e+002
  1.5515516e+000  1.0000000e+002 -1.5885128e+002 -2.1622940e+002  1.0000000e+002 -1.2643417e+002 -2.5699650e+002
  1.5682349e+000  1.0000000e+002 -1.5932751e+002 -2.1624927e+002  1.0000000e+002 -1.2662315e+002 -2.5648982e+002
  1.5849183e+000  1.0000000e+002 -1.5972601e+002 -2.1631798e+002  1.0000000e+002 -1.2679961e+002 -2.5604734e+002
  1.6016016e+000  1.0000000e+002 -1.6004713e+002 -2.1643102e+002  1.0000000e+002 -1.2695922e+002 -2.5566108e+002
  1.6182850e+000  1.0000000e+002 -1.6029276e+002 -2.1658234e+002  1.0000000e+002 -1.2709890e+002 -2.5531893e+002
  1.6349683e+000  1.0000000e+002 -1.6046750e+002 -2.1676380e+002  1.0000000e+002 -1.2721765e+002 -2.5500822e+002
  1.6516517e+000  1.0000000e+002 -1.6058000e+002 -2.1696413e+002  1.0000000e+002 -1.2732016e+002 -2.5471426e+002
  1.6683350e+000  1.0000000e+002 -1.6064099e+002 -2.1717098e+002  1.0000000e+002 -1.2741388e+002 -2.5442661e+002
  1.6850184e+000  1.0000000e+002 -1.6066064e+002 -2.1737386e+002  1.0000000e+002 -1.2750628e+002 -2.5413967e+002
  1.7017017e+000  1.0000000e+002 -1.6064157e+002 -2.1756801e+002  1.0000000e+002 -1.2760162e+002 -2.5385751e+002
  1.7183851e+000  1.0000000e+002 -1.6057803e+002 -2.1775443e+002  1.0000000e+002 -1.2769467e+002 -2.5359672e+002
  1.7350684e+000  1.0000000e+002 -1.6046507e+002 -2.1793521e+002  1.0000000e+002 -1.2777415e+002 -2.5338179e+002
  1.7517518e+000  1.0000000e+002 -1.6030706e+002 -2.1811082e+002  1.0000000e+002 -1.2783359e+002 -2.5322527e+002
  1.7684351e+000  1.0000000e+002 -1.6010894e+002 -2.1828348e+002  1.0000000e+002 -1.2786961e+002 -2.5313144e+002
  1.7851185e+000  1.0000000e+002 -1.5987198e+002 -2.1845705e+002  1.0000000e+002 -1.2788183e+002 -2.5309663e+002
  1.8018018e+000  1.0000000e+002 -1.5959744e+002 -2.1863356e+002  1.0000000e+002 -1.2787469e+002 -2.5310546e+002
  1.8184852e+000  1.0000000e+002 -1.5929235e+002 -2.1881412e+002  1.0000000e+002 -1.2785425e+002 -2.5313979e+002
  1.8351685e+000  1.0000000e+002 -1.5896635e+002 -2.1899869e+002  1.0000000e+002 -1.2782743e+002 -2.5318159e+002
  1.8518519e+000  1.0000000e+002 -1.5862629e+002 -2.1918983e+002  1.0000000e+002 -1.2779566e+002 -2.5322580e+002
  1.8685352e+000  1.0000000e+002 -1.5827767e+002 -2.1939187e+002  1.0000000e+002 -1.2775428e+002 -2.5327896e+002
  1.8852186e+000  1.0000000e+002 -1.5792524e+002 -2.1961179e+002  1.0000000e+002 -1.2769645e+002 -2.5335613e+002
  1.9019019e+000  1.0000000e+002 -1.5757038e+002 -2.1985636e+002  1.0000000e+002 -1.2761474e+002 -2.5348213e+002
  1.9185853e+000  1.0000000e+002 -1.5721210e+002 -2.2013291e+002  1.0000000e+002 -1.2750030e+002 -2.5368834e+002
  1.9352686e+000  1.0000000e+002 -1.5684938e+002 -2.2044707e+002  1.0000000e+002 -1.2734475e+002 -2.5400355e+002
  1.9519520e+000  1.0000000e+002 -1.5648305e+002 -2.2080212e+002  1.0000000e+002 -1.2714399e+002 -2.5444114e+002
  1.9686353e+000  1.0000000e+002 -1.5611632e+002 -2.2119653e+002  1.0000000e+002 -1.2689825e+002 -2.5499880e+002
  1.9853187e+000  1.0000000e+002 -1.5575531e+002 -2.2162305e+002  1.0000000e+002 -1.2661235e+002 -2.5566291e+002
  2.0020020e+000  1.0000000e+002 -1.5540950e+002 -2.2207011e+002  1.0000000e+002 -1.2629579e+002 -2.5641123e+002
  2.0186854e+000  1.0000000e+002 -1.5508781e+002 -2.2252707e+002  1.0000000e+002 -1.2596019e+002 -2.5721816e+002
  2.0353687e+000  1.0000000e+002 -1.5479722e+002 -2.2298601e+002  1.0000000e+002 -1.2561767e+002 -2.5805783e+002
  2.0520521e+000  1.0000000e+002 -1.5453835e+002 -2.2344056e+002  1.0000000e+002 -1.2527809e+002 -2.5890849e+002
  2.0687354e+000  1.0000000e+002 -1.5430664e+002 -2.2388434e+002  1.0000000e+002 -1.2494843e+002 -2.5975287e+002
  2.0854188e+000  1.0000000e+002 -1.5409539e+002 -2.2431010e+002  1.0000000e+002 -1.2463344e+002 -2.6057597e+002
  2.1021021e+000  1.0000000e+002 -1.5389845e+002 -2.2470875e+002  1.0000000e+002 -1.2433737e+002 -2.6136063e+002
  2.1187855e+000  1.0000000e+002 -1.5371138e+002 -2.2506883e+002  1.0000000e+002 -1.2406364e+002 -2.6209158e+002
  2.1354688e+000  1.0000000e+002 -1.5353372e+002 -2.2537648e+002  1.0000000e+002 -1.2381485e+002 -2.6275646e+002
  2.1521522e+000  1.0000000e+002 -1.5336533e+002 -2.2562189e+002  1.0000000e+002 -1.2359299e+002 -2.6334441e+002
  2.1688355e+000  1.0000000e+002 -1.5320597e+002 -2.2580090e+002  1.0000000e+002 -1.2339966e+002 -2.6384423e+002
  2.1855189e+000  1.0000000e+002 -1.5305310e+002 -2.2591452e+002  1.0000000e+002 -1.2323751e+002 -2.6424982e+002
  2.2022022e+000  1.0000000e+002 -1.5290380e+002 -2.2596327e+002  1.0000000e+002 -1.2310929e+002 -2.6456557e+002
  2.2188856e+000  1.0000000e+002 -1.5275813e+002 -2.2595159e+002  1.0000000e+002 -1.2301208e+002 -2.6481007e+002
  2.2355689e+000  1.0000000e+002 -1.5261676e+002 -2.2588837e+002  1.0000000e+002 -1.2293786e+002 -2.6500805e+002
  2.2522523e+000  1.0000000e+002 -1.5247742e+002 -2.2579583e+002  1.0000000e+002 -1.2287724e+002 -2.6518819e+002
  2.2689356e+000  1.0000000e+002 -1.5233860e+002 -2.2570505e+002  1.0000000e+002 -1.2282467e+002 -2.6537554e+002
  2.2856190e+000  1.0000000e+002 -1.5220242e+002 -2.2564718e+002  1.0000000e+002 -1.2277600e+002 -2.6558916e+002
  2.3023023e+000  1.0000000e+002 -1.5207570e+002 -2.2564678e+002  1.0000000e+002 -1.2272748e+002 -2.6584004e+002
  2.3189857e+000  1.0000000e+002 -1.5196804e+002 -2.2572307e+002  1.0000000e+002 -1.2267453e+002 -2.6613393e+002
  2.3356690e+000  1.0000000e+002 -1.5189076e+002 -2.2588710e+002  1.0000000e+002 -1.2261406e+002 -2.6646691e+002
  2.3523524e+000  1.0000000e+002 -1.5185102e+002 -2.2614280e+002  1.0000000e+002 -1.2254061e+002 -2.6683585e+002
  2.3690357e+000  1.0000000e+002 -1.5184996e+002 -2.2648398e+002  1.0000000e+002 -1.2244940e+002 -2.6723641e+002
  2.3857191e+000  1.0000000e+002 -1.5188151e+002 -2.2690072e+002  1.0000000e+002 -1.2233928e+002 -2.6766578e+002
  2.4024024e+000  1.0000000e+002 -1.5193609e+002 -2.2738152e+002  1.0000000e+002 -1.2221344e+002 -2.6811919e+002
  2.4190858e+000  1.0000000e+002 -1.5200371e+002 -2.2791528e+002  1.0000000e+002 -1.2207292e+002 -2.6859039e+002
  2.4357691e+000  1.0000000e+002 -1.5207497e+002 -2.2849042e+002  1.0000000e+002 -1.2191506e+002 -2.6907051e+002
  2.4524525e+000  1.0000000e+002 -1.5214200e+002 -2.2909396e+002  1.0000000e+002 -1.2173597e+002 -2.6955241e+002
  2.4691358e+000  1.0000000e+002 -1.5219925e+002 -2.2971048e+002  1.0000000e+002 -1.2153347e+002 -2.7003324e+002
  2.4858192e+000  1.0000000e+002 -1.5224475e+002 -2.3032299e+002  1.0000000e+002 -1.2130943e+002 -2.7051281e+002
  2.5025025e+000  1.0000000e+002 -1.5228037e+002 -2.3091397e+002  1.0000000e+002 -1.2107038e+002 -2.7099012e+002
  2.5191859e+000  1.0000000e+002 -1.5230700e+002 -2.3146663e+002  1.0000000e+002 -1.2082309e+002 -2.7146196e+002
  2.5358692e+000  1.0000000e+002 -1.5232332e+002 -2.3196571e+002  1.0000000e+002 -1.2057390e+002 -2.7192102e+002
  2.5525526e+000  1.0000000e+002 -1.5232458e+002 -2.3239788e+002  1.0000000e+002 -1.2032782e+002 -2.7235806e+002
  2.5692359e+000  1.0000000e+002 -1.5230566e+002 -2.3275422e+002  1.0000000e+002 -1.2008950e+002 -2.7276186e+002
  2.5859193e+000  1.0000000e+002 -1.5226383e+002 -2.3303206e+002  1.0000000e+002 -1.1986370e+002 -2.7312016e+002
  2.6026026e+000  1.0000000e+002 -1.5220052e+002 -2.3323548e+002  1.0000000e+002 -1.1965464e+002 -2.7342295e+002
  2.6192860e+000  1.0000000e+002 -1.5212164e+002 -2.3337449e+002  1.0000000e+002 -1.1946424e+002 -2.7366809e+002
  2.6359693e+000  1.0000000e+002 -1.5203583e+002 -2.3346340e+002  1.0000000e+002 -1.1929190e+002 -2.7385901e+002
  2.6526527e+000  1.0000000e+002 -1.5195112e+002 -2.3351939e+002  1.0000000e+002 -1.1913491e+002 -2.7400206e+002
  2.6693360e+000  1.0000000e+002 -1.5187346e+002 -2.3355646e+002  1.0000000e+002 -1.1898998e+002 -2.7410579e+002
  2.6860194e+000  1.0000000e+002 -1.5180538e+002 -2.3358035e+002  1.0000000e+002 -1.1885522e+002 -2.7418180e+002
  2.7027027e+000  1.0000000e+002 -1.5174568e+002 -2.3358925e+002  1.0000000e+002 -1.1872953e+002 -2.7423866e+002
  2.7193861e+000  1.0000000e+002 -1.5169132e+002 -2.3358143e+002  1.0000000e+002 -1.1861157e+002 -2.7427812e+002
  2.7360694e+000  1.0000000e+002 -1.5163798e+002 -2.3355538e+002  1.0000000e+002 -1.1850181e+002 -2.7429649e+002
  2.7527528e+000  1.0000000e+002 -1.5158269e+002 -2.3351577e+002  1.0000000e+002 -1.1840347e+002 -2.7429147e+002
  2.7694361e+000  1.0000000e+002 -1.5152472e+002 -2.3346955e+002  1.0000000e+002 -1.1832080e+002 -2.7426256e+002
  2.7861195e+000  1.0000000e+002 -1.5146608e+002 -2.3342305e+002  1.0000000e+002 -1.1825390e+002 -2.7421509e+002
  2.8028028e+000  1.0000000e+002 -1.5141109e+002 -2.3338146e+002  1.0000000e+002 -1.1820115e+002 -2.7415713e+002
  2.8194862e+000  1.0000000e+002 -1.5136440e+002 -2.3334961e+002  1.0000000e+002 -1.1816125e+002 -2.7409675e+002
  2.8361695e+000  1.0000000e+002 -1.5132989e+002 -2.3332956e+002  1.0000000e+002 -1.1813311e+002 -2.7404172e+002
  2.8528529e+000  1.0000000e+002 -1.5130841e+002 -2.3331952e+002  1.0000000e+002 -1.1811502e+002 -2.7400022e+002
  2.8695362e+000  1.0000000e+002 -1.5129866e+002 -2.3331544e+002  1.0000000e+002 -1.1810609e+002 -2.7397546e+002
  2.8862196e+000  1.0000000e+002 -1.5129876e+002 -2.3331548e+002  1.0000000e+002 -1.1810706e+002 -2.7396056e+002
  2.9029029e+000  1.0000000e+002 -1.5130594e+002 -2.3331849e+002  1.0000000e+002 -1.1811789e+002 -2.7394645e+002
  2.9195863e+000  1.0000000e+002 -1.5131666e+002 -2.3332296e+002  1.0000000e+002 -1.1813413e+002 -2.7392865e+002
  2.9362696e+000  1.0000000e+002 -1.5132724e+002 -2.3332738e+002  1.0000000e+002 -1.1814982e+002 -2.7390865e+002
  2.9529530e+000  1.0000000e+002 -1.5133486e+002 -2.3333056e+002  1.0000000e+002 -1.1816124e+002 -2.7389679e+002
  2.9696363e+000  1.0000000e+002 -1.5133845e+002 -2.3333206e+002  1.0000000e+002 -1.1816706e+002 -2.7390539e+002
  2.9863197e+000  1.0000000e+002 -1.5133913e+002 -2.3333235e+002  1.0000000e+002 -1.1816789e+002 -2.7394261e+002
  3.0030030e+000  1.0000000e+002 -1.5133985e+002 -2.3333281e+002  1.0000000e+002 -1.1816542e+002 -2.7401184e+002
  3.0196864e+000  1.0000000e+002 -1.5134377e+002 -2.3333582e+002  1.0000000e+002 -1.1815959e+002 -2.7411131e+002
  3.0363697e+000  1.0000000e+002 -1.5135255e+002 -2.3334408e+002  1.0000000e+002 -1.1814983e+002 -2.7423583e+002
  3.0530531e+000  1.0000000e+002 -1.5136543e+002 -2.3335846e+002  1.0000000e+002 -1.1813592e+002 -2.7437857e+002
  3.0697364e+000  1.0000000e+002 -1.5137968e+002 -2.3337807e+002  1.0000000e+002 -1.1811797e+002 -2.7453231e+002
  3.0864198e+000  1.0000000e+002 -1.5139063e+002 -2.3339966e+002  1.0000000e+002 -1.1809642e+002 -2.7469032e+002
  3.1031031e+000  1.0000000e+002 -1.5139214e+002 -2.3341913e+002  1.0000000e+002 -1.1807192e+002 -2.7484695e+002
  3.1197865e+000  1.0000000e+002 -1.5137954e+002 -2.3343141e+002  1.0000000e+002 -1.1804524e+002 -2.7499787e+002
  3.1364698e+000  1.0000000e+002 -1.5135140e+002 -2.3343256e+002  1.0000000e+002 -1.1801721e+002 -2.7513970e+002
  3.1531532e+000  1.0000000e+002 -1.5130856e+002 -2.3341676e+002  1.0000000e+002 -1.1798876e+002 -2.7526871e+002
  3.1698365e+000  1.0000000e+002 -1.5125304e+002 -2.3337597e+002  1.0000000e+002 -1.1796085e+002 -2.7538056e+002
  3.1865199e+000  1.0000000e+002 -1.5118740e+002 -2.3330172e+002  1.0000000e+002 -1.1793439e+002 -2.7547061e+002
  3.2032032e+000  1.0000000e+002 -1.5111430e+002 -2.3318707e+002  1.0000000e+002 -1.1791024e+002 -2.7553463e+002
  3.2198866e+000  1.0000000e+002 -1.5103627e+002 -2.3302807e+002  1.0000000e+002 -1.1788915e+002 -2.7556998e+002
  3.2365699e+000  1.0000000e+002 -1.5095551e+002 -2.3282435e+002  1.0000000e+002 -1.1787176e+002 -2.7557651e+002
  3.2532533e+000  1.0000000e+002 -1.5087393e+002 -2.3257904e+002  1.0000000e+002 -1.1785845e+002 -2.7555722e+002
  3.2699366e+000  1.0000000e+002 -1.5079320e+002 -2.3229817e+002  1.0000000e+002 -1.1784930e+002 -2.7551843e+002
  3.2866200e+000  1.0000000e+002 -1.5071528e+002 -2.3199016e+002  1.0000000e+002 -1.1784403e+002 -2.7546928e+002
  3.3033033e+000  1.0000000e+002 -1.5064258e+002 -2.3166523e+002  1.0000000e+002 -1.1784200e+002 -2.7542048e+002
  3.3199867e+000  1.0000000e+002 -1.5057776e+002 -2.3133446e+002  1.0000000e+002 -1.1784232e+002 -2.7538207e+002
  3.3366700e+000  1.0000000e+002 -1.5052355e+002 -2.3100914e+002  1.0000000e+002 -1.1784403e+002 -2.7536064e+002
  3.3533534e+000  1.0000000e+002 -1.5048224e+002 -2.3069993e+002  1.0000000e+002 -1.1784632e+002 -2.7535678e+002
  3.3700367e+000  1.0000000e+002 -1.5045497e+002 -2.3041639e+002  1.0000000e+002 -1.1784870e+002 -2.7536423e+002
  3.3867201e+000  1.0000000e+002 -1.5044128e+002 -2.3016633e+002  1.0000000e+002 -1.1785091e+002 -2.7537348e+002
  3.4034034e+000  1.0000000e+002 -1.5043913e+002 -2.2995572e+002  1.0000000e+002 -1.1785249e+002 -2.7538014e+002
  3.4200868e+000  1.0000000e+002 -1.5044504e+002 -2.2978807e+002  1.0000000e+002 -1.1785324e+002 -2.7538328e+002
  3.4367701e+000  1.0000000e+002 -1.5045457e+002 -2.2966389e+002  1.0000000e+002 -1.1785338e+002 -2.7538387e+002
  3.4534535e+000  1.0000000e+002 -1.5046317e+002 -2.2958062e+002  1.0000000e+002 -1.1785338e+002 -2.7538387e+002
  3.4701368e+000  1.0000000e+002 -1.5046739e+002 -2.2953310e+002  1.0000000e+002 -1.1785338e+002 -2.7538387e+002
  3.4868202e+000  1.0000000e+002 -1.5046611e+002 -2.2951459e+002  1.0000000e+002 -1.1785338e+002 -2.7538387e+002
  3.5035035e+000  1.0000000e+002 -1.5046113e+002 -2.2951812e+002  1.0000000e+002 -1.1785338e+002 -2.7538387e+002
  3.5201869e+000  1.0000000e+002 -1.5045606e+002 -2.2953707e+002  1.0000000e+002 -1.1785338e+002 -2.7538387e+002
  3.5368702e+000  1.0000000e+002 -1.5045304e+002 -2.2956416e+002  1.0000000e+002 -1.1785338e+002 -2.7538387e+002
  3.5535536e+000  1.0000000e+002 -1.5045279e+002 -2.2959169e+002  1.0000000e+002 -1.1785338e+002 -2.7538387e+002
  3.5702369e+000  1.0000000e+002 -1.5045490e+002 -2.2961406e+002  1.0000000e+002 -1.1785338e+002 -2.7538387e+002
  3.5869203e+000  1.0000000e+002 -1.5045763e+002 -2.2962811e+002  1.0000000e+002 -1.1785338e+002 -2.7538387e+002
  3.6036036e+000  1.0000000e+002 -1.5045913e+002 -2.2963439e+002  1.0000000e+002 -1.1785338e+002 -2.7538387e+002
  3.6202870e+000  1.0000000e+002 -1.5045941e+002 -2.2963558e+002  1.0000000e+002 -1.1785338e+002 -2.7538387e+002
  3.6369703e+000  1.0000000e+002 -1.5045941e+002 -2.2963558e+002  1.0000000e+002 -1.1785338e+002 -2.7538387e+002
  3.6536537e+000  1.0000000e+002 -1.5045941e+002 -2.2963558e+002  1.0000000e+002 -1.1785338e+002 -2.7538387e+002
  3.6703370e+000  1.0000000e+002 -1.5045941e+002 -2.2963558e+002  1.0000000e+002 -1.1785338e+002 -2.7538387e+002
  3.6870204e+000  1.0000000e+002 -1.5045941e+002 -2.2963558e+002  1.0000000e+002 -1.1785338e+002 -2.7538387e+002
  3.7037037e+000  1.0000000e+002 -1.5045941e+002 -2.2963558e+002  1.0000000e+002 -1.1785338e+002 -2.7538387e+002
  3.7203871e+000  1.0000000e+002 -1.5045941e+002 -2.2963558e+002  1.0000000e+002 -1.1785338e+002 -2.7538387e+002
  3.7370704e+000  1.0000000e+002 -1.5045941e+002 -2.2963558e+002  1.0000000e+002 -1.1785338e+002 -2.7538387e+002
  3.7537538e+000  1.0000000e+002 -1.5045941e+002 -2.2963558e+002  1.0000000e+002 -1.1785338e+002 -2.7538387e+002
  3.7704371e+000  1.0000000e+002 -1.5045941e+002 -2.2963558e+002  1.0000000e+002 -1.1785338e+002 -2.7538387e+002
  3.7871205e+000  1.0000000e+002 -1.5045941e+002 -2.2963558e+002  1.0000000e+002 -1.1785338e+002 -2.7538387e+002
  3.8038038e+000  1.0000000e+002 -1.5045941e+002 -2.2963558e+002  1.0000000e+002 -1.1785338e+002 -2.7538387e+002
  3.8204872e+000  1.0000000e+002 -1.5045941e+002 -2.2963558e+002  1.0000000e+002 -1.1785338e+002 -2.7538387e+002
  3.8371705e+000  1.0000000e+002 -1.5045941e+002 -2.2963558e+002  1.0000000e+002 -1.1785338e+002 -2.7538387e+002
  3.8538539e+000  1.0000000e+002 -1.5045941e+002 -2.2963558e+002  1.0000000e+002 -1.1785338e+002 -2.7538387e+002
  3.8705372e+000  1.0000000e+002 -1.5045941e+002 -2.2963558e+002  1.0000000e+002 -1.1785338e+002 -2.7538387e+002
  3.8872206e+000  1.0000000e+002 -1.5045941e+002 -2.2963558e+002  1.0000000e+002 -1.1785338e+002 -2.7538387e+002
  3.9039039e+000  1.0000000e+002 -1.5045941e+002 -2.2963558e+002  1.0000000e+002 -1.1785338e+002 -2.7538387e+002
  3.9205873e+000  1.0000000e+002 -1.5045941e+002 -2.2963558e+002  1.0000000e+002 -1.1785338e+002 -2.7538387e+002
  3.9372706e+000  1.0000000e+002 -1.5045941e+002 -2.2963558e+002  1.0000000e+002 -1.1785338e+002 -2.7538387e+002
  3.9539540e+000  1.0000000e+002 -1.5045941e+002 -2.2963558e+002  1.0000000e+002 -1.1785338e+002 -2.7538387e+002
  3.9706373e+000  1.0000000e+002 -1.5045941e+002 -2.2963558e+002  1.0000000e+002 -1.1785338e+002 -2.7538387e+002
  3.9873207e+000  1.0000000e+002 -1.5045941e+002 -2.2963558e+002  1.0000000e+002 -1.1785338e+002 -2.7538387e+002
  4.0040040e+000  1.0000000e+002 -1.5045941e+002 -2.2963558e+002  1.0000000e+002 -1.1785338e+002 -2.7538387e+002
  4.0206874e+000  1.0000000e+002 -1.5045941e+002 -2.2963558e+002  1.0000000e+002 -1.1785338e+002 -2.7538387e+002
  4.0373707e+000  1.0000000e+002 -1.5045941e+002 -2.2963558e+002  1.0000000e+002 -1.1785338e+002 -2.7538387e+002
  4.0540541e+000  1.0000000e+002 -1.5045941e+002 -2.2963558e+002  1.0000000e+002 -1.1785338e+002 -2.7538387e+002
  4.0707374e+000  1.0000000e+002 -1.5045941e+002 -2.2963558e+002  1.0000000e+002 -1.1785338e+002 -2.7538387e+002
  4.0874208e+000  1.0000000e+002 -1.5045941e+002 -2.2963558e+002  1.0000000e+002 -1.1785338e+002 -2.7538387e+002
  4.1041041e+000  1.0000000e+002 -1.5045941e+002 -2.2963558e+002  1.0000000e+002 -1.1785338e+002 -2.7538387e+002
  4.1207875e+000  1.0000000e+002 -1.5045927e+002 -2.2963498e+002  1.0000000e+002 -1.1785338e+002 -2.7538387e+002
  4.1374708e+000  1.0000000e+002 -1.5045852e+002 -2.2963185e+002  1.0000000e+002 -1.1785338e+002 -2.7538387e+002
  4.1541542e+000  1.0000000e+002 -1.5045694e+002 -2.2962519e+002  1.0000000e+002 -1.1785338e+002 -2.7538387e+002
  4.1708375e+000  1.0000000e+002 -1.5045474e+002 -2.2961593e+002  1.0000000e+002 -1.1785338e+002 -2.7538387e+002
  4.1875209e+000  1.0000000e+002 -1.5045236e+002 -2.2960597e+002  1.0000000e+002 -1.1785338e+002 -2.7538387e+002
  4.2042042e+000  1.0000000e+002 -1.5045012e+002 -2.2959654e+002  1.0000000e+002 -1.1785338e+002 -2.7538387e+002
  4.2208876e+000  1.0000000e+002 -1.5044852e+002 -2.2958980e+002  1.0000000e+002 -1.1785338e+002 -2.7538387e+002
  4.2375709e+000  1.0000000e+002 -1.5044834e+002 -2.2958907e+002  1.0000000e+002 -1.1785338e+002 -2.7538387e+002
  4.2542543e+000  1.0000000e+002 -1.5045038e+002 -2.2959764e+002  1.0000000e+002 -1.1785338e+002 -2.7538387e+002
  4.2709376e+000  1.0000000e+002 -1.5045501e+002 -2.2961706e+002  1.0000000e+002 -1.1785338e+002 -2.7538387e+002
  4.2876210e+000  1.0000000e+002 -1.5046257e+002 -2.2964884e+002  1.0000000e+002 -1.1785338e+002 -2.7538387e+002
  4.3043043e+000  1.0000000e+002 -1.5047354e+002 -2.2969494e+002  1.0000000e+002 -1.1785338e+002 -2.7538387e+002
  4.3209877e+000  1.0000000e+002 -1.5048841e+002 -2.2975743e+002  1.0000000e+002 -1.1785324e+002 -2.7538328e+002
  4.3376710e+000  1.0000000e+002 -1.5050754e+002 -2.2983784e+002  1.0000000e+002 -1.1785249e+002 -2.7538014e+002
  4.3543544e+000  1.0000000e+002 -1.5053107e+002 -2.2993669e+002  1.0000000e+002 -1.1785091e+002 -2.7537348e+002
  4.3710377e+000  1.0000000e+002 -1.5055881e+002 -2.3005326e+002  1.0000000e+002 -1.1784870e+002 -2.7536423e+002
  4.3877211e+000  1.0000000e+002 -1.5059028e+002 -2.3018553e+002  1.0000000e+002 -1.1784633e+002 -2.7535426e+002
  4.4044044e+000  1.0000000e+002 -1.5062454e+002 -2.3032948e+002  1.0000000e+002 -1.1784409e+002 -2.7534484e+002
  4.4210878e+000  1.0000000e+002 -1.5066002e+002 -2.3047860e+002  1.0000000e+002 -1.1784249e+002 -2.7533809e+002
  4.4377711e+000  1.0000000e+002 -1.5069529e+002 -2.3062681e+002  1.0000000e+002 -1.1784231e+002 -2.7533737e+002
  4.4544545e+000  1.0000000e+002 -1.5072932e+002 -2.3076982e+002  1.0000000e+002 -1.1784449e+002 -2.7534653e+002
  4.4711378e+000  1.0000000e+002 -1.5076135e+002 -2.3090440e+002  1.0000000e+002 -1.1784986e+002 -2.7536909e+002
  4.4878212e+000  1.0000000e+002 -1.5079058e+002 -2.3102725e+002  1.0000000e+002 -1.1785901e+002 -2.7540753e+002
  4.5045045e+000  1.0000000e+002 -1.5081672e+002 -2.3113707e+002  1.0000000e+002 -1.1787218e+002 -2.7546288e+002
  4.5211879e+000  1.0000000e+002 -1.5084007e+002 -2.3123519e+002  1.0000000e+002 -1.1788928e+002 -2.7553474e+002
  4.5378712e+000  1.0000000e+002 -1.5086138e+002 -2.3132477e+002  1.0000000e+002 -1.1790991e+002 -2.7562144e+002
  4.5545546e+000  1.0000000e+002 -1.5088163e+002 -2.3140982e+002  1.0000000e+002 -1.1793346e+002 -2.7572037e+002
  4.5712379e+000  1.0000000e+002 -1.5090174e+002 -2.3149436e+002  1.0000000e+002 -1.1795917e+002 -2.7582841e+002
  4.5879213e+000  1.0000000e+002 -1.5092248e+002 -2.3158149e+002  1.0000000e+002 -1.1798623e+002 -2.7594216e+002
  4.6046046e+000  1.0000000e+002 -1.5094420e+002 -2.3167277e+002  1.0000000e+002 -1.1801377e+002 -2.7605785e+002
  4.6212880e+000  1.0000000e+002 -1.5096687e+002 -2.3176803e+002  1.0000000e+002 -1.1804083e+002 -2.7617159e+002
  4.6379713e+000  1.0000000e+002 -1.5099024e+002 -2.3186624e+002  1.0000000e+002 -1.1806654e+002 -2.7627964e+002
  4.6546547e+000  1.0000000e+002 -1.5101434e+002 -2.3196754e+002  1.0000000e+002 -1.1809009e+002 -2.7637857e+002
  4.6713380e+000  1.0000000e+002 -1.5103917e+002 -2.3207186e+002  1.0000000e+002 -1.1811072e+002 -2.7646527e+002
  4.6880214e+000  1.0000000e+002 -1.5106433e+002 -2.3217758e+002  1.0000000e+002 -1.1812782e+002 -2.7653713e+002
  4.7047047e+000  1.0000000e+002 -1.5108919e+002 -2.3228207e+002  1.0000000e+002 -1.1814099e+002 -2.7659248e+002
  4.7213881e+000  1.0000000e+002 -1.5111332e+002 -2.3238346e+002  1.0000000e+002 -1.1815014e+002 -2.7663092e+002
  4.7380714e+000  1.0000000e+002 -1.5113612e+002 -2.3247925e+002  1.0000000e+002 -1.1815551e+002 -2.7665348e+002
  4.7547548e+000  1.0000000e+002 -1.5115661e+002 -2.3256535e+002  1.0000000e+002 -1.1815769e+002 -2.7666264e+002
  4.7714381e+000  1.0000000e+002 -1.5117371e+002 -2.3263721e+002  1.0000000e+002 -1.1815752e+002 -2.7666192e+002
  4.7881215e+000  1.0000000e+002 -1.5118688e+002 -2.3269257e+002  1.0000000e+002 -1.1815591e+002 -2.7665517e+002
  4.8048048e+000  1.0000000e+002 -1.5119603e+002 -2.3273100e+002  1.0000000e+002 -1.1815367e+002 -2.7664575e+002
  4.8214882e+000  1.0000000e+002 -1.5120140e+002 -2.3275357e+002  1.0000000e+002 -1.1815130e+002 -2.7663578e+002
  4.8381715e+000  1.0000000e+002 -1.5120358e+002 -2.3276273e+002  1.0000000e+002 -1.1814909e+002 -2.7662653e+002
  4.8548549e+000  1.0000000e+002 -1.5120340e+002 -2.3276200e+002  1.0000000e+002 -1.1814751e+002 -2.7661987e+002
  4.8715382e+000  1.0000000e+002 -1.5120180e+002 -2.3275526e+002  1.0000000e+002 -1.1814676e+002 -2.7661673e+002
  4.8882216e+000  1.0000000e+002 -1.5119956e+002 -2.3274583e+002  1.0000000e+002 -1.1814662e+002 -2.7661613e+002
  4.9049049e+000  1.0000000e+002 -1.5119718e+002 -2.3273587e+002  1.0000000e+002 -1.1814662e+002 -2.7661613e+002
  4.9215883e+000  1.0000000e+002 -1.5119498e+002 -2.3272661e+002  1.0000000e+002 -1.1814662e+002 -2.7661613e+002
  4.9382716e+000  1.0000000e+002 -1.5119340e+002 -2.3271995e+002  1.0000000e+002 -1.1814662e+002 -2.7661613e+002
  4.9549550e+000  1.0000000e+002 -1.5119265e+002 -2.3271682e+002  1.0000000e+002 -1.1814662e+002 -2.7661613e+002
  4.9716383e+000  1.0000000e+002 -1.5119251e+002 -2.3271622e+002  1.0000000e+002 -1.1814662e+002 -2.7661613e+002
  4.9883217e+000  1.0000000e+002 -1.5119251e+002 -2.3271622e+002  1.0000000e+002 -1.1814662e+002 -2.7661613e+002
  5.0050050e+000  1.0000000e+002 -1.5119251e+002 -2.3271622e+002  1.0000000e+002 -1.1814662e+002 -2.7661613e+002
  5.0216884e+000  1.0000000e+002 -1.5119251e+002 -2.3271622e+002  1.0000000e+002 -1.1814662e+002 -2.7661613e+002
  5.0383717e+000  1.0000000e+002 -1.5119251e+002 -2.3271622e+002  1.0000000e+002 -1.1814662e+002 -2.7661613e+002
  5.0550551e+000  1.0000000e+002 -1.5119251e+002 -2.3271622e+002  1.0000000e+002 -1.1814662e+002 -2.7661613e+002
  5.0717384e+000  1.0000000e+002 -1.5119251e+002 -2.3271622e+002  1.0000000e+002 -1.1814662e+002 -2.7661613e+002
  5.0884218e+000  1.0000000e+002 -1.5119251e+002 -2.3271622e+002  1.0000000e+002 -1.1814662e+002 -2.7661613e+002
  5.1051051e+000  1.0000000e+002 -1.5119251e+002 -2.3271622e+002  1.0000000e+002 -1.1814662e+002 -2.7661613e+002
  5.1217885e+000  1.0000000e+002 -1.5119251e+002 -2.3271622e+002  1.0000000e+002 -1.1814662e+002 -2.7661613e+002
  5.1384718e+000  1.0000000e+002 -1.5119251e+002 -2.3271622e+002  1.0000000e+002 -1.1814662e+002 -2.7661613e+002
  5.1551552e+000  1.0000000e+002 -1.5119251e+002 -2.3271622e+002  1.0000000e+002 -1.1814662e+002 -2.7661613e+002
  5.1718385e+000  1.0000000e+002 -1.5119251e+002 -2.3271622e+002  1.0000000e+002 -1.1814662e+002 -2.7661613e+002
  5.1885219e+000  1.0000000e+002 -1.5119251e+002 -2.3271622e+002  1.0000000e+002 -1.1814662e+002 -2.7661613e+002
  5.2052052e+000  1.0000000e+002 -1.5119251e+002 -2.3271622e+002  1.0000000e+002 -1.1814662e+002 -2.7661613e+002
  5.2218886e+000  1.0000000e+002 -1.5119251e+002 -2.3271622e+002  1.0000000e+002 -1.1814662e+002 -2.7661613e+002
  5.2385719e+000  1.0000000e+002 -1.5119251e+002 -2.3271622e+002  1.0000000e+002 -1.1814662e+002 -2.7661613e+002
  5.2552553e+000  1.0000000e+002 -1.5119251e+002 -2.3271622e+002  1.0000000e+002 -1.1814662e+002 -2.7661613e+002
  5.2719386e+000  1.0000000e+002 -1.5119251e+002 -2.3271622e+002  1.0000000e+002 -1.1814662e+002 -2.7661613e+002
  5.2886220e+000  1.0000000e+002 -1.5119251e+002 -2.3271622e+002  1.0000000e+002 -1.1814662e+002 -2.7661613e+002
  5.3053053e+000  1.0000000e+002 -1.5119251e+002 -2.3271622e+002  1.0000000e+002 -1.1814662e+002 -2.7661613e+002
  5.3219887e+000  1.0000000e+002 -1.5119251e+002 -2.3271622e+002  1.0000000e+002 -1.1814662e+002 -2.7661613e+002
  5.3386720e+000  1.0000000e+002 -1.5119251e+002 -2.3271622e+002  1.0000000e+002 -1.1814662e+002 -2.7661613e+002
  5.3553554e+000  1.0000000e+002 -1.5119251e+002 -2.3271622e+002  1.0000000e+002 -1.1814662e+002 -2.7661613e+002
  5.3720387e+000  1.0000000e+002 -1.5119251e+002 -2.3271622e+002  1.0000000e+002 -1.1814662e+002 -2.7661613e+002
  5.3887221e+000  1.0000000e+002 -1.5119251e+002 -2.3271622e+002  1.0000000e+002 -1.1814662e+002 -2.7661613e+002
  5.4054054e+000  1.0000000e+002 -1.5119251e+002 -2.3271622e+002  1.0000000e+002 -1.1814662e+002 -2.7661613e+002
  5.4220888e+000  1.0000000e+002 -1.5119251e+002 -2.3271622e+002  1.0000000e+002 -1.1814662e+002 -2.7661613e+002
