0.0 1.0 1.0
Linear 11 explicit
 0.000000 0.0 0.0 0.0 0.0 0.0 0.0 0.0 0.0 0.0 0.0 0.0
 0.010000 0.0052281043039527604 0.013079673004607717 0.005012280330112888 0.002413330058758253 8.385109968431625E-4 0.02459828897185296 6.172904713729988E-4 0.013885762134356596 -3.469446951953614E-18 0.002105079093424513 0.002870702309008508
 0.020000 0.009915568948489233 0.021199146277402887 0.010582680624796378 0.0033209239203833476 0.005124037304795961 0.04024305020337002 0.0015216152504249098 0.020972760461159628 1.3877787807814457E-17 0.0049910621261182245 0.005548500426717753
 0.030000 0.013604271034322747 0.03165808915226977 0.01633717419887537 0.005172303733692448 0.008308323941024046 0.06525508055654254 0.0024311175983549715 0.033893246140958566 -1.3877787807814457E-17 0.007783371541413668 0.008648499192186774
 0.040000 0.016513897900908712 0.04111224536674048 0.020419616707048796 0.006913012179163208 0.00813684228862733 0.09114059892351087 0.003243314476698197 0.04816592249250708 1.3877787807814457E-17 0.009576616510245411 0.011297041706927718
 0.050000 0.019409831658461146 0.049873218647678935 0.023237096550424358 0.008531437032043877 0.003807958179196132 0.11693135644064045 0.00394526021535448 0.0633093509109257 2.7755575615628914E-17 0.010612145246793471 0.01354088342813306
 0.060000 0.02268501148651666 0.059069574037605065 0.025536791958302343 0.010261278067968817 -6.938893903907228E-18 0.1441424444259361 0.004613311489409166 0.07985752057613738 -2.7755575615628914E-17 0.011340053089957017 0.015727513007582253
 0.070000 0.026604971077432378 0.06979300896081916 0.02750283889156703 0.012346610138023163 6.938893903907228E-18 0.17538951869933128 0.005327091585890674 0.09849526323665682 2.7755575615628914E-17 0.011900107784705079 0.018142250152520446
 0.080000 0.031341553680714965 0.08240880839280536 0.029289676599999218 0.014939791121026329 0.0 0.21031266230269263 0.0061177584902400856 0.1197787004021292 -2.7755575615628914E-17 0.012390315637247337 0.02092153425927034
 0.090000 0.03707509049737187 0.09690271952748747 0.030776386295183034 0.0180942669716286 0.0 0.24811569332208933 0.006992796532989069 0.14385418325932614 -2.7755575615628914E-17 0.012743300560837757 0.024051020605055977
 0.100000 0.043975212987511926 0.11306158065081236 0.031867792516282745 0.02177795714231239 2.7755575615628914E-17 0.28724010885128526 0.007953430927892637 0.1705069387699283 2.7755575615628914E-17 0.012920341150536509 0.027481435701686208
 0.110000 0.052237671481402334 0.1306537589215927 0.0325592927135442 0.025938839085203683 2.7755575615628914E-17 0.32630208378724496 0.009005437919805483 0.19934990915257042 8.326672684688674E-17 0.012920919293687425 0.031171499682738253
 0.120000 0.062061159424130485 0.1495074495571433 0.03292195745096642 0.030539901601205587 2.7755575615628914E-17 0.364411191699545 0.01016251549426361 0.23002278355331995 -5.551115123125783E-17 0.01277063156242371 0.03511054707049578
 0.130000 0.07364921766042941 0.16951089001620342 0.033055625184896145 0.035567020785752364 5.551115123125783E-17 0.40112558337126225 0.011443664411339224 0.26227602712528963 0.0 0.012494027559214894 0.039312142460118285
 0.140000 0.08720923549095988 0.1905648621329059 0.03305124094849963 0.04101801309179934 -1.3877787807814457E-17 0.436267687021972 0.012868809740195315 0.29594552830088316 4.163336342344337E-17 0.012102426485727583 0.04379814273574113
 0.150000 0.10294280041190028 0.21253500474793122 0.03297968883635869 0.046886822052923834 -5.551115123125783E-17 0.46977465976988636 0.014455202537104379 0.3308860915103364 6.245004513516506E-17 0.011598021901763301 0.04858481041007355
 0.160000 0.12102746298969229 0.2352289384986421 0.03289588103743473 0.05315357693805943 1.0755285551056204E-16 0.5016326732286679 0.016215126361737723 0.36692448700015295 -1.3877787807814457E-17 0.010983347387914984 0.0536761612156085
 0.170000 0.14159702895958537 0.2583995205638594 0.03284669532528681 0.0597828003577036 -1.3877787807814457E-17 0.5318585290125978 0.018154730874928356 0.4038447236991276 2.7755575615628914E-17 0.010267847828754364 0.059063968043887596
 0.180000 0.16472630737620325 0.28176300216515604 0.03287678351964535 0.06672680991296112 0.0 0.5604921229245132 0.02027374189601289 0.4413944335912662 -5.551115123125783E-17 0.00946908680625834 0.06473112052329826
 0.190000 0.1904225600896454 0.30502174540339555 0.03303068652917396 0.07393061816402138 1.1102230246251565E-16 0.5875874859803387 0.022565813657623543 0.4793002060220395 1.1102230246251565E-16 0.008609990723452227 0.07065533558370979
 0.200000 0.21862284158522619 0.3278860693194817 0.03335186182484312 0.08133608222487958 5.551115123125783E-17 0.6132037533516529 0.02501927798313409 0.5172847921941539 -1.1102230246251565E-16 0.0077148512277813025 0.07681175266668361
 0.210000 0.249195246214729 0.35009282719227564 0.03388004383471899 0.08888453612619918 -5.551115123125783E-17 0.6373989516552399 0.027618063097225656 0.5550824418091173 1.1102230246251565E-16 0.006806303293961216 0.08317421277021048
 0.220000 0.2819426076026554 0.3714193540131505 0.03464834130831235 0.09651804629033645 1.1102230246251565E-16 0.6602273420433122 0.030342629084628644 0.5924503102714984 0.0 0.005904153008121291 0.08971562003596145
 0.230000 0.31660849592256957 0.3916920247177979 0.035680983303887914 0.10417989194377775 1.1102230246251565E-16 0.6817395783565168 0.033170872720676925 0.6291752305201511 2.220446049250313E-16 0.0050256840371620815 0.09640791537543325
 0.240000 0.35288629483095524 0.4107894201706812 0.036992066790815126 0.11181498189478972 -2.220446049250313E-16 0.7019844656831377 0.03607903532379484 0.6650763821208252 0.0 0.004186490102788903 0.10322208010707767
 0.250000 0.39043197687956144 0.42864079147529394 0.03858530388876502 0.11937068770391496 -1.1102230246251565E-16 0.7210110820055529 0.03904265591824708 0.7000050897645895 -4.440892098500626E-16 0.0034010059024297545 0.11012836599931897
 0.260000 0.42888003314225287 0.44522091610640757 0.04045461806346928 0.1267981354548246 0.0 0.738870268869215 0.04203755053848136 0.7338429704061518 -2.220446049250313E-16 0.0026824121084129127 0.11709672153833905
 0.270000 0.46786066475052834 0.46054257134160437 0.042585374151355326 0.13405361892334555 -8.881784197001252E-16 0.7556149800629585 0.04504072085941778 0.7664992026858053 0.0 0.002042069254560963 0.12409724866583305
 0.280000 0.5070157056783244 0.4746478227347469 0.04495597952262287 0.14109968335950274 0.0 0.7712995379779957 0.048031063483362016 0.7979072481500582 4.440892098500626E-16 0.0014888517251364086 0.1311005216493204
 0.290000 0.5460111522360105 0.4875991934552196 0.047539581830198685 0.14790558646000806 2.220446049250313E-16 0.7859782407026298 0.05098978739660895 0.8280211613656826 0.0 0.0010286974178821962 0.1380776932213068
 0.300000 0.5846352676967421 0.49965149628140304 0.05026517266373487 0.15445443956563232 0.0 0.7996360999741976 0.053903183296866164 0.8568663652786705 -4.440892098500626E-16 6.470946731350624E-4 0.1449962993361158
 0.310000 0.622544652165449 0.5108060163995252 0.05312137771938463 0.1607079840116158 -2.220446049250313E-16 0.8123188399986045 0.05675169093319596 0.884443549752294 0.0 3.680242692266078E-4 0.15182175188070524
 0.320000 0.6588929081773371 0.5206534876443707 0.05611692337380525 0.16653549364216325 -2.220446049250313E-16 0.8241908411456089 0.059502837132995895 0.9107182869393582 0.0 3.0190180923506116E-4 0.15852769460355698
 0.330000 0.6940469391790729 0.5297041855181818 0.059222886941648234 0.17203584129375415 -2.220446049250313E-16 0.8353764186055042 0.06216835699847578 0.9355356503255792 0.0 3.6293516748825416E-4 0.1651160025832803
 0.340000 0.7279479538479845 0.537996253785267 0.062378489805715365 0.17723661314701578 -8.881784197001252E-16 0.8458636519670131 0.06474893122264808 0.959027483181629 0.0 4.995465240462682E-4 0.17155188125504228
 0.350000 0.7604624852134863 0.5455749935331508 0.06555196901290206 0.1821335244456228 0.0 0.8556368193402146 0.06723547365652852 0.9811900577862029 8.881784197001252E-16 6.938022356086648E-4 0.17779586428515293
 0.360000 0.7916054650307678 0.5526044800776337 0.06891420490738742 0.1866354425179586 0.0 0.8647071234464758 0.06960494459652825 0.9999999999999984 0.0 9.248687157837887E-4 0.1837905217097453
 0.370000 0.8222167353316956 0.5596753213207343 0.07393773538826531 0.19007618069256194 -4.440892098500626E-16 0.873168123796991 0.07175273709787447 0.9999999999999996 0.0 9.907946559759573E-4 0.18926068524440076
 0.380000 0.8497074364124968 0.5634301010979764 0.07783500575529301 0.19323471865421493 8.881784197001252E-16 0.8819903727480096 0.07381080181783936 0.9999999999999996 -1.7763568394002505E-15 2.616958165508887E-4 0.1937970430518421
 0.390000 0.8758607612091414 0.5666716736177553 0.08122625046187748 0.19597865026142713 4.440892098500626E-16 0.8910490609972554 0.07581090433499743 1.000000000000001 0.0 2.220446049250313E-16 0.19800145378956913
 0.400000 0.9001740511828618 0.569324499716218 0.08421750404775752 0.19833729715824266 8.881784197001252E-16 0.8996082064277366 0.07769492725037358 0.9999999999999998 -8.881784197001252E-16 0.0 0.20185506808457987
 0.410000 0.9224030011135396 0.5714158428639134 0.086871926038119 0.20041894422178208 -1.3322676295501878E-15 0.9074043790283137 0.0794209912531546 0.9999999999999996 8.881784197001252E-16 1.1102230246251565E-16 0.2053034153357851
 0.420000 0.9424970424452952 0.5730712695577148 0.08915137647912763 0.20223465506210658 0.0 0.9144267655544114 0.0809734868324167 1.0000000000000002 0.0 -2.220446049250313E-16 0.20833650057527597
 0.430000 0.960439628376089 0.5743612025717957 0.09107070554340124 0.20380385818936753 8.881784197001252E-16 0.9206820903448767 0.08234686150979781 0.9999999999999989 -8.881784197001252E-16 -3.3306690738754696E-16 0.2109658181032117
 0.440000 0.9762138283900086 0.5753280359742863 0.09265612907001675 0.20514512570933174 4.440892098500626E-16 0.9261674723858835 0.08354074525133157 0.9999999999999993 2.6645352591003757E-15 5.551115123125783E-16 0.21320648986263135
 0.450000 0.9897989152231075 0.5759970572215194 0.09392226387819491 0.20626799279313723 -1.3322676295501878E-15 0.9308762088717517 0.08455519811545442 0.9999999999999998 0.0 -4.440892098500626E-16 0.21506426543331214
 0.460000 1.0000000000000013 0.5764037564974182 0.094970015960258 0.20704545666264917 0.0 0.9347091465142641 0.08531608542000568 0.9999999999999989 0.0 -2.220446049250313E-16 0.21647257044769397
 0.470000 1.0 0.5768432139197628 0.09633153282526852 0.2067588782319416 -4.440892098500626E-16 0.9372445586754732 0.08539451242796042 1.000000000000001 -1.7763568394002505E-15 1.1102230246251565E-16 0.21708620190556305
 0.480000 0.9999999999999982 0.5780500614744766 0.09672346530373677 0.2067026416021478 0.0 0.9400283599214883 0.08539632866702307 1.0000000000000018 -8.881784197001252E-16 3.3306690738754696E-16 0.2175298623902302
 0.490000 1.0000000000000027 0.5786964702493884 0.09663359946923311 0.20665506252837762 4.440892098500626E-16 0.9420028526320046 0.08535718379802071 1.000000000000001 -8.881784197001252E-16 -8.881784197001252E-16 0.21770398947653602
 0.500000 1.0000000000000018 0.5786503628997843 0.09610705697987143 0.20659958432057612 -8.881784197001252E-16 0.9430455937904829 0.08529151615891384 0.9999999999999996 8.881784197001252E-16 0.0 0.21753653788506
 0.510000 0.9999999999999978 0.5779352904987608 0.09511549324436519 0.2064982980556196 4.440892098500626E-16 0.9431697147880087 0.08520158116285725 1.000000000000001 0.0 -4.440892098500626E-16 0.21697583736704562
 0.520000 0.9999999999999987 0.5765612760537607 0.09361820740428772 0.20633863262079588 8.881784197001252E-16 0.942426860460392 0.08507916519736164 1.0000000000000013 0.0 6.661338147750939E-16 0.21599889068336697
 0.530000 0.9999999999999996 0.5745371464051852 0.09160969197756685 0.20612451133661436 4.440892098500626E-16 0.9408642555244247 0.08491466940570264 1.0000000000000007 0.0 2.220446049250313E-16 0.21460938797044893
 0.540000 0.9999999999999991 0.5718757418716467 0.08911458823371365 0.20586811382350678 -1.7763568394002505E-15 0.9385116311022632 0.08470153646134781 1.0000000000000007 1.7763568394002505E-15 -5.551115123125783E-16 0.21282856401875483
 0.550000 0.9953841269919699 0.568686220382199 0.08658500482866849 0.2050750094315772 0.0 0.9350143804787909 0.08415029622582682 0.9999999999999996 -1.7763568394002505E-15 -1.1102230246251565E-16 0.210447735157822
 0.560000 0.9843441711327974 0.565634334074083 0.08399126465677043 0.20365995649596114 8.881784197001252E-16 0.9307067058596197 0.08313604834050697 0.9999999999999996 0.0 2.220446049250313E-16 0.20747641413193918
 0.570000 0.9697980686680938 0.5629479328658319 0.08102975353616948 0.20200024723135046 0.0 0.9260168540119627 0.08183795671865296 0.9999999999999998 0.0 3.3306690738754696E-16 0.20416359150223196
 0.580000 0.9529110291093001 0.5602262147293036 0.07781993619095573 0.20017429273574816 0.0 0.9206943010188173 0.08034958401681397 0.9999999999999989 8.881784197001252E-16 2.220446049250313E-16 0.2005928788890281
 0.590000 0.9339674818982417 0.5572861135034233 0.07447950372336187 0.19817871567513223 0.0 0.914567488556389 0.07871127256800009 1.0000000000000016 -8.881784197001252E-16 -4.440892098500626E-16 0.19677996966683642
 0.600000 0.9130521085711347 0.5540934956983439 0.07105606584860524 0.19599145647129257 -4.440892098500626E-16 0.9075844097761163 0.07694265063763378 0.9999999999999996 0.0 0.0 0.19272560712132325
 0.610000 0.890220903361203 0.550632969318968 0.06755560774830682 0.19359496659635012 4.440892098500626E-16 0.8997383503074476 0.0750519380213227 1.0000000000000002 0.0 -5.551115123125783E-16 0.18842965949131685
 0.620000 0.8655339127360153 0.5468823652935537 0.06397924370574204 0.19098114940012034 -4.440892098500626E-16 0.8910303046720467 0.07304233715169903 1.0000000000000004 0.0 0.0 0.18389777600315904
 0.630000 0.8390565372195473 0.5428163164035474 0.06033973133085624 0.1881490924869016 4.440892098500626E-16 0.8814541557827564 0.07091648774558035 0.9999999999999993 8.881784197001252E-16 6.661338147750939E-16 0.1791436110578064
 0.640000 0.8108579916523353 0.5384081230378279 0.056662306802335305 0.18510063821699996 -8.881784197001252E-16 0.8709920764559786 0.06867844058720268 0.9999999999999989 8.881784197001252E-16 4.440892098500626E-16 0.1741867514864679
 0.650000 0.7817460202783741 0.5342331946536945 0.0540673088364918 0.18135085833950026 -4.440892098500626E-16 0.8596069390348369 0.06626535295521985 0.9893761110423307 8.881784197001252E-16 0.0 0.16893626003056106
 0.660000 0.7505530539249072 0.528606694315597 0.05169729092199793 0.1767821948180015 8.881784197001252E-16 0.847928456536557 0.06371191445330204 0.9701552651857888 0.0 -3.3306690738754696E-16 0.1631046405819876
 0.670000 0.7172082677386422 0.5213054074047935 0.0489786748605443 0.17164796054777187 -4.440892098500626E-16 0.836376622278391 0.06108408607295385 0.9486748009326531 0.0 2.220446049250313E-16 0.15679968691570334
 0.680000 0.6823864798983648 0.5130968602009783 0.046274404173537675 0.16614448870343201 4.440892098500626E-16 0.8245587758655972 0.05838953776716582 0.9255624309515118 0.0 -2.220446049250313E-16 0.15026299466907744
 0.690000 0.6461180898529197 0.5040193002262027 0.04361840098656433 0.1603075146509585 0.0 0.8120165867296092 0.055612824950276585 0.9009597314394169 8.881784197001252E-16 -4.440892098500626E-16 0.14353351810167903
 0.700000 0.6080450069331564 0.4941228929147423 0.04080125701759929 0.1537552324889211 -4.440892098500626E-16 0.7987286271829075 0.052720311429391487 0.8749374471650213 8.881784197001252E-16 6.323689006286215E-4 0.13658439716956083
 0.710000 0.568136708887705 0.48336787310865587 0.038015401588739284 0.1465869358273597 0.0 0.7846826718548896 0.04970002464451523 0.8473831398740643 -8.881784197001252E-16 0.001725088274049713 0.1294530027152505
 0.720000 0.5263062334447186 0.4714337906445378 0.03542346766159654 0.138890511081029 -2.220446049250313E-16 0.7698247357935071 0.04657101909870437 0.8183348668829906 -8.881784197001252E-16 0.0031184839210157134 0.12221243367030121
 0.730000 0.4831387309055708 0.4583897201860046 0.033129951667309365 0.1307993347455071 0.0 0.7540333541032294 0.04337235659797836 0.7877828222116044 -4.440892098500626E-16 0.004676588508024548 0.11493748242818236
 0.740000 0.43944624276786515 0.44452161587950145 0.03110510220292917 0.12244022514252817 2.220446049250313E-16 0.7370278595663038 0.040144609154111194 0.7558870699771445 0.0 0.0062840973949122025 0.10766974201087787
 0.750000 0.3956087096175571 0.42951400848479687 0.029408540672561934 0.11386156373858447 4.440892098500626E-16 0.7186449214501176 0.036908026033217245 0.722708939259896 0.0 0.007951259627817564 0.1004350512861103
 0.760000 0.3520915376198872 0.413214668067309 0.02805308529482442 0.10511923733906525 -4.440892098500626E-16 0.6987695503316209 0.03368629519712402 0.6882451595717899 0.0 0.009673359747520371 0.09326835996005411
 0.770000 0.309467505904216 0.3955089608814467 0.027040370211215636 0.09629133191511152 -2.220446049250313E-16 0.677294341266203 0.030509606572623027 0.6525470485537942 0.0 0.011427105468756693 0.08621050263012975
 0.780000 0.2683690923327896 0.3762959928217474 0.026363612845610618 0.08747339890669154 0.0 0.6541018733480138 0.027412985707227902 0.6156982232577495 2.220446049250313E-16 0.013167597696596395 0.0793043378874988
 0.790000 0.22944211857792685 0.35549984472805796 0.026002712913774317 0.07876898488125283 0.0 0.6290729651534922 0.024434161544434382 0.5778057043153678 0.0 0.014832670282533794 0.0725900532248922
 0.800000 0.19328815135188882 0.3330898073065077 0.02592065887007078 0.07027842939877321 0.0 0.6021026949889586 0.021610411423904977 0.5389994737089493 0.0 0.01635266980751915 0.06610274115534687
 0.810000 0.16040134110502824 0.30910386795793876 0.026064566766063058 0.062087759873463155 0.0 0.5731139670387821 0.01897482075995407 0.4994320624166884 -2.220446049250313E-16 0.01766126389560646 0.059870810406664365
 0.820000 0.13111473614376484 0.2836707368341404 0.02637003319208253 0.054261027255895544 -2.220446049250313E-16 0.5420649248436934 0.016552771723951757 0.45927814609369805 0.0 0.018704459896947773 0.05391488080720408
 0.830000 0.10557309222083233 0.2570251858099686 0.026766639996427588 0.046839172830303116 -2.220446049250313E-16 0.508947276846268 0.014359611556946539 0.41873565776087585 0.0 0.019445913016974042 0.04824774830894579
 0.840000 0.08374024687255327 0.22951203794533837 0.027181976645353767 0.0398462162189272 -1.1102230246251565E-16 0.47377479984338744 0.01240006038888809 0.37803007127259447 0.0 0.019867452817980247 0.042875824212464
 0.850000 0.06543492251831201 0.20157716858508629 0.027541999954489693 0.03330025549507354 0.0 0.43656536302794097 0.010669186437981724 0.3374225672333103 0.0 0.01996522943518267 0.037801577925514224
 0.860000 0.05037843513655918 0.17374737628879622 0.027766985447545744 0.027224652684544187 0.0 0.3973239766626921 0.009154158171745289 0.29722098435024125 1.1102230246251565E-16 0.01974345668178326 0.03302580485047649
 0.870000 0.038237366237649756 0.14660207299802713 0.0277641208174903 0.02165514394431335 1.1102230246251565E-16 0.35603728257988637 0.007835881576083144 0.2577903052324073 0.0 0.01920827053468263 0.028548605897851187
 0.880000 0.028652175118303688 0.12073771084631431 0.027419175545484537 0.016640829167054283 1.1102230246251565E-16 0.312692742281077 0.006690060603465615 0.21955793093957282 0.0 0.018363253401377705 0.024368699992370527
 0.890000 0.0212523322027294 0.09672341197958517 0.026590687832839216 0.012239412755465626 -5.551115123125783E-17 0.2673413730024468 0.005687851257270047 0.1830091811517346 8.326672684688674E-17 0.017206517091294844 0.020481556914577703
 0.900000 0.015664202110860767 0.07504744195541958 0.0251116770032265 0.008508546341579819 -5.551115123125783E-17 0.22023225984851236 0.004796764909564448 0.14867100380398637 5.551115123125783E-17 0.015728539307026876 0.016877512988881863
 0.910000 0.011517786038693453 0.05606143956020285 0.022807183233244016 0.005495364691499423 0.0 0.17205335864896523 0.0039826835289524486 0.11708624500711287 -2.7755575615628914E-17 0.013911844988981528 0.013541678202533478
 0.920000 0.008453847709947025 0.039941232687084105 0.019541456530293752 0.0032249581449271675 0.0 0.12428762283410025 0.0032138654794669117 0.08878234044834424 -1.3877787807814457E-17 0.011738952680057452 0.010458302352669084
 0.930000 0.006156287716942065 0.026859989961477232 0.014735248858781372 0.0016897039615569355 0.005635258401068044 0.0817852301150283 0.0024674114628106206 0.06422017595689358 0.0 0.008978121355089227 0.0075558867633900295
 0.940000 0.0043622201346435775 0.016862679692584835 0.008933971203903948 7.526763389681581E-4 0.015524369914999094 0.04827543964573795 0.001751531985315652 0.043620084576372335 0.0 0.005822002423352787 0.0048908933672209415
 0.950000 0.0027626495713553075 0.009468762025349717 0.0037267674042720036 1.9861597605073424E-4 0.021964663687320717 0.023298731795119793 0.0010959948384273441 0.02697201631945554 -6.938893903907228E-18 0.0029317498519080137 0.0026352194315579086
 0.960000 0.0011416813140210005 0.004129251231170028 -1.3877787807814457E-17 8.673617379884035E-19 0.023251167244556316 0.005603141179365993 5.134396024182363E-4 0.013773860202862385 -6.938893903907228E-18 5.707004157344143E-4 8.81423760333306E-4
 0.970000 2.6020852139652106E-18 0.0028688760936678957 -2.42861286636753E-17 -3.469446951953614E-18 0.019685077673511166 6.938893903907228E-18 7.157074023703516E-5 6.550858852252621E-4 9.97351607692501E-4 1.734723475976807E-18 2.3584267577322383E-4
 0.980000 0.0 1.214306433183765E-17 0.0 1.1431601686064888E-4 0.017111855474576526 -3.469446951953614E-18 -1.6263032587282567E-19 3.865519558089725E-17 0.006250936474357441 5.940260623991432E-4 6.387471895244034E-4
 0.990000 -1.734723475976807E-17 -5.551115123125783E-17 -3.469446951953614E-18 4.1757791889866E-4 0.015785821486766972 -6.938893903907228E-18 1.0842021724855044E-19 8.679038390746463E-17 0.013483112284512846 0.0020298445159589087 0.0014367371929453771
 1.000000 1.0408340855860843E-17 -2.42861286636753E-17 6.938893903907228E-18 6.18521849381836E-4 0.017495834999313113 6.938893903907228E-18 2.1684043449710089E-19 3.5778671692021646E-17 0.02115107481136337 0.0037923926980004026 0.0022204419039307203
