0.0 1.0 1.0
Linear 3 explicit
 0.000000 0.05757413 0.0 0.099916
 0.010000 0.057586018054561296 8.863696888223886E-11 0.09991490917953903
 0.020000 0.05760950245581048 3.4061633804094953E-10 0.09991678930594547
 0.030000 0.05764706898166701 9.97944012608535E-10 0.09991727048295587
 0.040000 0.05769272190343031 2.2427825358690097E-9 0.09991864365095694
 0.050000 0.05773914284231376 4.049912615672289E-9 0.09992378495100164
 0.060000 0.057783138838046415 6.238844510798802E-9 0.09993184877934447
 0.070000 0.057825671155307574 8.607987430022864E-9 0.09994081309676867
 0.080000 0.057869122203050155 1.0989743403034398E-8 0.09995098703365744
 0.090000 0.057915170790417476 1.3265856932524772E-8 0.09996279576637805
 0.100000 0.05796434863722645 1.5356760144456486E-8 0.09997668244793988
 0.110000 0.05801635691879644 1.7214669815992276E-8 0.09999275238051113
 0.120000 0.058070661730164265 1.8822270930468496E-8 0.10001077874399267
 0.130000 0.05812686437620904 2.0190368644886548E-8 0.10003034935323488
 0.140000 0.05818476877992971 2.1351177944921038E-8 0.10005103475542326
 0.150000 0.058244273416309576 2.234884378802488E-8 0.10007247219683353
 0.160000 0.058305239409441476 2.3230501093399833E-8 0.10009435445124792
 0.170000 0.058367420032188665 2.403999394684346E-8 0.10011637725319482
 0.180000 0.05843046279128904 2.481460952015288E-8 0.10013820114740636
 0.190000 0.05849395390600727 2.5584091507108238E-8 0.10015945020566105
 0.200000 0.05855746974210769 2.637090863645557E-8 0.10017974004865678
 0.210000 0.05862061400835959 2.7190951506748554E-8 0.10019871596210433
 0.220000 0.05868303570328952 2.805419483228772E-8 0.10021608481319846
 0.230000 0.05874443240777438 2.8965193840885295E-8 0.10023163320448182
 0.240000 0.05880454614809695 2.992349218180424E-8 0.10024523214401655
 0.250000 0.05886315752480095 3.09240905448286E-8 0.1002568323850461
 0.260000 0.058920080917481084 3.195809400359774E-8 0.10026645469262199
 0.270000 0.058975161143564 3.301357090513302E-8 0.10027417766545858
 0.280000 0.059028270755086036 3.407657409850197E-8 0.10028012435239855
 0.290000 0.05907930713608729 3.513222322108114E-8 0.10028444849029565
 0.300000 0.059128203707309104 3.6167221958847996E-8 0.10028746362991871
 0.310000 0.059174863346196434 3.7168556651533724E-8 0.10028933097389268
 0.320000 0.0592193341284334 3.8125476446731925E-8 0.10029013829068845
 0.330000 0.059261531268561686 3.902785324013913E-8 0.10028988428844243
 0.340000 0.0593014049213987 3.98715401836968E-8 0.10028874525366001
 0.350000 0.05933890680700096 4.065574251508901E-8 0.10028689521086281
 0.360000 0.059373936332654836 4.137748460048201E-8 0.10028412875227873
 0.370000 0.05940605476318445 4.2009998341751916E-8 0.10027788899419102
 0.380000 0.05943593226730009 4.2587065159224215E-8 0.10027139665165463
 0.390000 0.0594640263488856 4.308721399533312E-8 0.10026516879240632
 0.400000 0.0594902719002579 4.349962735619339E-8 0.10025928501503241
 0.410000 0.059514352876525844 4.383307461087299E-8 0.100253769538738
 0.420000 0.059535949294346364 4.4102214302937365E-8 0.10024876281029109
 0.430000 0.05955491838436292 4.432189192341252E-8 0.100244332999697
 0.440000 0.05957126502891864 4.450520203308335E-8 0.10024045904632342
 0.450000 0.05958504670406772 4.46632040183106E-8 0.10023706561258408
 0.460000 0.059596271068384055 4.4805090876491925E-8 0.100233874413558
 0.470000 0.059604650160640156 4.493737867158767E-8 0.10022966455287396
 0.480000 0.059609905207408914 4.507225028295462E-8 0.10022607402507717
 0.490000 0.05961261687768438 4.521275001567819E-8 0.10022365031528326
 0.500000 0.05961311135920838 4.536141639939929E-8 0.10022219909504508
 0.510000 0.05961141177714172 4.552281568273531E-8 0.10022141079174005
 0.520000 0.05960744010057512 4.570403277364548E-8 0.10022119805191154
 0.530000 0.0596011520075542 4.591379727038206E-8 0.10022162728568304
 0.540000 0.0595925702113686 4.6161107443992856E-8 0.10022280142100137
 0.550000 0.0595816394460326 4.6451689906663784E-8 0.10022402852151789
 0.560000 0.059568054774648015 4.679108363782974E-8 0.10022495004113893
 0.570000 0.059551708927069194 4.718333417850049E-8 0.1002261712877097
 0.580000 0.05953289198867174 4.762549989552031E-8 0.10022808080011583
 0.590000 0.059511918459923846 4.81095532067626E-8 0.10023059025651558
 0.600000 0.059488953649004965 4.862544578408677E-8 0.10023342733403248
 0.610000 0.05946403292443506 4.9163266431526646E-8 0.10023639639151362
 0.620000 0.05943713645203374 4.971412422213168E-8 0.10023942714091805
 0.630000 0.059408246437845376 5.0270007090871036E-8 0.10024252025170347
 0.640000 0.05937736892631482 5.082313303365259E-8 0.1002456850231426
 0.650000 0.05934420100917216 5.133855885547112E-8 0.10024686702259937
 0.660000 0.05930876801358334 5.1787780355347047E-8 0.10024598019083883
 0.670000 0.05927170292038692 5.215643281261659E-8 0.10024435543465768
 0.680000 0.0592333240231753 5.2432771051711E-8 0.10024243994354505
 0.690000 0.05919348428440727 5.260924412940335E-8 0.10024043118033835
 0.700000 0.059151569049720215 5.265392911799903E-8 0.10023816722366458
 0.710000 0.05910725535641276 5.2539196525622035E-8 0.1002351241496407
 0.720000 0.059060613813071615 5.225332251057358E-8 0.10023106847776876
 0.730000 0.05901176959186929 5.178970113853104E-8 0.10022585460703026
 0.740000 0.05896082002482439 5.114538713699223E-8 0.10021963891717024
 0.750000 0.05890778281594071 5.0316098748357576E-8 0.10021234709572313
 0.760000 0.05885273010182927 4.9297333609604985E-8 0.10020392387552891
 0.770000 0.058795811939401095 4.808607869087163E-8 0.10019437298496352
 0.780000 0.05873724980307512 4.6682749716982326E-8 0.10018379102096471
 0.790000 0.05867731831820364 4.5092952958887264E-8 0.1001723742525402
 0.800000 0.05861633011102741 4.332853703369046E-8 0.10016040454289353
 0.810000 0.058554623748435466 4.1407601289523754E-8 0.10014820888192896
 0.820000 0.05849255018950302 3.9353398572384026E-8 0.10013609463760924
 0.830000 0.05843045671918546 3.719237804378925E-8 0.10012427535532564
 0.840000 0.058368672798698895 3.4951902366389425E-8 0.1001128124559204
 0.850000 0.058307503350439875 3.2658317694372906E-8 0.10010159823117225
 0.860000 0.0582472297554153 3.033596263358958E-8 0.1000903919286308
 0.870000 0.05818811140586328 2.8007400466150003E-8 0.10007889934688576
 0.880000 0.058130378071009285 2.5694773073578112E-8 0.1000668686611699
 0.890000 0.05807420969139331 2.3421814147405815E-8 0.10005416845619916
 0.900000 0.058019713304655926 2.1215778401232296E-8 0.10004081729344
 0.910000 0.057966919436320534 1.9108370813883165E-8 0.1000269463582181
 0.920000 0.05791582369471059 1.713476925360818E-8 0.10001270760544455
 0.930000 0.05786684903987921 1.5356075172906278E-8 0.09999849626287267
 0.940000 0.05782027551144055 1.3822538147519375E-8 0.09998534699673318
 0.950000 0.05777568767679496 1.2516721622903522E-8 0.09997400220681697
 0.960000 0.05773350481805532 1.1384950900697525E-8 0.09996341127338126
 0.970000 0.05769703029454027 1.0285276803749049E-8 0.09995185078347917
 0.980000 0.057660710481499934 9.109914550352225E-9 0.09994404547957728
 0.990000 0.05762437074347861 7.840558176846659E-9 0.0999408592902647
 1.000000 0.057588890618276406 6.496000869248605E-9 0.0999392656844811
