0.0 1.0 1.0
Linear 3 explicit
 0.000000 0.0 0.0 0.0
 0.010000 0.0011852941981317618 8.970341432261003E-9 -1.0707979210553968E-4
 0.020000 0.0023355475515341615 2.5641940587455465E-8 1.9549782651886598E-4
 0.030000 0.0037358732748573177 6.63701705755503E-8 6.057503742580545E-5
 0.040000 0.0045409768027071555 1.2514024405951445E-7 1.5231311957487016E-4
 0.050000 0.004617713154301078 1.8131831854816158E-7 5.295618393883248E-4
 0.060000 0.004376401412286079 2.1944313170531752E-7 8.214022729711273E-4
 0.070000 0.004231088476229916 2.3742474838255198E-7 9.110573139467069E-4
 0.080000 0.004323685910841288 2.3865904594804827E-7 0.0010318087040039395
 0.090000 0.004584244308981034 2.2807248443736548E-7 0.0011950241007308241
 0.100000 0.004898352368673813 2.0952648188008228E-7 0.0014023009020426912
 0.110000 0.0051829581269337895 1.8619698807616133E-7 0.0016198318981919843
 0.120000 0.005414335952700941 1.6113117270115725E-7 0.0018145320666469857
 0.130000 0.005605764769489541 1.3714284848690154E-7 0.0019680225647652053
 0.140000 0.005777364646689083 1.1637490482083322E-7 0.0020786781765414547
 0.150000 0.005938563034454497 1.0002170982259385E-7 0.0021531960046021347
 0.160000 0.006085668741224132 8.838318779850478E-8 0.0021971039338553803
 0.170000 0.006207963543153787 8.113107617109781E-8 0.0022106528799122564
 0.180000 0.006294928371333116 7.76105193343876E-8 0.0021902826521224875
 0.190000 0.006340469640301973 7.706796296865438E-8 0.002132320663648343
 0.200000 0.006343615844699795 7.877652707339993E-8 0.002035913758636946
 0.210000 0.006307101811163631 8.207871686768183E-8 0.0019040325002546764
 0.220000 0.006235452562627164 8.638294142046456E-8 0.0017428441518385455
 0.230000 0.0061335239269634904 9.114695331275251E-8 0.0015603307955924118
 0.240000 0.006005761777409356 9.586907209407011E-8 0.0013649382177140898
 0.250000 0.0058560278547207315 1.0009436943030201E-7 0.0011646427087010462
 0.260000 0.00568770528731106 1.0343257271706058E-7 9.664450325784395E-4
 0.270000 0.005503842047680899 1.0557932193533344E-7 7.7612743883535E-4
 0.280000 0.005307213716766703 1.0633242884593726E-7 5.981341097241326E-4
 0.290000 0.005100303504482567 1.0559801258296206E-7 4.3553362995836715E-4
 0.300000 0.004886712292755922 1.0353407157824898E-7 3.0430998609763676E-4
 0.310000 0.004663385473441757 1.0016855743031256E-7 1.892235492116619E-4
 0.320000 0.004444855460946248 9.572944292581904E-8 8.291915872854036E-5
 0.330000 0.0042178274082424975 9.027632765923239E-8 -2.34989450133995E-5
 0.340000 0.003985773408205614 8.440723759467364E-8 -1.1225522026266714E-4
 0.350000 0.003748852791120687 7.845759951698103E-8 -1.835798251445551E-4
 0.360000 0.0035018519725967317 7.220949791605205E-8 -2.7542609587549906E-4
 0.370000 0.003211037561483297 6.328419270336314E-8 -6.229591019237806E-4
 0.380000 0.0029869301262150155 5.773552404063358E-8 -6.481765142410618E-4
 0.390000 0.002808685083217722 5.003922674763663E-8 -6.218196761217428E-4
 0.400000 0.002624002329001487 4.126117732670907E-8 -5.875903541661928E-4
 0.410000 0.0024076897946275905 3.336069050834761E-8 -5.509266468089602E-4
 0.420000 0.002159353928881202 2.6926615767127184E-8 -5.002001337065554E-4
 0.430000 0.0018967146868663185 2.197764136048799E-8 -4.426328637674663E-4
 0.440000 0.0016345420701783023 1.833860781379214E-8 -3.871493090503362E-4
 0.450000 0.0013781006840509148 1.5805931196818922E-8 -3.3918072394894795E-4
 0.460000 0.001122402827069923 1.4192933547574698E-8 -3.1901531598372597E-4
 0.470000 8.378566877396966E-4 1.3231660880326771E-8 -4.2088140399568484E-4
 0.480000 5.254787863038064E-4 1.3488785604149027E-8 -3.589939917694391E-4
 0.490000 2.711575047090565E-4 1.4050734066362946E-8 -2.4234488809028864E-4
 0.500000 4.945389969672863E-5 1.4866849270301327E-8 -1.4512167558086562E-4
 0.510000 -1.6995583103196761E-4 1.613984800942172E-8 -7.883306627650681E-5
 0.520000 -3.972020105163324E-4 1.812156058395336E-8 -2.124300709520295E-5
 0.530000 -6.289195463508472E-4 2.0976433723616393E-8 4.303110537408108E-5
 0.540000 -8.584043668266469E-4 2.4731313074472892E-8 1.1764096344553385E-4
 0.550000 -0.0010934071319169388 2.9059072062644213E-8 1.2305490732674422E-4
 0.560000 -0.001358871686110853 3.3940715106130156E-8 9.259171613901596E-5
 0.570000 -0.0016350575005997638 3.922694684135866E-8 1.2265901574145188E-4
 0.580000 -0.0018822228221433773 4.4219185603891647E-8 1.9157137805885774E-4
 0.590000 -0.0020979366078164577 4.840885914911586E-8 2.5165010788176533E-4
 0.600000 -0.0022971261649082147 5.1593850380024254E-8 2.845017698518891E-4
 0.610000 -0.002492785785664504 5.378783677112196E-8 2.9779514924881383E-4
 0.620000 -0.0026904320284962917 5.509281107608894E-8 3.0406255369704467E-4
 0.630000 -0.002889856931928536 5.559661768297635E-8 3.1039599779636527E-4
 0.640000 -0.003088674035418392 5.532220840949298E-8 3.176553827912854E-4
 0.650000 -0.0033178809385811777 5.155368731549937E-8 1.195292815656637E-4
 0.660000 -0.003544662089174483 4.493695708248821E-8 -8.71216305207605E-5
 0.670000 -0.0037080731318413678 3.688411059969115E-8 -1.6074499548912808E-4
 0.680000 -0.003839569180815548 2.7656207966276134E-8 -1.8972305474369697E-4
 0.690000 -0.003985763228936369 1.7672903125803336E-8 -1.989575446609617E-4
 0.700000 -0.004193732950963798 4.499035080797697E-9 -2.240868122001445E-4
 0.710000 -0.004434187559569852 -1.143717158312478E-8 -3.0142796790659255E-4
 0.720000 -0.00466762817017765 -2.8548335273960098E-8 -4.0207681118641233E-4
 0.730000 -0.0048885114234112 -4.632291447375252E-8 -5.17329810433895E-4
 0.740000 -0.005099587583427622 -6.439407372248054E-8 -6.170231107077803E-4
 0.750000 -0.005308838944621316 -8.289527311170967E-8 -7.24199122609249E-4
 0.760000 -0.005510846289770499 -1.0184826096489479E-7 -8.369297510517673E-4
 0.770000 -0.00569781818484268 -1.2110352180563816E-7 -9.493139301115237E-4
 0.780000 -0.005862597497350236 -1.4031713690782526E-7 -0.0010520796489714216
 0.790000 -0.005999848494915191 -1.589683964400257E-7 -0.0011352817343388368
 0.800000 -0.006105757043544033 -1.7643072595591126E-7 -0.0011903794795592292
 0.810000 -0.006177731643022965 -1.9207623896351117E-7 -0.0012128661073419278
 0.820000 -0.006214557892640425 -2.0538666624395517E-7 -0.0012046907905184166
 0.830000 -0.00621665020566488 -2.1603993619067273E-7 -0.0011752029872368263
 0.840000 -0.006185855280927821 -2.2394326232076847E-7 -0.0011395669090038761
 0.850000 -0.006124702225418601 -2.2919821031579782E-7 -0.0011146387460157967
 0.860000 -0.006035627348336495 -2.3200706315193138E-7 -0.0011136633193633996
 0.870000 -0.00592091922315345 -2.3255063107898539E-7 -0.0011419244745450507
 0.880000 -0.005783640429695556 -2.3087625503135746E-7 -0.0011951201355502074
 0.890000 -0.005628884101296881 -2.2683185288690434E-7 -0.0012611407807365073
 0.900000 -0.0054640478883434904 -2.200738930306629E-7 -0.0013249228861850143
 0.910000 -0.0052968498116953 -2.1016605629995697E-7 -0.0013751641808093036
 0.920000 -0.00513072091206328 -1.9676726424408526E-7 -0.001409828258809843
 0.930000 -0.004923039482874236 -1.7728169934610987E-7 -0.0014045366549931483
 0.940000 -0.004686404023529031 -1.527817233058663E-7 -0.0012963812494400922
 0.950000 -0.004488548519695451 -1.3002384382106764E-7 -0.0011156637015679698
 0.960000 -0.004245734131728324 -1.126251077524685E-7 -0.0010418707443959248
 0.970000 -0.0036687596554426634 -1.0942715467787596E-7 -0.0011425903921568853
 0.980000 -0.003649152590316071 -1.1713027305593706E-7 -7.701956540389377E-4
 0.990000 -0.0036480769125514633 -1.2661324010556687E-7 -3.102475110757864E-4
 1.000000 -0.0035605550090004327 -1.3417710114808936E-7 -1.5190448226572634E-4
