121
130
131
132
135
139
140
141
142
143
505
506
507
513
514
515
516
517
593
636
638
646
683
696
701
715
717
718
719
720
729
738
775
780
785
790
795
800
805
810
815
823
824
831
835
836
837
838
839
841
843
887
890
891
892
893
894
895
896
897
903
904
905
906
907
924
925
1003
1588
1589
1590
1591
1592
1593
1594
1595
1596
1597
1598
1600
1601
1602
1603
1606
1607
2113
2114
2115
2116
2117
2118
2119
2120
2121
2122
2125
2126
2127
2128
2129
2130
2135
2136
2137
2138
2140
2141
2142
2143
2144
2145
2146
2147
2148
2149
2150
2151
2152
2167
2168
2169
2170
2171
2172
2173
2174
2175
2176
2177
2178
2179
2190
2191
2192
2203
2204
2205
2206
2208
2209
2210
2211
2212
2213
2214
2215
2216
2229
2230
2231
2234
2235
3131
3140
3141
3142
3145
3149
3150
3151
3152
3153
3515
3516
3517
3523
3524
3525
3526
3527
3603
3646
3648
3656
3693
3706
3711
3725
3727
3728
3729
3730
3739
3748
3785
3790
3795
3800
3805
3810
3815
3820
3825
3833
3834
3841
3845
3846
3847
3848
3849
3851
3853
3897
3900
3901
3902
3903
3904
3905
3906
3907
3913
3914
3915
3916
3917
3934
3935
4013
4598
4599
4600
4601
4602
4603
4604
4605
4606
4607
4608
4610
4611
4612
4613
4616
4617
5123
5124
5125
5126
5127
5128
5129
5130
5131
5132
5135
5136
5137
5138
5139
5140
5145
5146
5147
5148
5150
5151
5152
5153
5154
5155
5156
5157
5158
5159
5160
5161
5162
5177
5178
5179
5180
5181
5182
5183
5184
5185
5186
5187
5188
5189
5200
5201
5202
5213
5214
5215
5216
5218
5219
5220
5221
5222
5223
5224
5225
5226
5239
5240
5241
5244
5245
6088
6089
6090
6091
6107
6132
6135
6136
6137
6245
6246
6247
6248
6264
6289
6292
6293
6294
