0.0 1.0 1.0
Linear 11 explicit
 0.000000 0.0 0.0 0.0 0.0 0.0 0.0 0.0 0.0 0.0 0.0 0.0
 0.010000 0.010600978526773927 0.02933457200516546 0.007371583839719573 0.004670298758953502 0.0 0.008798215353986671 0.0011140805525682754 9.621651715446804E-4 0.007182425092759806 1.7090846224271372E-4 0.002854898588633477
 0.020000 0.0 0.06630465639107412 0.020924812016093353 0.006573463837079453 -4.336808689942018E-18 0.057151513197610346 0.0015533965051314025 0.0025495529093683285 0.016748115643414965 -1.474514954580286E-17 0.005922920813426334
 0.030000 9.974659986866641E-18 0.0964039232387626 0.03424333581831199 0.007671964639938614 1.1817803680091998E-17 0.10736656335818714 0.0027552634177279516 0.006503513211644066 0.017896178599287847 3.2959746043559335E-17 0.008689624603871978
 0.040000 -3.469446951953614E-18 0.12050092759476078 0.04191863457912909 0.007851716562181237 4.163336342344337E-17 0.16033361710709967 0.004022669239991731 0.011506552791938702 0.01462998366771523 -6.938893903907228E-18 0.010921936876290877
 0.050000 5.551115123125783E-17 0.14102765315290025 0.0451635373273503 0.007035902790362014 -1.3877787807814457E-17 0.21375829587998607 0.00514162398691869 0.014840395843832926 0.010351542447438855 -3.8163916471489756E-17 0.01228391615052523
 0.060000 -6.938893903907228E-18 0.15969003955871386 0.04642661396720078 0.005521696035321762 1.3877787807814457E-17 0.26617121666884136 0.0060851199090426345 0.016188571960734116 0.006159644190013858 0.0 0.012859445492009666
 0.070000 -2.7755575615628914E-17 0.17771060278066847 0.04709622879129309 0.003470432253456895 -4.163336342344337E-17 0.3189502065307818 0.006945246039125224 0.015797229761820443 0.0020080957841121377 4.163336342344337E-17 0.012918756212578042
 0.080000 1.3877787807814457E-17 0.19492233357123895 0.04713700700812545 0.0017012280927664603 1.1102230246251565E-16 0.3749525976243725 0.00780400145637784 0.017542055658348987 0.0 -6.591949208711867E-17 0.01306933017494126
 0.090000 -5.551115123125783E-17 0.21091659871480836 0.046040944011525683 2.1282602132368343E-4 0.0 0.4341702626946805 0.008760214509549738 0.024949709139670054 -2.7755575615628914E-17 3.8163916471489756E-17 0.013297302358812147
 0.100000 -1.3877787807814457E-17 0.23559407012413205 0.042454485416536084 3.8163916471489756E-17 5.551115123125783E-17 0.49533926124277383 0.009857276250631437 0.037039868753133975 3.469446951953614E-17 6.938893903907228E-18 0.013435134474883741
 0.110000 1.249000902703301E-16 0.2612085661816305 0.03492874588418589 -1.474514954580286E-17 8.326672684688674E-17 0.5525181066306915 0.011055163704083501 0.05838182299576925 0.0 -2.2551405187698492E-17 0.012765471175592586
 0.120000 -2.862293735361732E-17 0.28531244746781315 0.02502688523003188 2.2659825404947043E-17 4.336808689942018E-17 0.6036806210560444 0.012352891170068213 0.09065983716167361 -7.632783294297951E-17 -6.353424730765056E-17 0.011240091721891231
 0.130000 1.249000902703301E-16 0.3047317371956116 0.013591449094105978 -5.637851296924623E-17 -2.7755575615628914E-17 0.649020943009808 0.013758419101705242 0.13851289174097528 0.002237956139114518 2.2551405187698492E-17 0.009245505773357584
 0.140000 1.5265566588595902E-16 0.32462556667715015 6.771434305048174E-4 -2.7755575615628914E-17 1.1102230246251565E-16 0.6855372142867842 0.015290790324733957 0.20408377034563668 0.005560296740376211 -5.204170427930421E-17 0.006678395312474522
 0.150000 -1.6653345369377348E-16 0.35421154129159066 8.326672684688674E-17 -2.1033522146218786E-17 1.6653345369377348E-16 0.7233940457651963 0.016442877824434293 0.26481454344400673 0.011182688578058347 6.938893903907228E-17 0.006080408324679251
 0.160000 0.0 0.39371316506131165 -1.3877787807814457E-16 3.767602549387128E-17 -1.1102230246251565E-16 0.7636350118880875 0.01751159829668831 0.31323647926498355 0.01573350553980643 2.7755575615628914E-17 0.006460137856262829
 0.170000 -1.3877787807814457E-16 0.4318622509898605 -1.6653345369377348E-16 4.4885969940899884E-17 4.440892098500626E-16 0.8059856626089199 0.018534408327878345 0.3537156704390871 0.019342387688855794 -2.7755575615628914E-17 0.007055163306024931
 0.180000 3.3306690738754696E-16 0.4700270868282532 -1.3877787807814457E-16 6.028164079019405E-17 -1.1102230246251565E-16 0.8495564526224316 0.019552734798226862 0.3891048920015158 0.022871272335703102 1.3877787807814457E-17 0.00772825789926844
 0.190000 1.6653345369377348E-16 0.5091049231097899 -1.1102230246251565E-16 -2.6020852139652106E-18 1.1102230246251565E-16 0.8935611996374663 0.0205508568326559 0.42168671955191595 0.02687501977871859 -1.249000902703301E-16 0.008494182913640666
 0.200000 4.163336342344337E-16 0.5491393069990218 -2.7755575615628914E-17 2.862293735361732E-17 1.1102230246251565E-16 0.9370790139155643 0.021504438168595447 0.4526368404410262 0.03168171198831876 9.71445146547012E-17 0.009383412248634732
 0.210000 3.608224830031759E-16 0.5892938237572785 1.1102230246251565E-16 -8.500145032286355E-17 -1.1102230246251565E-16 0.980494578436327 0.022269832923341257 0.48295467126100877 0.03777895192845271 -1.3877787807814457E-16 0.010435573179546853
 0.220000 5.551115123125783E-17 0.6291875476703029 1.942890293094024E-16 -1.734723475976807E-18 -2.7755575615628914E-16 1.0000000000000002 0.022938616833938476 0.509125509832967 0.044229276415003294 5.551115123125783E-17 0.01164172263410343
 0.230000 4.440892098500626E-16 0.6678891483501658 -1.6653345369377348E-16 -5.204170427930421E-18 1.6653345369377348E-16 0.9999999999999999 0.023628355900207464 0.5325630146988243 0.05066648789769096 0.0 0.012979753023756813
 0.240000 -7.216449660063518E-16 0.7076638553467273 -1.1102230246251565E-16 1.0755285551056204E-16 -5.551115123125783E-17 0.9999999999999998 0.02440628925863324 0.5566854824182506 0.05723984335561455 2.7755575615628914E-17 0.014286461189861377
 0.250000 5.273559366969494E-16 0.7483260273346989 1.1102230246251565E-16 -3.122502256758253E-17 1.1102230246251565E-16 1.0000000000000002 0.025155281532542078 0.5811442996830033 0.06454558720454351 6.938893903907228E-17 0.01558614473216724
 0.260000 -1.4432899320127035E-15 0.7893673111446213 -1.1102230246251565E-16 -3.122502256758253E-17 0.0 1.0000000000000002 0.025844397304185862 0.6056047870301488 0.07264591503011003 4.163336342344337E-17 0.016907159467932115
 0.270000 -1.4432899320127035E-15 0.8305330757849116 -5.551115123125783E-17 -1.734723475976807E-17 -7.771561172376096E-16 1.0000000000000004 0.02648029832949919 0.6299457785877315 0.08136578216729268 0.0 0.018251825641860647
 0.280000 -2.55351295663786E-15 0.8717571700567521 -1.6653345369377348E-16 8.326672684688674E-17 -1.1102230246251565E-16 1.0000000000000002 0.027072869021243062 0.6542744668006489 0.0905542472811347 0.0 0.01960504530694923
 0.290000 -5.551115123125783E-17 0.9129618328653628 1.6653345369377348E-16 6.245004513516506E-17 -2.220446049250313E-16 0.9999999999999996 0.027630847683314856 0.678654037352255 0.10014159569681941 -5.551115123125783E-17 0.020967525238082152
 0.300000 -9.43689570931383E-16 0.9553856447321204 -1.1102230246251565E-16 -7.28583859910259E-17 -3.3306690738754696E-16 0.9999999999999996 0.028188336925097826 0.701676769734929 0.10922774490142129 -2.220446049250313E-16 0.022380586904872546
 0.310000 8.881784197001252E-16 1.0000000000000002 1.1102230246251565E-16 2.7755575615628914E-17 4.440892098500626E-16 1.0 0.02884052971500728 0.7203157175166913 0.115807817354318 5.551115123125783E-17 0.023977567477785316
 0.320000 3.3306690738754696E-16 0.999999999999999 -1.6653345369377348E-16 1.3877787807814457E-17 5.551115123125783E-16 1.0 0.029088310873137818 0.758471857779039 0.12826571866255254 5.551115123125783E-17 0.02609011133479555
 0.330000 -9.992007221626409E-16 1.0000000000000002 5.551115123125783E-17 2.0816681711721685E-17 4.440892098500626E-16 1.0000000000000004 0.02872062184101596 0.807455696593011 0.1440597712267655 0.0 0.027888407579610086
 0.340000 2.220446049250313E-15 0.9999999999999989 3.885780586188048E-16 9.020562075079397E-17 1.1102230246251565E-16 0.9999999999999996 0.027854637183762763 0.8621083711104373 0.16154297173562326 -5.551115123125783E-17 0.029629948868458822
 0.350000 -8.881784197001252E-16 1.0000000000000009 -2.220446049250313E-16 2.7755575615628914E-17 5.551115123125783E-16 0.9999999999999998 0.02727790974132878 0.9179337173871218 0.1766838899158416 -5.551115123125783E-17 0.03145323472838796
 0.360000 8.881784197001252E-16 1.0 -1.1102230246251565E-16 -6.938893903907228E-17 -3.3306690738754696E-16 1.0000000000000007 0.027910860147947067 0.9724843822063152 0.18655485347481338 -2.7755575615628914E-16 0.033513299307144695
 0.370000 2.55351295663786E-15 1.0 -6.661338147750939E-16 7.632783294297951E-17 -1.1102230246251565E-16 1.0000000000000004 0.028295982108446777 1.0000000000000002 0.1973866085316036 -2.498001805406602E-16 0.03471549155346565
 0.380000 -3.2751579226442118E-15 0.9999999999999997 5.551115123125783E-17 -4.163336342344337E-17 3.3306690738754696E-16 1.0 0.027908143055510183 1.0000000000000004 0.2084390775339312 -1.3877787807814457E-16 0.03480272026804382
 0.390000 2.4424906541753444E-15 1.0000000000000004 -8.881784197001252E-16 1.700029006457271E-16 -2.220446049250313E-16 0.9999999999999998 0.027293444392079196 1.0000000000000002 0.21782142831056972 -2.498001805406602E-16 0.03483104552900734
 0.400000 1.9984014443252818E-15 0.9999999999999996 -6.661338147750939E-16 1.8041124150158794E-16 -5.551115123125783E-16 1.0 0.02665436597043116 1.0000000000000007 0.22546368303130215 -2.7755575615628914E-16 0.034995979795865106
 0.410000 -4.551914400963142E-15 0.9999999999999998 5.551115123125783E-16 -1.214306433183765E-16 6.661338147750939E-16 1.0000000000000002 0.026087628423318868 1.0000000000000004 0.2318401312721765 1.942890293094024E-16 0.035223021249087105
 0.420000 3.552713678800501E-15 1.0 -4.440892098500626E-16 2.5326962749261384E-16 5.551115123125783E-16 0.9999999999999989 0.025624577177632717 1.0000000000000002 0.23738333889231245 -7.494005416219807E-16 0.03543186458358971
 0.430000 3.7192471324942744E-15 1.0000000000000007 1.1102230246251565E-15 -3.122502256758253E-17 4.440892098500626E-16 0.999999999999999 0.025260310395933856 0.9999999999999996 0.24225162680894052 1.942890293094024E-16 0.03558701973541195
 0.440000 2.7200464103316335E-15 0.9999999999999997 -5.551115123125783E-16 -9.367506770274758E-17 1.1102230246251565E-16 0.9999999999999998 0.024978323270700098 0.9999999999999996 0.24639110784905993 -2.7755575615628914E-16 0.0356878481823133
 0.450000 2.1649348980190553E-15 1.0000000000000007 8.881784197001252E-16 2.1510571102112408E-16 -1.1102230246251565E-15 1.0000000000000004 0.024765672583754096 1.0000000000000004 0.24968062552054004 3.608224830031759E-16 0.035747596623132816
 0.460000 -3.3306690738754696E-16 1.0000000000000007 -1.1102230246251565E-15 -1.734723475976807E-17 7.771561172376096E-16 0.9999999999999989 0.024617445841426583 1.0000000000000002 0.2520252173780759 -6.106226635438361E-16 0.035778336428339275
 0.470000 4.440892098500626E-16 1.0000000000000002 1.1102230246251565E-16 1.3877787807814457E-16 2.220446049250313E-16 0.9999999999999987 0.024534774928170036 1.0000000000000007 0.25337628842297055 -8.326672684688674E-17 0.035785359291510555
 0.480000 -2.0539125955565396E-15 1.0000000000000013 -1.1102230246251565E-15 -5.551115123125783E-17 -9.992007221626409E-16 1.0000000000000013 0.024521275842736695 0.9999999999999989 0.25371245290472777 -4.718447854656915E-16 0.03576813767422865
 0.490000 1.7208456881689926E-15 1.0000000000000024 -8.881784197001252E-16 5.551115123125783E-17 7.771561172376096E-16 0.9999999999999996 0.024580628486625282 1.0 0.25301634750111857 -6.661338147750939E-16 0.035723535472318824
 0.500000 -5.551115123125783E-16 0.9999999999999971 3.3306690738754696E-16 -2.7755575615628914E-17 -5.551115123125783E-16 1.0000000000000002 0.024715790903256825 0.9999999999999998 0.2512629162156763 -3.608224830031759E-16 0.03564837741105492
 0.510000 -8.326672684688674E-16 1.0000000000000004 1.5543122344752192E-15 -5.898059818321144E-17 7.771561172376096E-16 1.0000000000000016 0.024927918630427905 1.0000000000000007 0.24843864011013483 3.3306690738754696E-16 0.035541165222097604
 0.520000 6.661338147750939E-16 0.9999999999999984 6.106226635438361E-16 5.551115123125783E-17 -1.1102230246251565E-16 1.0 0.02521273277577217 0.9999999999999996 0.24460612052073405 1.1102230246251565E-16 0.035404313465198956
 0.530000 -3.219646771412954E-15 1.0000000000000004 -1.1102230246251565E-16 -1.734723475976807E-16 3.3306690738754696E-16 1.0000000000000002 0.025564469090007 0.9999999999999998 0.23984278788157676 -4.718447854656915E-16 0.03524222143918182
 0.540000 3.164135620181696E-15 1.000000000000001 1.6653345369377348E-16 -1.97758476261356E-16 -9.992007221626409E-16 0.9999999999999987 0.02597898446782202 0.9999999999999998 0.23419950666203582 4.996003610813204E-16 0.03505793582036376
 0.550000 -1.7763568394002505E-15 1.0 5.551115123125783E-17 -1.734723475976807E-17 0.0 0.9999999999999997 0.026454252090745055 1.0000000000000004 0.22770498145989904 2.220446049250313E-16 0.03485261701603126
 0.560000 2.0539125955565396E-15 0.9999999999999997 -3.3306690738754696E-16 -2.7755575615628914E-17 -5.551115123125783E-16 0.9999999999999998 0.026989655969684626 0.9999999999999996 0.22038037461159088 -1.1102230246251565E-16 0.034626570483118624
 0.570000 1.7208456881689926E-15 1.0 -8.326672684688674E-16 -1.3877787807814457E-17 -5.551115123125783E-16 0.9999999999999993 0.02758508716972135 0.9999999999999999 0.21224771640503637 -2.220446049250313E-16 0.03438022238643168
 0.580000 2.609024107869118E-15 1.0000000000000009 5.551115123125783E-17 1.7694179454963432E-16 -2.220446049250313E-16 0.9999999999999999 0.028240361835784426 1.0000000000000002 0.20333178574430655 1.6653345369377348E-16 0.03411460603594646
 0.590000 5.773159728050814E-15 0.9999999999999994 -9.992007221626409E-16 4.163336342344337E-17 -5.551115123125783E-16 0.9999999999999989 0.028955037097326136 1.0 0.19365946387375976 -2.498001805406602E-16 0.0338314622402805
 0.600000 3.219646771412954E-15 0.9999999999999991 -2.220446049250313E-16 -3.469446951953614E-17 -2.220446049250313E-16 0.9999999999999998 0.02972846172850724 0.9999999999999997 0.18325914810335087 -1.6653345369377348E-16 0.03353315656757083
 0.610000 1.6653345369377348E-15 0.9999999999999998 -3.885780586188048E-16 1.491862189340054E-16 -2.220446049250313E-16 1.0000000000000002 0.030559876400724113 0.9999999999999998 0.17216083698929707 -2.7755575615628914E-17 0.0332225729745918
 0.620000 -4.440892098500626E-16 1.0000000000000004 7.771561172376096E-16 5.551115123125783E-17 6.661338147750939E-16 0.9999999999999998 0.031448461634343006 1.0000000000000009 0.16039662069638383 5.273559366969494E-16 0.03290306980619817
 0.630000 -8.881784197001252E-16 1.0000000000000004 -5.551115123125783E-16 -1.4224732503009818E-16 -5.551115123125783E-16 0.9999999999999998 0.032314992723726704 0.9969959005240466 0.14810188600199303 -8.604228440844963E-16 0.032469736259701565
 0.640000 1.1102230246251565E-16 0.9999999999999996 6.661338147750939E-16 -7.28583859910259E-17 1.1102230246251565E-16 0.9999999999999998 0.0321667165869192 0.9544098589642136 0.13662499173503817 4.718447854656915E-16 0.030579872918181206
 0.650000 4.440892098500626E-16 0.9999999999999999 2.220446049250313E-16 -5.898059818321144E-17 -2.220446049250313E-16 1.0 0.03130980707271231 0.8956048597640285 0.12533267971370365 -2.7755575615628914E-17 0.02787399262358159
 0.660000 1.7208456881689926E-15 1.0 5.551115123125783E-17 -1.7694179454963432E-16 -3.3306690738754696E-16 0.9999999999999998 0.030195455661524255 0.8331504402278953 0.11377815995228324 -1.1102230246251565E-16 0.025004672810724382
 0.670000 4.052314039881821E-15 0.9999999999999994 1.6653345369377348E-16 -1.1449174941446927E-16 1.1102230246251565E-16 0.9999999999999991 0.030016146864749647 0.7670773463183075 0.0976021931930906 1.6653345369377348E-16 0.022428576305432102
 0.680000 2.220446049250313E-16 1.0 -3.3306690738754696E-16 1.942890293094024E-16 2.220446049250313E-16 1.0 0.03067379323052273 0.69772808114129 0.07846264137171788 -1.942890293094024E-16 0.020196957273330818
 0.690000 7.771561172376096E-16 0.9478590051555047 0.0 -3.469446951953614E-17 -1.1102230246251565E-16 1.0 0.030897571516308633 0.6511891827042084 0.0658661019357969 0.0 0.018543216269579832
 0.700000 5.551115123125783E-16 0.8857636198828136 -3.3306690738754696E-16 6.245004513516506E-17 6.661338147750939E-16 1.0 0.030238269440962015 0.6210880936195524 0.05670432537140302 2.7755575615628914E-17 0.016749477720349765
 0.710000 -1.1102230246251565E-15 0.8325223208319122 2.7755575615628914E-16 -6.938893903907228E-18 -3.3306690738754696E-16 1.0000000000000002 0.029036797458561282 0.5929132835267995 0.045776879864686426 5.551115123125783E-17 0.015253773273959353
 0.720000 3.885780586188048E-16 0.7830947868377067 0.0 2.7755575615628914E-17 -1.1102230246251565E-16 0.9999999999999999 0.027836990757446792 0.5638441533047017 0.034457741487231575 1.249000902703301E-16 0.014105291927924701
 0.730000 5.551115123125783E-17 0.7340598778716529 2.220446049250313E-16 -6.591949208711867E-17 -2.220446049250313E-16 0.9999999999999999 0.026815161824298647 0.5344552043726469 0.025213373004962958 8.326672684688674E-17 0.013050960993575278
 0.740000 5.551115123125783E-17 0.6856364118166267 -1.1102230246251565E-16 5.204170427930421E-17 1.1102230246251565E-16 1.0 0.02587939635717769 0.5055170136927446 0.018387608920157394 -1.1102230246251565E-16 0.01189924193465744
 0.750000 1.6653345369377348E-16 0.63837081776746 -1.1102230246251565E-16 5.551115123125783E-17 -6.661338147750939E-16 0.9999999999999998 0.024912182805520468 0.47763624218463174 0.013291630057775394 4.163336342344337E-17 0.010632542218398405
 0.760000 -1.1102230246251565E-16 0.5926384521036367 1.1102230246251565E-16 6.938893903907228E-18 5.551115123125783E-17 1.0000000000000004 0.02387405099729182 0.4512882746125592 0.00919559196140507 2.498001805406602E-16 0.00932617848465106
 0.770000 8.049116928532385E-16 0.5485886490244881 2.7755575615628914E-17 5.204170427930421E-17 5.551115123125783E-17 1.0 0.02279296891657496 0.42679547878568463 0.005675371548393038 -6.938893903907228E-17 0.00806042180846639
 0.780000 1.942890293094024E-16 0.5062515643428313 0.0 -1.734723475976807E-17 -3.3306690738754696E-16 0.9999999999999998 0.021711511280607703 0.40432173956508816 0.0025988485249932025 -5.551115123125783E-17 0.006866712030765054
 0.790000 3.885780586188048E-16 0.4655664871700723 5.551115123125783E-17 -3.469446951953614E-18 0.0 1.0 0.02065619210723085 0.3839506034458615 1.7479808287035326E-5 -1.3877787807814457E-17 0.005741252812532044
 0.800000 -2.7755575615628914E-17 0.4220857203616263 -5.551115123125783E-17 -1.3877787807814457E-17 5.551115123125783E-16 0.9614471184024669 0.01946741084027957 0.36160332033373843 5.551115123125783E-17 9.71445146547012E-17 0.0048293768927345215
 0.810000 2.7755575615628914E-16 0.38034219099495814 1.1102230246251565E-16 -3.8163916471489756E-17 1.6653345369377348E-16 0.9065101411815448 0.018244042936835413 0.34073152551539465 5.551115123125783E-17 4.163336342344337E-17 0.003992222022774938
 0.820000 8.326672684688674E-17 0.34449965390603327 1.1102230246251565E-16 7.352119648175049E-4 1.1102230246251565E-16 0.8481063449543997 0.017039852755794966 0.32259385195843465 1.1102230246251565E-16 -4.163336342344337E-17 0.0034734225331300717
 0.830000 -2.220446049250313E-16 0.3262807114531842 -5.551115123125783E-17 0.004513477183537985 5.551115123125783E-17 0.7916678834528459 0.015856832848968983 0.3079954233405767 -2.220446049250313E-16 -1.3877787807814457E-17 0.004233009134303134
 0.840000 1.1102230246251565E-16 0.31092990591560504 -5.551115123125783E-17 0.008401137162087447 5.551115123125783E-17 0.7346077171450831 0.014761750018756563 0.2977517109169474 0.0027519046299380734 2.7755575615628914E-17 0.005305607245056243
 0.850000 1.3877787807814457E-16 0.29684396054842555 1.1102230246251565E-16 0.012206912163550614 -5.551115123125783E-17 0.6755513046296102 0.013586119753159858 0.29099141628787956 0.008635922116020045 -1.3877787807814457E-17 0.006354252837485308
 0.860000 -1.3877787807814457E-16 0.28285464883697137 0.004040179191858617 0.0149027616119022 1.1102230246251565E-16 0.6170419260457249 0.012300722952632067 0.2794248571404316 0.01573949809385705 -1.3877787807814457E-17 0.00782230512761603
 0.870000 -2.7755575615628914E-17 0.2647902436409407 0.014477155395400954 0.015710237229496903 1.1102230246251565E-16 0.5647711619832496 0.0109885527148668 0.2524967913259843 0.022102517453047255 -1.3877787807814457E-17 0.010239599742671024
 0.880000 1.1102230246251565E-16 0.24097596349592065 0.025679517226587345 0.015129216716701168 -1.1102230246251565E-16 0.5170263003249225 0.00987015948922905 0.21241412539910237 0.024464006873317623 1.3877787807814457E-17 0.012574971924421488
 0.890000 2.7755575615628914E-17 0.21199409359383123 0.03640377473667558 0.013866974647575032 -1.1102230246251565E-16 0.4716642420130265 0.008791861765962267 0.1644231099643967 0.023669204855018805 -6.938893903907228E-18 0.014415473719185112
 0.900000 8.326672684688674E-17 0.18199998655152239 0.0454008071285148 0.012233801170606845 -1.1102230246251565E-16 0.42241096441291126 0.007722185424664881 0.11187016693786671 0.020541471323651445 0.0 0.015394139186436992
 0.910000 0.0 0.15379768713423858 0.05216954397918423 0.011076915538361988 1.1102230246251565E-16 0.36908928119840145 0.006491898087623404 0.06199005505332917 0.01661786139022918 2.42861286636753E-17 0.015834857922847605
 0.920000 -3.8163916471489756E-17 0.13017669104067653 0.05505819363920714 0.010478599609731857 -2.7755575615628914E-17 0.3072837258587726 0.005231643246126325 0.020372915795926996 0.012553597809812952 -6.938893903907228E-18 0.015616690085159948
 0.930000 -1.734723475976807E-17 0.10715435226937334 0.05075651856756094 0.010692650910565246 -3.469446951953614E-18 0.23817772889368954 0.004123704231322443 5.898059818321144E-17 0.01053976086363017 1.734723475976807E-18 0.014667162628958057
 0.940000 1.734723475976807E-17 0.08852480917372069 0.042497071735336046 0.008240300399685149 1.3877787807814457E-17 0.18662472283161674 0.0034619007805587617 -1.734723475976807E-17 0.017178382675198913 0.005615498342762653 0.014484628325669406
 0.950000 -2.6020852139652106E-18 0.07397590730776583 0.036750047231129526 0.005818605346723298 1.0408340855860843E-17 0.14022501550555191 0.0027905576448707236 5.204170427930421E-18 0.023126739384638537 0.011728526873595112 0.014012339873126995
 0.960000 6.938893903907228E-18 0.05689349888542049 0.030440112989508848 0.003981461038040732 0.0 0.09511919532997933 0.0020931820252913288 3.845054459499838E-4 0.026145117274833093 0.015699745520753147 0.012764597237772735
 0.970000 -3.469446951953614E-18 0.03602531008374443 0.021605113276953775 0.003004418747038426 6.938893903907228E-18 0.05112989665961433 0.001386081891001153 0.0029094809430828365 0.02552922201504259 0.016192329650162426 0.010491117148781474
 0.980000 0.015477484794843628 0.007267799790665698 0.009952392526616706 0.002507125868725141 0.014024024335885264 0.016308060444572448 0.0022618622899637235 0.002565426235545045 0.014718566994438548 0.010449005238613363 0.006990616416170468
 0.990000 1.3010426069826053E-18 -8.239936510889834E-18 6.938893903907228E-18 0.0018112472835611826 0.03308642719395882 4.163336342344337E-17 4.0346912668506396E-4 1.431146867680866E-17 0.013473407502079452 0.008269369921397951 0.004103400092310453
 1.000000 0.002320455882145839 8.673617379884035E-18 -2.0816681711721685E-17 0.0033729792011604367 0.04824122833960187 6.938893903907228E-18 2.8135659498554387E-5 5.637851296924623E-18 0.020703633590084262 0.008856143584818165 0.005168959763292787
