0.0 1.0 1.0
Linear 3 explicit
 0.000000 0.05754742154534245 9.661940650329548E-9 0.09993319376020209
 0.010000 0.05752987202840989 7.061347749163343E-8 0.0998966395317259
 0.020000 0.05736525917669207 1.690190971692621E-7 0.09989400999208774
 0.030000 0.057145053987687135 2.5927886244980407E-7 0.09989726047796191
 0.040000 0.05693221095575792 3.0597580577372396E-7 0.09990753099872013
 0.050000 0.05674421679716311 3.0198668646001164E-7 0.09992086474881
 0.060000 0.056571552774290934 2.5843423607731937E-7 0.09993080672318033
 0.070000 0.05640030531023149 1.920907421651199E-7 0.09993253214802605
 0.080000 0.05622368614111783 1.17611846134563E-7 0.09992800963132384
 0.090000 0.05604238284275949 4.4678735451930377E-8 0.099924422069657
 0.100000 0.05586394925747826 -2.1984020303710314E-8 0.09992532825626634
 0.110000 0.05568848362871869 -8.005693738164055E-8 0.09993304628777823
 0.120000 0.05551127152175471 -1.2905480727214674E-7 0.09994553322044887
 0.130000 0.0553235492987314 -1.700948512337764E-7 0.09996284390994224
 0.140000 0.055114892723861664 -2.0568892998594036E-7 0.09998827290433973
 0.150000 0.054897777471099536 -2.3801006755360253E-7 0.09999452640251284
 0.160000 0.054685483560578806 -2.6921539449782693E-7 0.09999568476914693
 0.170000 0.05448618942709728 -2.9945569673825815E-7 0.09999813745435113
 0.180000 0.05429951385833909 -3.2765975025927827E-7 0.10000155074406278
 0.190000 0.05412251187635546 -3.5317401779464056E-7 0.10000414134595811
 0.200000 0.05395281625236207 -3.759967810966859E-7 0.10000564137733875
 0.210000 0.05378851911083578 -4.0101977643622616E-7 0.10000742061549397
 0.220000 0.05363123675952249 -4.266394106653482E-7 0.10000756816677706
 0.230000 0.05348176832775847 -4.5121869138758936E-7 0.10000641132199495
 0.240000 0.05333772993431392 -4.7393908225245306E-7 0.10000449719389845
 0.250000 0.05319787591064256 -4.948764449764888E-7 0.10000165961949493
 0.260000 0.05306160000142754 -5.141169437138838E-7 0.09999792560896709
 0.270000 0.05292910426886641 -5.318607429068004E-7 0.09999374317181299
 0.280000 0.0528005638562806 -5.483250553956284E-7 0.09998910061136057
 0.290000 0.05267616459965756 -5.637131684928649E-7 0.09998387579736412
 0.300000 0.05255610274894437 -5.78192213389265E-7 0.09997745898512155
 0.310000 0.05244134381985219 -5.919055858410668E-7 0.09996873925654898
 0.320000 0.05234358757117695 -6.060780317034807E-7 0.09996546078516007
 0.330000 0.05225805030986629 -6.211623028895677E-7 0.09996595462770265
 0.340000 0.05218141532123954 -6.370282811791638E-7 0.09996749729539933
 0.350000 0.05210999964686357 -6.536610820469219E-7 0.09996520622652147
 0.360000 0.052037913154035505 -6.714989908961516E-7 0.09995364168941742
 0.370000 0.05196646696337206 -6.898513825310503E-7 0.09993718809979305
 0.380000 0.05189669944115379 -7.07169186135787E-7 0.09991784911798603
 0.390000 0.051829833770947735 -7.229347493053049E-7 0.0998964191839063
 0.400000 0.051767525761763536 -7.372992123102295E-7 0.09987485200689979
 0.410000 0.0517106230704491 -7.505579575324886E-7 0.09985463303417492
 0.420000 0.051659264036876054 -7.629314406380932E-7 0.09983628708190474
 0.430000 0.05161334028410402 -7.745453145928122E-7 0.09981973454519757
 0.440000 0.05157278576040629 -7.854699782589149E-7 0.09980475272874023
 0.450000 0.05153764122176872 -7.957544699015164E-7 0.09979122759842976
 0.460000 0.05150801086947678 -8.054410472864991E-7 0.09977919354770613
 0.470000 0.05148401181826174 -8.145669546952278E-7 0.09976876877441757
 0.480000 0.05146575408631813 -8.231622023209432E-7 0.0997600820694604
 0.490000 0.05145334635837028 -8.312481773433149E-7 0.0997532341428625
 0.500000 0.05144691103793975 -8.388379525834286E-7 0.0997482932227399
 0.510000 0.05144656631323147 -8.459363162280753E-7 0.09974530372856773
 0.520000 0.05145231911253836 -8.525368328073473E-7 0.09974428536058375
 0.530000 0.05146408583167725 -8.58622954013611E-7 0.09974523396490324
 0.540000 0.05148175549579183 -8.641713835702718E-7 0.09974811868331883
 0.550000 0.051505229279082736 -8.69154739257416E-7 0.09975288143201308
 0.560000 0.051534436809049004 -8.735427113403653E-7 0.0997594426300551
 0.570000 0.051569340802443256 -8.773020908664856E-7 0.09976770958838285
 0.580000 0.051609937612319176 -8.803962921798333E-7 0.09977758316424021
 0.590000 0.0516562569704427 -8.827848011092771E-7 0.0997889608867067
 0.600000 0.05170836212422195 -8.844227288525462E-7 0.09980173686739495
 0.610000 0.05176635085043678 -8.852605044508096E-7 0.0998157995750462
 0.620000 0.05183035760344072 -8.852437020479549E-7 0.09983102847186023
 0.630000 0.051900457593784956 -8.841847749755521E-7 0.09984733226216086
 0.640000 0.05197519361287561 -8.80284421205154E-7 0.09986495484280465
 0.650000 0.0520518638788629 -8.721854915876185E-7 0.09988197529895108
 0.660000 0.05212979140325971 -8.596596475091271E-7 0.09989769763428617
 0.670000 0.05220403263540781 -8.433938508520174E-7 0.09990630259990325
 0.680000 0.05227647191536733 -8.243004428114876E-7 0.0999076044397496
 0.690000 0.05236549532058022 -8.044497444666386E-7 0.09991296892754475
 0.700000 0.05247197166748327 -7.84952761130648E-7 0.09992344868218227
 0.710000 0.052591144228551295 -7.659069188907457E-7 0.09993412606104132
 0.720000 0.052720419695965116 -7.471945437334714E-7 0.0999435903696247
 0.730000 0.05285702109403778 -7.28740015932283E-7 0.09995330502994358
 0.740000 0.052997921359619754 -7.104808649250216E-7 0.09996438059055518
 0.750000 0.05314077953199889 -6.923879030871424E-7 0.09997676769247398
 0.760000 0.053284426787168 -6.744037059459704E-7 0.09998990267558429
 0.770000 0.05342870937986178 -6.56646152162231E-7 0.10000345341469333
 0.780000 0.05357399315501787 -6.393884577295156E-7 0.10001749946708607
 0.790000 0.05372058843396154 -6.228901128481635E-7 0.10003231918581716
 0.800000 0.05386834996560271 -6.0309948898565E-7 0.10004743522070883
 0.810000 0.05401701088746985 -5.821527428776198E-7 0.10006382480866759
 0.820000 0.05416997326750451 -5.620824009896481E-7 0.10007969133314866
 0.830000 0.054342287483585966 -5.447942380031587E-7 0.10009112785574988
 0.840000 0.054529211447245096 -5.31350113789075E-7 0.10010257597519662
 0.850000 0.05471918828922909 -5.223443170691654E-7 0.10011730770011319
 0.860000 0.0549100235692602 -5.17246669642438E-7 0.10012571696080935
 0.870000 0.05510780661714087 -5.145824798064771E-7 0.10011834210294718
 0.880000 0.055314136332131905 -5.130644729547299E-7 0.10010405980816262
 0.890000 0.055528057774720335 -5.098712046822382E-7 0.10008798431335074
 0.900000 0.0557439704717771 -5.054919952911046E-7 0.1000723261371017
 0.910000 0.05595756390425756 -4.985868733964073E-7 0.10005728438136845
 0.920000 0.05616330886623481 -4.893421833093255E-7 0.10004594609763372
 0.930000 0.05636027584476787 -4.792488847468681E-7 0.10004772057305338
 0.940000 0.056547488457581 -4.6983981709762304E-7 0.10006060623983148
 0.950000 0.056727039700284164 -4.616908363685233E-7 0.10006439597894401
 0.960000 0.05689923958066263 -4.5519635375587267E-7 0.10005141105617442
 0.970000 0.05706788367164264 -4.507959220060315E-7 0.10002818208189788
 0.980000 0.057240573291773095 -4.5058562328975257E-7 0.09999186091552749
 0.990000 0.05740907810779894 -4.51242770742442E-7 0.09997972772797695
 1.000000 0.057566783536494505 -4.5401916055487583E-7 0.09996381821369384
