0.0 1.0 1.0
Linear 25 explicit
 0.000000 0.0 0.0 0.0 0.0 0.0 0.0 0.0 0.0 0.0 0.0 0.0 0.0 0.0 0.0 0.0 0.0 0.0 0.0 0.0 0.0 0.0 0.0 0.0 0.0 0.0
 0.010000 1.5332311517114985E-4 1.2480071291045083E-4 8.07734679962087E-5 1.708985673553118E-4 5.6162301664222636E-5 1.3001243997892356E-4 2.399217109333935E-19 -5.840594423701614E-19 -4.839162359640394E-19 2.444016325194185E-20 5.840803055825838E-19 5.993771981011207E-19 4.478809421916263E-20 -7.325342859919872E-19 3.5889888190165215E-4 2.2706166193143756E-4 -4.7337912302645616E-20 7.311386468630494E-19 7.697426305232073E-19 7.159745696358113E-4 5.400634172920241E-4 -1.9989018227670873E-18 1.4991048895512683E-23 -2.6417834679028017E-19 1.3234889800848443E-23
 0.020000 1.230146969845989E-4 1.4343813345384714E-4 1.224099890228878E-4 4.9782553748335765E-5 5.1342720045622143E-5 1.1740448652478589E-4 2.6203428044186314E-20 2.7514683886707694E-19 6.436699890194274E-5 2.2168478917172167E-5 -4.428248344225801E-19 4.7229519005074315E-5 1.3843206138348038E-18 -6.801553980570581E-19 3.8886305926252775E-4 1.0112539369455636E-4 1.0171873951872193E-4 2.4141644855798725E-19 2.993212660104849E-5 6.073931792830635E-4 6.373254257847171E-4 1.0171873951871737E-4 3.7558000121386346E-24 1.0171873951871629E-4 0.0
 0.030000 1.0969423642654192E-4 1.3399930646417185E-4 1.1741148144342204E-4 3.1416867347715824E-5 4.672210259903137E-5 1.0634737856317486E-4 2.8131631720132136E-19 1.4906067365524851E-19 7.193468287682607E-5 2.75861759760963E-5 -4.925415060175789E-19 5.380520979351695E-5 4.673586200308942E-19 3.967811769827923E-19 3.611048553559837E-4 7.813888545761466E-5 1.2387118699351457E-4 -3.6899692008648444E-20 5.319446336935091E-5 5.455909503985133E-4 5.987853292787247E-4 1.2387118699351196E-4 8.448912330612807E-11 1.2387118699351261E-4 8.448912330610959E-11
 0.040000 9.613076610136331E-5 1.242320340919003E-4 1.1212566405420868E-4 1.29692144318855E-5 4.198319794178465E-5 9.512826448191699E-5 -1.3642876179267216E-19 1.0370337955453328E-19 7.932394425889704E-5 3.287836999466165E-5 2.8409297779602016E-19 6.02240098247333E-5 6.022250564215089E-6 1.6593101006825514E-19 3.3248800022685047E-4 5.495218036336388E-5 1.4556974062726429E-4 -2.1353975030167142E-19 7.613087955611133E-5 4.8256798105157536E-4 5.58698628597393E-4 1.455697406272631E-4 2.3201029368327922E-10 1.4556974062726114E-4 2.3201029368328488E-10
 0.050000 8.208298199731374E-5 1.1407216749288796E-4 1.0661143306823858E-4 -3.046418595679849E-19 3.7202376713281074E-5 8.351518475529788E-5 -1.190995529893592E-19 -4.200232247278062E-19 8.686143117257098E-5 3.824021170437089E-5 2.198265257467863E-19 6.675183972726671E-5 1.4038308304272039E-5 2.948398596058006E-19 3.027658809927951E-4 3.1269146693754835E-5 1.676508776384759E-4 3.2194491391596604E-19 9.972263504293521E-5 4.175495108762039E-4 5.17271795136317E-4 1.6765087763847557E-4 3.5078281827167487E-10 1.6765087763847536E-4 3.5078281827166986E-10
 0.060000 6.731880355789329E-5 1.034907878651437E-4 1.0096252852017072E-4 -4.330819761637457E-19 3.2373500620845556E-5 7.132423258404826E-5 -1.111933727846596E-19 -2.9274834588721547E-19 9.4952125332283E-5 4.389265062875082E-5 1.3966370821137515E-19 7.371160708764644E-5 2.2421015500531645E-5 -8.591650911488649E-20 2.717711335228994E-4 6.577915482590846E-6 1.910837615001526E-4 3.6131688703380637E-19 1.2488686864048308E-4 3.496722951692329E-4 4.7455867059956745E-4 1.9108376150015228E-4 4.932101524289242E-10 1.910837615001518E-4 4.932101524289231E-10
 0.070000 5.151098654622191E-5 9.238185900312195E-5 9.521144250752339E-5 -1.2970194709362201E-19 2.734178255785459E-5 5.8375076267145624E-5 2.6369705003872248E-20 -1.2345693352574716E-19 1.039994614137436E-4 5.004453304458854E-5 3.8830839202419153E-19 8.142170956211011E-5 3.139392514598819E-5 -2.2215563435997076E-19 2.3910287565542723E-4 -2.811931892398611E-20 2.168136837204223E-4 -2.899182701403148E-19 1.523502098449192E-4 2.7752330203140895E-4 4.29872805675611E-4 2.1681368372042224E-4 7.062007099657174E-10 2.1681368372042183E-4 7.062007099657158E-10
 0.080000 3.504799998252708E-5 8.090873215450782E-5 8.93358222582923E-5 -1.734628324290705E-19 2.2088816390344517E-5 4.5079242045348066E-5 -1.1142143662275342E-20 7.595501077675886E-20 1.1349279281440015E-4 5.63436086989992E-5 -3.3557690811236668E-19 8.944255830615951E-5 4.0508462116976276E-5 -1.0262713280365068E-19 2.052905686452527E-4 6.3389394233815435E-19 2.434418274874632E-4 2.612187517604474E-20 1.8058137272020306E-4 2.02759015133472E-4 3.833393949786458E-4 2.434418274874642E-4 9.928750370770494E-10 2.4344182748746435E-4 9.928750370770417E-10
 0.090000 1.812345332790224E-5 6.916458022753199E-5 8.332703138373452E-5 4.955728864261932E-19 1.6561841977147765E-5 3.1746733306182464E-5 2.4504928450932974E-21 -7.448273918173971E-20 1.2314678829348393E-4 6.25873607863611E-5 -1.2433658602846497E-19 9.752506276913242E-5 4.9506647453936815E-5 -4.588489750845203E-20 1.7061243248007053E-4 7.708086110668656E-19 2.701758660574367E-4 -4.588489751081861E-20 2.086425975004444E-4 1.2631044413914606E-4 3.3495172541002664E-4 2.701758660574359E-4 1.3162295589265797E-9 2.701758660574363E-4 1.3162295589265787E-9
 0.100000 6.686529529634882E-7 5.712355585175968E-5 7.717405336100918E-5 6.489858388241069E-20 1.073670878020179E-5 1.8446875495968768E-5 3.6494848553989504E-20 2.6707402851802843E-19 1.329807184567424E-4 6.877529200062045E-5 -7.952941816913533E-20 1.0567674528927135E-4 5.839189720819187E-5 -5.44584128130977E-20 1.349630123627218E-4 5.712360882483132E-20 2.97046111151195E-4 4.718554085741834E-20 2.365370206708533E-4 4.8113236234542505E-5 2.8464863200388887E-4 2.97046111151195E-4 1.6249015055412425E-9 2.9704611115119494E-4 1.6249015055412396E-9
 0.110000 8.168701313988383E-20 3.911908972735586E-5 6.732400640916443E-5 4.230412238620402E-21 2.1307204653712137E-6 4.803004773084802E-20 1.4138893450589787E-20 3.091822586021026E-21 1.4496303038791637E-4 7.655614150196115E-5 -5.797722842362804E-21 1.1568547549403876E-4 7.023126662599935E-5 5.795784729662284E-20 8.188482498545242E-5 3.882416086194349E-20 3.308758659111672E-4 5.795784729677075E-20 2.7236419727788786E-4 -3.5594070352963495E-20 2.0820769431479516E-4 3.3087586591116727E-4 1.953298393770581E-9 3.308758659111673E-4 1.95329839377058E-9
 0.120000 -8.809032383193381E-19 1.1914680704764379E-5 5.176010274512709E-5 -1.6063727991399038E-19 7.73037125094699E-20 -4.255410209890478E-19 4.553308009092412E-21 -2.3267770571255684E-20 1.6017473575542727E-4 8.677681370261304E-5 3.989906201343561E-20 1.2850851894045189E-4 8.663799427402495E-5 6.258801614436626E-21 1.9072854164768041E-6 4.049667189977859E-19 3.753165474691489E-4 -3.439877985416422E-20 3.2056869160656816E-4 5.0505150037773216E-20 9.203219885878017E-5 3.753165474691489E-4 2.3507503779670357E-9 3.753165474691491E-4 2.3507503779670374E-9
 0.130000 9.44832145944917E-19 -1.638858538587813E-19 -2.57337551985159E-19 5.718290666319976E-19 1.0953979072782342E-20 6.831508809194623E-19 3.7034517025269316E-5 1.1575842892455454E-4 7.996703223367706E-5 1.0069774801412009E-4 1.4254804485810984E-4 8.523283905993049E-5 2.432391009764067E-4 1.5278625405400138E-4 2.634728079397176E-18 1.2664952514477953E-18 4.0842558847836903E-4 1.527862540540012E-4 5.612051506365483E-4 -1.371648239196944E-18 -1.5034494776359264E-18 4.0842558847836914E-4 6.691895822725442E-9 4.0842558847836935E-4 6.691895822725445E-9
 0.140000 -4.792254652635566E-19 1.5936904736173146E-18 -8.4126340513348E-19 1.820523854791299E-18 -1.8234215812376388E-19 1.2236453497507343E-18 1.3823966419616962E-4 4.496058581273351E-4 7.685620140317778E-20 1.1771511703727287E-4 4.42356018641978E-4 -1.0746418448228046E-19 5.600552930740566E-4 5.878296797183105E-4 1.9273640266553882E-18 -3.807677944577927E-19 4.2732178917207934E-4 5.878296797183106E-4 0.0010151356262851957 -3.720664816023307E-18 -1.2237256458433498E-18 4.273217891720798E-4 1.5842605193668175E-8 4.273217891720789E-4 1.584260519366817E-8
 0.150000 7.387540021045189E-18 -1.3093381966932927E-18 2.3602091000559073E-19 3.029538372189127E-19 6.114069429608277E-19 2.501920171275104E-19 2.455360547434803E-4 8.173405511602601E-4 9.12671375118429E-20 1.3023926115080444E-4 7.74530740487091E-4 -2.8313130541758203E-19 9.047437129505806E-4 0.0010628503172164223 -4.039475169471835E-18 4.300743564242737E-19 4.267024404449795E-4 0.0010628503172164221 0.0014895264689740893 2.9770304936017497E-18 -1.819241979031758E-18 4.267024404449788E-4 2.6288687316542037E-8 4.267024404449783E-4 2.6288687316542037E-8
 0.160000 -9.430492549962651E-18 6.675826849793137E-19 2.2407029928030687E-19 8.530530443998592E-19 -5.686676180796296E-19 -1.5340144520752744E-18 3.5418877330775254E-4 0.0012060184941850797 -6.091268365754565E-20 1.419210058097698E-4 0.0011296609043312544 -2.1421771806135635E-19 0.0012715440160463052 0.0015601693733981149 -5.9683444557150435E-18 -2.9043950462636405E-18 4.254349088413854E-4 0.001560169373398115 0.0019855663881447817 1.6979440109920504E-18 -1.1267623493877885E-18 4.254349088413873E-4 3.789409471670667E-8 4.254349088413858E-4 3.7894094716706676E-8
 0.170000 6.6441356601855534E-18 2.43735379694667E-18 4.117280234301404E-19 6.312504657544674E-19 3.650859740283929E-19 -4.413734666461449E-18 4.6369607685503984E-4 0.001617001451250235 2.6999400347886037E-19 1.52590638537342E-4 0.0015092834950304935 5.965447894426516E-19 0.0016618234435672608 0.002080646838104701 -1.0266960879296533E-17 -5.321132164299501E-18 4.2352217012103983E-4 0.0020806468381047026 0.0025041183182251616 -4.525435465039943E-18 -2.3104618026852862E-17 4.235221701210357E-4 5.069000057457157E-8 4.2352217012103766E-4 5.0690000574571564E-8
 0.180000 7.871156258321947E-18 -5.691035187236245E-19 -1.3165271963721942E-18 -4.819190091796682E-19 7.459173236140619E-20 -2.860116232775212E-18 5.735373839965435E-4 0.0020518338582205626 -2.5965372581746057E-19 1.6207408932898906E-4 0.0019151041492701682 -2.0323665618397958E-19 0.0020771136531538737 0.0026253066567718157 -4.06128854864037E-18 2.4415898894811846E-18 4.209362216018117E-4 0.0026253066567718157 0.0030461782929283466 1.6888128966326867E-17 -9.937141914483417E-18 4.209362216018074E-4 6.45854452871951E-8 4.2093622160181086E-4 6.458544528719509E-8
 0.190000 1.7584304894805197E-17 -5.725886681510808E-18 -1.2337956572090224E-18 -8.501321481723551E-19 -2.6707837440541176E-18 -5.333144966272898E-19 6.832531191782976E-4 0.002512118752065527 -1.1810559041824682E-18 1.7019002839604834E-4 0.0023487541604065043 3.942250374149046E-19 0.0025188647829966367 0.0031952924654379006 6.523190313885558E-18 1.062279090565142E-17 4.1759657833957616E-4 0.003195292465437902 0.00361280963797155 -3.736206545293859E-17 8.210592673714745E-18 4.1759657833957204E-4 7.940580591823043E-8 4.175965783395714E-4 7.940580591823046E-8
 0.200000 -1.6823379912919546E-18 4.748317806436801E-18 4.985591411218629E-18 2.3461870057195028E-18 2.66891524641796E-19 -3.66869753494117E-18 7.92441465431968E-4 0.0029994824956382526 -1.8377695103529056E-19 1.7674639520993775E-4 0.0028117451270852326 -1.723839538439511E-19 0.002988396483017845 0.0037918289217928986 1.189407413634437E-17 -7.306767101304082E-18 4.133766071782235E-4 0.0037918289217928995 0.00420511048969379 4.198682532263809E-18 1.1116087056726027E-17 4.1337660717821745E-4 9.503927732216254E-8 4.133766071782196E-4 9.503927732216253E-8
 0.210000 1.2902127097936415E-17 1.8595259744882395E-18 2.391353072190573E-19 1.2124359850943836E-17 -2.410199049610296E-18 -4.606140245014473E-18 9.006208221925854E-4 0.0035156131372139766 6.202878099710063E-19 1.8151271310944602E-4 0.003305642148606373 -9.721762390631305E-19 0.0034870432942606423 0.0044161223919513895 2.977035040886308E-18 3.694660833630947E-18 4.0810123153818377E-4 0.0044161223919513895 0.00482411205603439 -6.10241200310752E-17 4.820434177799336E-18 4.081012315381842E-4 1.1156745517728836E-7 4.081012315381827E-4 1.115674551772883E-7
 0.220000 1.0494438783031271E-17 -6.840922112262401E-18 -3.0289485753950693E-19 8.21975168845738E-20 2.8013894153362453E-18 -7.0083301287346E-18 0.0010070129474968356 0.004062327988294693 -1.8389095353406584E-18 1.8418105003636042E-4 0.003832349718679995 -5.158863116589536E-19 0.004016401543378892 0.005069211710454062 -8.933286270302843E-19 -5.668215389359139E-18 4.015457968609051E-4 0.005069211710454061 0.005470628281977509 -3.0160176824873164E-17 -3.1807306221904236E-18 4.0154579686090555E-4 1.2922533746133615E-7 4.015457968609064E-4 1.292253374613361E-7
 0.230000 -6.539491330178439E-17 1.129043664791796E-17 -5.2997521496826024E-18 2.451568327474842E-18 -4.0864003553245376E-20 -2.080530978126908E-18 0.0011104556235924403 0.0046415823622633304 -1.7237585312345434E-18 1.8436095486730887E-4 0.004394213909366906 -4.2381687981157626E-20 0.004578426786341164 0.005751889907962718 3.0053936942072846E-18 -4.629504301478192E-18 3.934348734095287E-4 0.005751889907962721 0.006145176703479204 -1.7812587400621783E-17 1.3173009862775698E-18 3.9343487340953E-4 1.4807789305364767E-7 3.9343487340952956E-4 1.4807789305364767E-7
 0.240000 -1.338855382892442E-17 5.974881381778509E-18 -5.5267661319377985E-18 -4.576495146744307E-18 3.738201778826778E-18 5.442393006045898E-18 0.0012096811717142507 0.005255314176456509 1.2512987560471449E-18 1.8163043743611634E-4 0.004993572862188914 -4.3116480579553665E-19 0.005175035575138357 0.006464827623684082 -1.9010733058700238E-17 1.0705266965181686E-17 3.834462313388012E-4 0.006464827623684082 0.006848106130536207 1.0080828031272386E-17 -7.925542700374345E-18 3.834462313387995E-4 1.6772448667873286E-7 3.834462313388012E-4 1.6772448667873286E-7
 0.250000 2.3195709421824955E-17 -4.445610199833756E-18 1.0213339533339089E-17 -8.40691532680795E-18 1.7012591695311962E-19 1.974678228153184E-18 0.001303663208444105 0.005905247807136596 -1.1767874668456927E-18 1.755859040565649E-4 0.005632188909573361 -9.84393058540999E-20 0.005807587223362596 0.007208723425313368 -1.0223272240930386E-17 1.492553716970398E-17 3.7121998679840194E-4 0.007208723425313363 0.007579755821844426 3.865215039928072E-18 -2.3275500557140782E-17 3.712199867983976E-4 1.8759026733137693E-7 3.712199867984002E-4 1.8759026733137693E-7
 0.260000 -5.104529930510344E-17 1.6197245357343193E-18 -4.354869889490125E-18 -2.193980355840063E-17 -1.818421742260038E-18 7.920266144371613E-18 0.0013914597951187337 0.006592907730818807 -1.71752276786049E-18 1.6581084223299094E-4 0.006311423616941316 -6.932687247178171E-19 0.0064770269384205915 0.007984160005183812 1.1126379669568754E-17 1.2137528759964188E-17 3.563656628634916E-4 0.007984160005183814 0.008340318147293592 -6.244133651678866E-18 -1.4080386514443682E-18 3.5636566286349465E-4 2.0752075371995715E-7 3.5636566286349075E-4 2.0752075371995717E-7
 0.270000 1.0613393631823873E-17 1.8233969836324356E-17 -1.3229687615550055E-17 -6.89257390122713E-18 -2.5747388866398745E-18 1.0356251354330917E-17 0.0014716866393971741 0.007319777197666326 -4.0630141775917597E-19 1.517924362428162E-4 0.007032943209369459 1.0991043184716294E-18 0.00718450786766891 0.008791236059120137 7.112569176168183E-17 -3.3939601518789156E-18 3.3847219572616583E-4 0.008791236059120144 0.009129480476902933 1.0426833010598575E-16 -6.504088962447204E-18 3.3847219572616193E-4 2.2777794336664506E-7 3.384721957261615E-4 2.277779433666451E-7
 0.280000 2.085011026919357E-17 1.8328960327630336E-18 1.0757125026332104E-18 -2.7069651386321996E-18 -8.532662867620301E-18 2.1151611900481552E-18 0.0015423613928409194 0.008087281847240755 8.967409837027154E-19 1.329249209886243E-4 0.007798885268328561 9.183127233438094E-19 0.007931561885804517 0.009629394936569006 -1.5880597936364784E-17 -1.467597511168654E-17 3.1711967831603305E-4 0.009629394936569011 0.009946266311372375 1.9007810906038193E-17 -2.297426078383791E-17 3.1711967831602784E-4 2.483035126571075E-7 3.1711967831602914E-4 2.483035126571075E-7
 0.290000 7.154400141153687E-17 -1.864049553787273E-17 1.3065109575728642E-18 4.967415679508446E-18 7.80012860277097E-18 -8.090866113846691E-18 0.0016014693550016371 0.008896456114829667 3.171759959657741E-19 1.0863629075223146E-4 0.008610986920893935 -1.2150081777381712E-18 0.00871935492737701 0.010497657185562146 -2.6319965240700403E-17 -1.2498187323500297E-17 2.9188942360548254E-4 0.010497657185562143 0.010789278324898465 7.683824106409073E-17 -2.863697346635437E-17 2.918894236054756E-4 2.6828426915575426E-7 2.9188942360548254E-4 2.6828426915575426E-7
 0.300000 -1.1423330179778608E-16 -2.1813138187457648E-17 6.492805584171341E-18 4.778042944512873E-18 -1.073556885781447E-18 1.7321645938625905E-17 0.0016474466851249038 0.009747640591439974 1.5558312259205443E-18 7.846169895498949E-5 0.009469809718745822 8.951079740771708E-19 0.009547984559818921 0.011394800418682979 -1.2255047496844192E-18 2.490703980121611E-17 2.62380280486027E-4 0.011394800418682984 0.011656893841287102 -1.0742484641583926E-16 -1.4811579190527391E-18 2.623802804860261E-4 2.8685788189401903E-7 2.623802804860196E-4 2.868578818940191E-7
 0.310000 -3.046954119345343E-17 9.097664017258104E-18 1.3039752224709194E-17 -4.3245117152668245E-18 6.5885193187746735E-18 -5.223555246778435E-18 0.0016787532170993598 0.010640564722346346 -3.646819829526913E-18 4.1940595797278844E-5 0.010375244479748275 -1.2781985472118875E-18 0.010416881229240265 0.012319014093140434 -9.00254426568816E-17 4.602916392210187E-17 2.2823621897804676E-4 0.012319014093140438 0.012546946465813232 -1.3713376164517103E-16 -7.852936413172312E-18 2.282362189780563E-4 3.038463052666145E-7 2.2823621897805283E-4 3.038463052666145E-7
 0.320000 6.3265328297593195E-18 -2.3478185957418856E-17 7.07725063200125E-18 -2.7290368503380613E-17 2.2652807230501814E-18 9.803817006044474E-19 0.0016933004691763126 0.011574476433792925 3.612364232232093E-18 1.3937897501802912E-18 0.011327216461470365 4.008729017069128E-19 0.011325404328418373 0.013267457697603308 1.1775062268221058E-16 7.682731033102162E-18 1.891170763851442E-4 0.013267457697603314 0.013456255568622538 2.0794332782969473E-16 -3.184389168281882E-17 1.8911707638514507E-4 3.192053659374399E-7 1.8911707638514594E-4 3.1920536593744E-7
 0.330000 -6.289565467765121E-17 1.8646912453390726E-17 -7.669862472802452E-18 -1.6290937810751582E-17 9.256084248126013E-18 -3.12903113286095E-18 0.0016889279554383508 0.012548447877562065 -3.459444417919617E-18 2.52827290692165E-19 0.012325499991397383 -8.403863487053918E-19 0.012272287323076189 0.01423704368356138 -2.619155736997428E-17 2.8301734688802034E-18 1.4227298517115812E-4 0.014237043683561386 0.014378984519293479 1.8250827894331943E-17 3.4656941267767528E-18 1.4227298517117243E-4 3.321494390452078E-7 1.422729851711707E-4 3.321494390452079E-7
 0.340000 -6.893279687256055E-17 1.9587685540019872E-17 -5.1015735002891735E-18 1.1316075001948754E-17 2.3918318051315667E-18 -8.578563599946326E-18 0.0016639604715172414 0.013559176047873793 6.624898674174101E-18 1.1787747867203857E-18 0.013367341798092257 1.8278801796006123E-18 0.013254882260445085 0.015222794940545709 -6.008337112115847E-17 -2.453674232116641E-17 8.987728651787408E-5 0.015222794940545709 0.015312330648218233 -1.0761740091812566E-16 -8.116986691718574E-17 8.987728651786974E-5 3.415788453281009E-7 8.987728651786584E-5 3.415788453281009E-7
 0.350000 -1.0071846126512549E-16 -2.0036283696693025E-17 -2.227562849037112E-18 -7.266492824370984E-18 -2.3216807001693718E-18 1.7023206449325077E-17 0.0016172984423096233 0.014602547375107345 5.9433842740354045E-18 4.673841339603588E-19 0.014448682268671595 3.948068013008423E-18 0.014268915383422991 0.01621949879304444 -3.458332279563712E-17 -5.7142255723839406E-18 3.1955054443900006E-5 0.01621949879304443 0.01625110682311582 -1.630931379576749E-16 -5.814640258932649E-17 3.19550544438961E-5 3.4702437250967055E-7 3.195505444389784E-5 3.4702437250967044E-7
 0.360000 -4.3950476377602163E-17 1.2163564089789345E-17 -1.1145894595684473E-17 -2.849105503871296E-17 -3.199722177677137E-18 -1.2917934768854878E-17 0.001550319089310223 0.01569808377708001 -1.6243485842149847E-18 6.963410847129915E-19 0.015581861831531423 -2.1509011608507116E-18 0.01530301421913996 0.017248054450884422 2.3104586690703932E-17 4.609191676940039E-17 8.93558587721304E-19 0.017248054450884426 0.017095725533729487 -2.241147523834489E-17 2.878433081220848E-17 -2.575888364131336E-18 3.484155058157725E-7 2.6282820639000595E-18 3.484155058157725E-7
 0.370000 1.597478468254682E-16 3.4142951093065845E-17 1.0100341412470286E-17 -3.3155431369912936E-17 1.4632187541819887E-17 1.3098442178413003E-18 0.001462397518503241 0.016849056282095754 5.043231115401189E-18 -1.5523399144698945E-18 0.016769454233160928 1.0787896785263924E-18 0.01635415181971081 0.018311109307522742 1.2788962386923639E-17 -1.434385111487843E-17 -1.0155204740020857E-17 0.01831110930752275 0.01781897631354935 -3.9001884935196673E-16 -5.388709916439544E-17 -1.579305603694548E-17 3.444930762488568E-7 -3.2163108360631418E-18 3.444930762488568E-7
 0.380000 -8.507702555231459E-17 -1.2093819744677149E-17 -1.6150109537844316E-18 8.505821600174939E-18 4.0195587196965935E-18 -5.241420339443498E-18 0.0013501095888879854 0.01801444093048925 -4.518801311661649E-18 6.40709458418409E-19 0.017978962173251258 -2.405433065744622E-18 0.017416655333645035 0.019364215546623816 3.010977024399252E-16 1.2841822786800336E-17 -5.001145881234617E-18 0.019364215546623816 0.01851127607207527 7.59022620824925E-17 -8.337522407503402E-18 -1.9653797981742308E-18 3.3497275339734323E-7 -5.86850761907156E-18 3.349727533973431E-7
 0.390000 1.434147140868537E-16 -4.9333038515455876E-17 -9.757919145255764E-18 -1.7558639991625928E-17 -1.4378933410924355E-17 -3.1115436031646688E-18 0.001214710244734385 0.019183779955230254 -4.642289313522585E-18 -2.088058516884261E-19 0.019199421198273798 -4.2982134152321005E-18 0.018480850435348438 0.02039817044492643 -3.424365386696349E-17 5.2518518533064024E-17 2.757315040755473E-18 0.020398170444926422 0.019167026279698067 -2.986130062049651E-17 -5.866180040451182E-17 -1.5794936491360578E-18 3.1975503819658036E-7 -2.7845104215345245E-19 3.197550381965803E-7
 0.400000 6.049229708033576E-17 -1.1150714324227101E-18 1.111376937324647E-17 -2.352969084363612E-18 -1.1823602170015544E-18 -1.3026170542200702E-17 0.0010580350578852738 0.02034403297748695 3.782612485731239E-18 5.191189552527501E-19 0.020417271548679523 2.117356732068566E-18 0.01953488966161354 0.021401769089641434 1.9397719103283563E-17 -3.761378603138075E-17 8.742806360317768E-18 0.021401769089641427 0.01977934782826597 2.8244320237581093E-17 -1.220357509374238E-16 1.5681700264224996E-17 2.98945730769783E-7 6.140721146403044E-18 2.989457307697831E-7
 0.410000 -2.403094395357351E-16 3.4122909326033647E-18 -3.0089463050216045E-17 1.1878646877574107E-17 2.642424946696133E-17 6.591679744863123E-18 8.831962285372729E-4 0.021480002238970907 -1.8830756250738388E-19 -8.722789647249173E-20 0.02161633167563209 2.8787477344048787E-18 0.02056493435423109 0.02236292589104831 2.832826201196975E-17 -4.278260829518461E-17 4.174408666444269E-18 0.022362925891048307 0.020341417296294247 -2.545531611458106E-17 -2.619863813603772E-16 1.7184834736270322E-17 2.7257645986483413E-7 2.4396851904674617E-18 2.7257645986483423E-7
 0.420000 7.341598597100835E-17 9.699166580108403E-18 7.129515076334451E-18 -3.8515374114988514E-18 2.0423442749499562E-17 -1.2217225622593221E-17 6.948801220988223E-4 0.022574497497824537 -3.931790655998309E-18 1.6604049476954034E-18 0.022777720289567767 1.8076397301239344E-18 0.021555066602001672 0.02326913641607016 4.8501926491632974E-17 -5.562966183426859E-17 1.3335470385758074E-17 0.023269136416070153 0.02084658062969181 1.747629782037053E-17 -1.2531218143401981E-16 6.396576481863467E-18 2.41203853258515E-7 -4.011764373984754E-18 2.41203853258515E-7
 0.430000 -1.6199813827430623E-16 -3.4847024451627984E-17 -2.10451536356238E-17 7.077405604320881E-18 2.50223709776812E-17 1.1858947700875493E-17 4.988366860148264E-4 0.0236088262634776 4.5618144203827615E-18 -4.381466675912133E-19 0.02388075084149304 -3.386435880349929E-19 0.02248804082012495 0.024107457004808347 -1.2975373453346402E-16 -9.150718661050243E-17 -2.7029569668669788E-18 0.02410745700480838 0.021288226413411073 -5.158873071509289E-20 -2.591698757803876E-16 3.3685751990139807E-18 2.0594468403530084E-7 -1.835595228891197E-18 2.0594468403530087E-7
 0.440000 -9.567023151131174E-17 1.964645543542369E-17 2.5585002168868807E-17 -4.1729537565288174E-17 1.0625319506259051E-17 9.87903130617247E-18 3.018344457116842E-4 0.024563182980169344 1.3436258001608212E-18 1.4039846850193337E-18 0.024903312239141405 8.744236237117947E-19 0.023345616567326685 0.024864849308128562 -8.459378268730927E-17 4.4300722863985764E-17 4.825504063421481E-20 0.02486484930812857 0.021659911021860875 5.305334589143386E-17 -1.7448000022487627E-16 9.589234158519276E-18 1.6811775244495906E-7 1.1323957634483461E-17 1.6811775244495906E-7
 0.450000 6.205360738794865E-17 5.122381474235031E-18 -1.4173013057478847E-17 2.5671067639359858E-17 -1.1445048322381107E-18 2.413367974063041E-17 1.1178581292734045E-4 0.025417074583918772 2.572947901354504E-18 1.540592382649755E-18 0.025822077228788484 -8.824109818893375E-19 0.02410870696523368 0.025528730981234628 -2.969003079054044E-16 -3.393711931575984E-18 1.706057285497303E-17 0.025528730981234656 0.021955606573728588 -4.784505269221689E-17 -3.9148061654428327E-16 2.2264743282887675E-17 1.2941561147252238E-7 4.917508523125915E-18 1.2941561147252238E-7
 0.460000 8.430707260256702E-17 5.191760453767377E-17 4.100295914163362E-17 -5.903979211396688E-18 -3.730672638185298E-18 -1.7939932232382748E-17 4.8522669425237384E-20 0.026148740875119713 1.9197472285587663E-18 9.623365679145866E-19 0.026612367754056933 -4.3501864234720195E-18 0.02475767348588931 0.026085781129235375 2.4079219405275724E-16 3.885596693095237E-18 -1.1748724747598901E-17 0.02608578112923538 0.022171641090843276 -7.35490565383442E-17 -4.591843674030018E-16 -1.2616086485577838E-17 9.196902229246388E-8 -3.075107367702244E-18 9.196902229246388E-8
 0.470000 2.486381574734895E-16 -4.07139158365445E-17 5.856972650190035E-17 -9.868801618614111E-18 -6.673975186797275E-18 2.657488687599314E-19 5.748595143069436E-20 0.026737257058054815 8.618076919799195E-18 3.3145234100885357E-18 0.0272503683573559 2.461079516314124E-19 0.025273559989477768 0.026523481260314462 -1.9352901840545138E-16 7.840217168994068E-18 2.1238717884726044E-17 0.026523481260314462 0.022304156177853127 8.832843889891335E-17 8.834976570669551E-17 1.4299823980817238E-17 5.8090661240212636E-8 2.6442888312654887E-17 5.8090661240212636E-8
 0.480000 1.2283161212194893E-16 7.788438109639093E-17 2.1597603506435765E-18 -6.31390097809182E-17 8.580232008762574E-18 -2.0524178156277668E-17 -5.52937654459173E-20 0.027168980114356627 -2.3850804385722233E-17 -2.0479747714098265E-18 0.027719194444730016 -9.614911378478892E-19 0.025641770090231275 0.02683625265493033 -6.450151940370525E-17 -1.9972460825177653E-17 -5.200011038244059E-18 0.026836252654930344 0.02234426289104783 -1.0489074972943321E-17 -4.706376557218088E-16 1.0412500245546416E-17 3.011939012466877E-8 -2.5149331011977932E-17 3.011939012466876E-8
 0.490000 -1.7464208279089397E-16 8.513719171333413E-17 1.0555404616969557E-17 9.968741599906237E-17 1.4040758661421676E-17 4.112608382151049E-17 6.341275271455186E-20 0.02742854776929924 1.2865872476281964E-17 1.7202845628883618E-18 0.02800090561895491 5.878006361221029E-19 0.025847796855886833 0.027015688228639614 1.2366081565447053E-16 5.33177954282238E-17 1.7311641685793023E-17 0.02701568822863959 0.02228788279391972 -4.389951520866248E-17 -1.0886942923678481E-16 2.2515812113723444E-17 1.0334618500423401E-8 1.1240109519874198E-17 1.0334618500423403E-8
 0.500000 2.287491026622396E-16 -6.039717109044093E-18 -4.726478839296888E-17 -5.540447190195999E-17 2.281209740855638E-17 -1.641961986116239E-17 -2.2802557159812445E-19 0.027504332938826336 3.560881097280371E-18 1.5001713282013784E-18 0.02808193866072764 4.1017276375110205E-18 0.025880599570593257 0.027055346146230484 1.171280728139878E-16 -3.318915833132358E-18 1.6652352913477797E-17 0.027055346146230504 0.02213165001596514 1.1208725282677495E-16 1.6976358090655002E-16 1.1448182485547374E-17 6.928615173587884E-10 1.6652352913477797E-17 6.928615173587885E-10
 0.510000 1.38159584974742E-17 -2.6827339129462398E-17 -4.057106722905205E-17 -2.077012363872794E-17 2.5855837796351185E-17 -1.2190162173918786E-17 2.051876548510769E-21 0.027400430692983955 -2.198300474076914E-17 -2.6846238113019132E-18 0.027965892263857282 -6.6538857410202685E-18 0.025745970719384066 0.026962010603181326 -2.1447804994164736E-16 3.663599753507229E-17 -3.3413681707742805E-18 0.026962010603181326 0.02189164728447015 -3.469992426496973E-17 3.1254715238060445E-17 -1.6351794240600335E-17 2.543437133180986E-9 -9.412900336693107E-18 2.5434371331809854E-9
 0.520000 2.7565769232227974E-16 -5.187698634225947E-18 1.252131014089298E-17 9.01599011390819E-18 1.149518192577336E-17 -8.966109669203633E-18 2.743076753842757E-19 0.027118267628717867 -2.0777694441802255E-18 2.3634553391769802E-20 0.027654608593400326 -1.805734954678415E-18 0.02544573891295598 0.026735937699586845 -2.865806829865323E-16 1.0014775743620513E-17 7.826870230572794E-18 0.026735937699586848 0.021570755584278244 -1.5798911187372371E-16 -4.4030601633040857E-16 3.490061540630776E-18 1.538898346210575E-8 4.35742327861918E-18 1.538898346210575E-8
 0.530000 8.664393333061181E-17 -1.0323756822765819E-16 7.159381150016536E-18 5.365097485957903E-17 -3.3660365413873135E-18 -2.4805362123750917E-17 7.96737218488967E-20 0.026666737055533997 -1.8998436363511758E-17 -3.4243273460402104E-18 0.027158394035001036 -6.072610081265829E-18 0.02498754946279803 0.026381506792682342 -3.254239002339331E-16 -5.503501377770767E-18 -2.6053204420922368E-17 0.026381506792682353 0.02116840416770806 -1.319117010690066E-16 4.874202710716452E-16 -2.1716395730981928E-17 3.736689767149587E-8 -1.4343820958080104E-17 3.736689767149587E-8
 0.540000 1.3859997844461116E-16 -5.405826836470145E-18 -1.2702884551357491E-17 -1.682423478477012E-17 1.855366971852625E-17 -3.412657934126441E-17 -1.4745950157865927E-19 0.026061494354210818 4.3767754151255016E-18 4.314106497516267E-20 0.026495152872155835 4.244136129728778E-18 0.024385988142691356 0.025907977917192106 -9.83350205052978E-17 -3.0508842957049036E-17 7.2179231435954495E-19 0.025907977917192113 0.020689971070004764 -4.067469735261186E-18 -4.319259349256939E-17 1.4599580122174002E-17 6.62501056526746E-8 1.1130133170219599E-17 6.62501056526746E-8
 0.550000 8.266758927979273E-18 6.387703857230997E-17 5.2504197729268234E-17 1.0434235185344132E-17 1.0760356891445025E-17 -1.3723220336418377E-18 5.3039743653770716E-6 0.025320806271445902 5.317661286585084E-18 5.218893412639804E-18 0.02568582023891486 3.516084376312784E-18 0.023658066126133546 0.02532601059459029 -1.7771264466577206E-16 1.859740360463327E-17 9.136328613744845E-18 0.025326010594590293 0.020141411476421536 9.942581992425997E-17 1.2070652882397107E-16 2.2146754683574054E-17 9.96512210174607E-8 9.136328613751156E-18 9.965122101746073E-8
 0.560000 -1.2948022488178588E-16 -4.288387082393811E-17 -4.5548983305205123E-17 1.2779539490963309E-17 7.468818718830249E-18 -3.839546811982894E-17 1.8270997086425046E-4 0.024459298269719494 1.79034958615299E-17 1.58997764365916E-18 0.024748398947765864 5.477389851785578E-19 0.022819786082420742 0.024641873044235072 -2.3274359749442715E-16 -1.6914698139597432E-17 5.835925109953855E-18 0.024641873044235093 0.019534956938454928 3.3443685980375955E-16 -4.0122234822403686E-17 1.14737764068911E-17 1.351963486626778E-7 1.147377640689741E-17 1.3519634866267772E-7
 0.570000 9.85602337715658E-17 2.0685183701328294E-17 -1.90235931097512E-17 1.6956512842521453E-17 -3.715748619718207E-18 1.2389517828604623E-17 3.704360126698816E-4 0.023501954759038057 -3.599611577614891E-18 4.135813010443166E-19 0.023710452838532098 -2.844970800107454E-18 0.021892372667396274 0.023872220064201206 -1.5674114943302757E-16 4.164333168358518E-17 1.165189375714467E-18 0.023872220064201196 0.01887154279461533 -1.7799287092498264E-16 4.246746581807138E-17 -2.1386215811971403E-17 1.7070750675196282E-7 -1.8705767072323236E-18 1.7070750675196282E-7
 0.580000 -3.535630188912075E-16 -2.0829222178321187E-17 -1.571675011926197E-17 1.595221520082524E-17 -6.858283297465199E-18 2.2826772238476643E-17 5.605895432373069E-4 0.022469314952023006 1.6930665445175448E-18 -2.270692481273437E-18 0.022595296377468498 -7.958113779932518E-18 0.020894924069348505 0.02302970017085989 1.206673850962309E-16 -1.6522438498675498E-18 -3.9987416808380555E-18 0.02302970017085989 0.01815779836975387 -1.7496678101594512E-16 5.2717253663604445E-17 -1.0070273846719015E-17 2.043244004323863E-7 -9.636592977724813E-18 2.0432440043238628E-7
 0.590000 8.655178118128634E-18 5.265693523409537E-18 3.931523046453513E-17 -1.921182933942152E-18 -9.411606592206082E-18 -8.144989217707998E-18 7.460936884995653E-4 0.02138119865628261 -1.0551863501049701E-17 -5.755511458446376E-19 0.021425232707642763 -4.18570601062209E-18 0.019845840399434028 0.02212705779803905 1.459666018483375E-16 -1.477138288755966E-17 -9.242985139030013E-18 0.022127057798039036 0.017400456749569693 -2.716359096845556E-16 3.4573256532219025E-17 -1.618187904293724E-17 2.345467431406403E-7 -1.4447155566947812E-17 2.3454674314064035E-7
 0.600000 -1.7528727970823056E-16 -1.0236222122922352E-17 -3.316818686775267E-18 4.380458919691791E-17 1.980478756137059E-17 -5.353086233119969E-18 9.209480006946532E-4 0.020256150048009305 4.930908683621987E-18 -1.010183279526272E-18 0.020220913772175525 -1.3401713980099355E-18 0.018762325391744144 0.021176837763598074 7.790722352507803E-17 -8.509585323522004E-18 -3.0115108125730266E-18 0.021176837763598078 0.01660630809886978 -9.972086976107199E-17 -4.7475015009224786E-17 -3.0115108125225395E-18 2.602851058382429E-7 4.361063960429378E-18 2.602851058382429E-7
 0.610000 -7.776534254104062E-17 -4.8994599466463387E-17 -1.42076697953195E-17 -1.9672736725092942E-17 -9.402281264085011E-18 -5.420649996633811E-18 0.0010803833642343513 0.01911102114622103 -4.278747574802918E-18 -3.3752040335323308E-18 0.019000866261106857 -8.864130697989608E-18 0.017659997365851596 0.020191123658673805 -1.1580827790629464E-16 -2.209293352871662E-18 1.7361591934084656E-18 0.020191123658673798 0.015782118823455815 1.842870024712648E-17 -5.2310072668084805E-18 -1.2575309483475924E-17 2.8085178157606645E-7 -1.0406905138530158E-17 2.808517815760664E-7
 0.620000 -1.9219866004791432E-17 3.9574492632856354E-17 1.0252756776449693E-17 3.007561093021678E-17 7.379490255567097E-18 -5.793543723450092E-19 0.001220885352163256 0.017960713201931253 -5.131458552024391E-18 3.684154507337564E-19 0.01778123109535629 4.155183723095043E-19 0.016552659851561465 0.01918130263907707 -7.652921255870804E-17 9.106362175951055E-18 5.384751082207543E-19 0.019181302639077056 0.014934542637432584 2.635339677857714E-17 -1.8378012521429483E-17 9.721559773411738E-19 2.959150174391113E-7 9.721559772906867E-19 2.959150174391113E-7
 0.630000 2.1750708623587484E-18 1.7175305656110675E-17 -1.4834103251760715E-17 2.0264607493161776E-17 7.51979828055125E-18 -1.0202369574082574E-17 0.0013401301910790306 0.01681804852899317 2.2625203509386785E-18 6.344550384145274E-19 0.016575665597509445 3.948470534068964E-18 0.015452196658467724 0.018157873269508462 -1.3558083901519272E-16 -1.3634436749956353E-17 1.1534209964840118E-17 0.01815787326950847 0.014070037119223089 3.156954363703287E-16 -1.0168727904072619E-16 9.365805619818622E-18 3.0545056373525965E-7 7.197401274797126E-18 3.0545056373525965E-7
 0.640000 1.4873493486910535E-16 -8.584390602805528E-19 4.778238820055357E-18 -4.1049810873279456E-17 3.3874902089794105E-18 1.7130898801807237E-18 0.0014368725339933479 0.015693746988742128 -3.997123016995171E-18 -5.03699227642886E-19 0.015395360702310745 9.725021466341328E-19 0.01436855579802158 0.01713030983837712 2.71727363284539E-17 1.5497892424918132E-17 -1.2812246000243181E-18 0.01713030983837714 0.013194794039421264 2.2981702208809667E-16 4.031739746816543E-17 2.6219032208730107E-18 3.0968435833842877E-7 -3.0159480760011252E-18 3.0968435833842877E-7
 0.650000 1.4813208529324398E-16 -6.717237375203332E-18 1.6776761698782022E-17 7.668920115907117E-18 -8.890164136624874E-19 -5.665958448521116E-18 0.001510792193140493 0.014596491219793405 -1.0709862056881995E-17 -7.07754684452064E-19 0.014249162054554027 -2.5022752737614822E-18 0.013309816997444879 0.016106974388770744 -1.029616347985266E-16 -2.6384541439082877E-17 -8.790691440996206E-18 0.01610697438877075 0.012314678154028987 2.4604021147771033E-19 4.7413136521356065E-17 -5.321244488992105E-18 3.090241631478068E-7 -4.0202018820095E-18 3.090241631478068E-7
 0.660000 1.0042636611353298E-17 -5.158692098361043E-17 -1.5883218863069195E-17 -1.280097787497473E-18 -3.871750222826663E-18 1.3467640064262415E-18 0.0015623172380628296 0.013533059370512378 -2.7636309376805077E-19 -1.996304851251902E-18 0.013143770044226517 -3.510188829457322E-18 0.012282325944091205 0.015095072610725326 5.4082295952939106E-17 1.7175743354580505E-17 -6.609519897596004E-18 0.015095072610725327 0.011435173103658427 -7.545236536116462E-18 4.9812877862116925E-17 2.497778351231746E-18 3.039978498712849E-7 -8.7779242426175E-18 3.039978498712849E-7
 0.670000 -5.441344329097407E-17 -1.1005428940574191E-17 1.5212618135099714E-17 -1.9310821063716376E-18 -4.326724570698357E-18 1.1001682847971746E-17 0.0015924494570518472 0.012508500494076048 1.4192877992564172E-18 -1.8115070003820933E-18 0.012083979820228505 9.999474202337636E-19 0.011290864929480336 0.014100654746880222 -2.0412028005531946E-17 5.098708647411459E-18 -2.9787712327357056E-18 0.014100654746880215 0.010561338756532077 -2.781205806058268E-18 7.341663848840064E-18 -8.103668877646967E-19 2.952042476619383E-7 4.906757191674215E-19 2.952042476619383E-7
 0.680000 3.7626611659045877E-17 -2.940041800175061E-18 4.1532372093020815E-18 3.945965203543796E-18 -1.1862916841669569E-19 -5.831714011527334E-18 0.0016026041773221727 0.011526334082292906 1.2608648777133333E-18 -3.907209690421209E-19 0.01107293748175157 1.3215173152999659E-18 0.010338840820809539 0.013128654988965907 1.1256992299898744E-16 -2.5406669071261E-17 -4.095592910078901E-18 0.013128654988965907 0.009697780289041414 9.80566978248585E-18 -4.304689056010815E-18 2.409620124682664E-18 2.8327064916832296E-7 5.011705338647875E-18 2.832706491683229E-7
 0.690000 5.1206015224517925E-17 -1.3445236967009207E-18 1.3415360735990044E-17 2.232294249968978E-17 -6.23874393279042E-18 -1.2164903714509038E-17 0.001594466934217536 0.010588760601349837 8.175981789598806E-19 3.431195724261007E-19 0.010112400842188968 2.3134262099919395E-18 0.009428481185940633 0.012182958718468561 1.318086021538596E-16 -1.4271764101539307E-17 1.7981809835151754E-18 0.01218295871846856 0.008848626163270534 1.2157737687764473E-16 -5.998896990051103E-17 9.308192452743364E-19 2.6881709882424374E-7 1.79818098326274E-18 2.6881709882424374E-7
 0.700000 -1.1071027794820802E-16 -1.3608594191931214E-17 -2.245015066012213E-17 -5.466068599660255E-18 8.51437109328767E-18 1.1750611221847854E-17 0.0015698710892370449 0.009696871224735903 3.4709097849705876E-18 4.688733287397879E-19 0.009202991741380236 2.5801325380882854E-18 0.008561027908170761 0.011266489882631885 3.6789872027957443E-17 -1.4746126213209303E-17 2.42850635635225E-18 0.011266489882631889 0.008017514119704196 1.1273523931180288E-17 -3.497858881533512E-17 2.862187225447426E-18 2.524313410622422E-7 -6.072597265566754E-19 2.5243134106224224E-7
 0.710000 1.434205699211338E-17 -6.780859189878038E-18 -4.157808404395553E-18 6.522385069109264E-18 1.795405223340119E-18 8.778261614230721E-18 0.001530700122520616 0.00885084716075028 2.360117117096266E-18 8.244873484758558E-19 0.008344427654779654 1.9809968994767787E-18 0.007736917713988325 0.010381312629799987 5.473794524149414E-17 -2.066348088112291E-18 1.9150108485310844E-18 0.010381312629799988 0.007207585682995743 2.834539416374413E-17 -2.6948013471644056E-17 6.685500407669252E-18 2.346534709010668E-7 2.3486917177272345E-18 2.3465347090106686E-7
 0.720000 2.6839139398609143E-17 -7.306689050440554E-18 -1.2188207008496105E-17 7.291000590149982E-18 3.550527371265919E-18 -6.3391014085626045E-18 0.0014788137344341518 0.008050142839292137 -2.6683258171226437E-18 6.735208046430797E-19 0.007535727108679394 -3.8197554961029636E-19 0.006955944419704576 0.009528740607156765 3.2996700590895616E-17 8.063715632215709E-18 -2.5179424178123937E-19 0.009528740607156756 0.006421488619012101 -6.077904444699228E-17 -2.135093217361242E-17 6.155674961566771E-19 2.1596656952883807E-7 -2.853879455645476E-18 2.1596656952883807E-7
 0.730000 -5.976653452497362E-17 -3.005785026572773E-17 -7.431107474922508E-18 -1.9610797295169694E-17 -9.149410927291665E-18 5.87384037076101E-18 0.001415994186269655 0.0072936501623825315 -1.3343956927054282E-20 -6.203634724981906E-19 0.006775388346991174 1.6750344230955343E-19 0.006217401902537013 0.008709447557001992 2.174815949502523E-17 -1.563258917303568E-17 1.9198455705269534E-18 0.008709447557002004 0.005661385979189998 -2.7636043181561735E-18 8.118272713635107E-18 -4.653992089411564E-19 1.9679165019121979E-7 -3.171833999744168E-20 1.9679165019121976E-7
 0.740000 7.481483600016365E-17 -2.4347768226193498E-17 -3.494338985163963E-18 1.880702576147377E-18 -2.148600199406387E-18 4.6381438229473005E-18 0.0013439097201005637 0.006579842412531506 9.861082033290097E-19 1.5024576525874677E-19 0.0060615414886446475 2.8937263178194106E-19 0.005520207546793145 0.00792357464579468 -1.8024749793520566E-18 -1.2096275296899062E-18 -1.2492940340775876E-19 0.007923574645794679 0.004928970848341397 4.4398158484045237E-17 -2.5138351043562547E-18 -2.0764933138816667E-18 1.7748683738312128E-7 -5.586102723514734E-19 1.7748683738312128E-7
 0.750000 3.657784163950844E-17 -5.255520132809889E-18 -8.250776175781347E-18 -5.324739688466789E-18 5.499407938898048E-18 -8.386725674735533E-18 0.0012640925653978844 0.0059068973933097315 -2.333084120267463E-19 9.294165441454292E-19 0.005392074556469467 6.904399497735585E-19 0.004863006026682998 0.007170831608677823 3.341255835187888E-18 5.803450173329687E-18 1.8427588887943004E-18 0.007170831608677829 0.004225486467668602 -9.049577122555553E-17 -8.215172358816425E-18 3.2487584726410714E-19 1.5835002978193316E-7 1.8427588887438134E-18 1.583500297819332E-7
 0.760000 2.659639347322513E-18 -1.6707903642491681E-18 2.809105240001369E-18 8.920556026687533E-20 -1.0992912804814745E-18 6.006075901057623E-18 0.0011779287769898435 0.005272800468736796 8.01676325619247E-20 -2.846741896410801E-19 0.004764735025731078 6.685016082061005E-19 0.004244254368205484 0.006450589622191478 6.603667847914598E-17 6.46082368965506E-19 1.2467215488206778E-18 0.006450589622191477 0.003551751314363601 4.572578552415313E-18 -2.2028375422133257E-18 1.0298811143235769E-18 1.3962353516906014E-7 -5.432105816192754E-20 1.396235351690601E-7
 0.770000 -3.677598220860436E-17 -4.0472376875807114E-18 -3.832571754113708E-18 -8.389548002306991E-18 -1.8296601364101573E-18 7.77709167365285E-18 0.0010866568591548723 0.004675429029601846 1.6011888029355736E-18 -2.7478030029511843E-19 0.004177209817408138 -7.997842067660172E-19 0.0036622903945982437 0.005761964389234264 2.3419787183956617E-18 7.205603780060112E-18 -1.6033903263265597E-18 0.005761964389234265 0.0029081883965087294 -1.202571719303046E-17 -3.007890618403455E-18 -2.687592498761577E-18 1.2149952245568732E-7 -1.8202307608236606E-18 1.2149952245568732E-7
 0.780000 -5.166600077413153E-18 3.534821810282147E-18 -8.065240055025632E-18 5.996709484843359E-18 -9.713088329515395E-19 -3.891788086650832E-18 9.913724680943624E-4 0.004112620300857202 1.0900422527841823E-18 -3.656834785267646E-19 0.0036271869557820903 -5.948983758207717E-19 0.0031153870036564166 0.0051038886431039685 2.6656289925438643E-17 6.185851079983875E-18 -1.6190260170038106E-18 0.0051038886431039685 0.0022948579291606603 7.511230269540295E-17 -5.84645110557252E-18 -3.1369090585592474E-18 1.0412584759381876E-7 -1.9442866688251925E-18 1.0412584759381878E-7
 0.790000 4.2797372191788795E-17 1.855255013161021E-18 5.133807951559613E-18 -2.304941162962369E-18 -1.9503990209722313E-19 1.887952536843444E-18 8.930371518902705E-4 0.003582224469803706 7.3201583999323825E-19 2.253810187101725E-19 0.0031124017381811676 8.371293838104462E-19 0.002601794461292963 0.004475174009609495 2.0852093062552835E-17 1.0129750779913718E-18 6.0013672783891015E-19 0.004475174009609492 0.0017114926565912202 -3.8412118003671694E-17 -8.050806082977888E-18 1.033817596883599E-18 8.761208448288941E-8 2.7487607616898947E-19 8.761208448288941E-8
 0.800000 -1.4208642458422826E-17 3.449002597752753E-18 4.432382262671907E-18 -4.341341085236877E-18 4.250717207162495E-19 -1.1192815779715223E-18 7.924896207050767E-4 0.003082145093832008 9.049014401109224E-19 4.924714780205236E-19 0.0026306698945145804 1.6700802654634002E-18 0.0021197725961146037 0.0038745626790290533 -2.4779819330462603E-17 5.663698780773959E-18 2.174879155438911E-18 0.003874562679029055 0.0011575351573526811 2.5307069372573312E-17 -1.532588980518621E-17 3.3675015451982093E-18 7.203550803347364E-8 8.738365484815491E-19 7.203550803347362E-8
 0.810000 7.649473403486864E-18 -1.0458739349228414E-18 7.741590816489292E-18 -3.230708818640292E-18 9.46362253992553E-19 1.6156975684524192E-18 6.904583489198634E-4 0.0026103687111822685 4.9684298383056484E-18 -1.2925170990373922E-20 0.002179910040796385 -4.658647493541801E-19 0.0016676146412226845 0.0033007696133810424 -2.3103563284841334E-17 5.173484547066249E-19 8.925447917004063E-18 0.00330076961338104 6.321764454250729E-4 -8.481596393466978E-18 3.646476165580458E-18 8.817027699780756E-18 5.7446721089767895E-8 9.14228835155165E-18 5.7446721089767895E-8
 0.820000 -4.80962983151217E-18 -2.0205187326767E-19 -2.8304148597835367E-18 -9.176993497092606E-19 -1.1487609448169858E-18 -6.341490213906486E-20 5.875745398730583E-4 0.0021649854936571806 3.2287324218574963E-18 3.380826343653682E-19 0.0017581575873556155 -3.4654925615032034E-18 0.001243664363731016 0.0027525161588123296 1.2208773920774067E-18 1.6068764294335234E-18 -4.71851404810371E-18 0.002752516158812332 1.343951423781035E-4 6.0522422419258906E-18 -2.0975016627809654E-18 -4.528778667880881E-18 4.3874717906900276E-8 -4.393253396320193E-18 4.387471790690026E-8
 0.830000 2.784340986701329E-18 1.2609895676400935E-18 5.57217565338589E-18 -4.739322741580643E-19 1.639102499747098E-19 -7.21397798571906E-19 4.902707314995786E-4 0.001788957050258725 1.2145092819131812E-18 1.664718007225384E-19 0.0011815251921458757 3.687827975918861E-18 1.1092032555630223E-4 0.0022792154646006403 -1.7125902685465037E-18 8.512741385818097E-19 -6.845889626208962E-19 0.002279215464600641 1.0107465521251029E-19 -4.262909948147446E-18 -2.870625451510723E-18 -3.4067659113816345E-20 1.2317157663231642E-8 3.047455197815929E-19 1.2317157663231642E-8
 0.840000 -1.84789030628886E-18 1.1724091753407222E-19 -4.606286296922894E-18 6.287514649846167E-4 -9.987395355506938E-20 1.0761606716055185E-18 4.2469808852660905E-4 0.0015302137498152777 1.4345931645495089E-18 1.5472903392907421E-18 8.405673709655284E-4 -1.6076927309371188E-19 2.6615035417488594E-19 0.001954914578203166 -8.35354601025746E-18 1.1206063727041542E-18 -2.0563525255702793E-18 0.0019549145782031666 3.4600035534715366E-19 -1.3933140643060515E-18 -1.0091096649093934E-18 -2.4031388665784823E-19 2.6012684521937285E-24 1.7981445518028474E-19 0.0
 0.850000 -4.1064130115666697E-19 6.494892565270588E-19 -2.941707334577143E-19 0.001043665751506435 -1.5778774788242178E-19 4.953749319725332E-19 3.640106828772643E-4 0.0012884930986260903 2.1551150203436494E-18 8.336085854641224E-19 6.401276974550747E-4 -2.229575277768689E-19 -1.2156433209238054E-19 0.0016525101950135468 -8.741498350225948E-18 1.5805748803282503E-4 -9.632924398175241E-19 0.0016525101950135475 9.832163854831932E-19 1.2402990516084852E-18 1.5887378941254817E-18 -1.613813743308038E-18 -6.5229113176179105E-25 -1.5867086889966892E-18 -1.6543612251060553E-24
 0.860000 -3.171362052639901E-19 1.849551711932395E-18 -1.7154317906967922E-18 0.0011476594173398477 9.662319709918312E-20 4.075393104996657E-19 2.9677644366506373E-4 0.0010322104726040115 -6.4830299599987425E-19 -8.49402701439688E-19 4.6889530098743164E-4 -4.461535877213916E-19 2.3316040874179836E-19 0.0013289941387410148 2.631675305616843E-18 5.195540000818973E-4 -2.1839706210698387E-19 0.001328994138741015 1.1739517708350153E-18 1.7689529843793494E-18 -2.7963153988502815E-19 -7.062880397254609E-19 6.4780669915541934E-24 -8.68918365601442E-19 -3.3087224502121107E-24
 0.870000 -5.343015199709263E-19 2.861500176501255E-19 9.022251413736054E-19 0.0012583561397232783 -4.3325915937807904E-20 6.556590593199414E-19 2.3304504566035923E-4 7.991035039835562E-4 4.763929129819156E-19 1.1722849811552569E-21 3.1361549653518715E-4 6.721570795096015E-19 -1.104941243697451E-19 0.0010321567206821789 1.9680399023128577E-18 8.656310426689037E-4 -2.365105553801823E-19 0.001032156720682179 9.755438026040868E-20 8.722353204841541E-19 6.5776714077513015E-19 1.9717031361086402E-19 2.5883133850069053E-24 -1.2809033813163187E-19 0.0
 0.880000 7.064885887805035E-19 5.505919911861665E-19 -9.167636973883163E-19 0.0013673021922246675 -2.091062250377003E-19 7.604532677272761E-20 1.6953983303640816E-4 5.763815848953266E-4 5.857043656732581E-19 5.03847172387255E-19 1.6758837423032087E-4 1.226598506197255E-19 -3.341406346447036E-19 7.459305628476855E-4 1.612569061921293E-18 0.0011968331499406962 -3.4574573094596465E-19 7.459305628476856E-4 7.615470929814513E-20 2.3564138698330574E-19 -6.038421737253037E-19 8.468766587880902E-19 -9.722898469083434E-24 1.9635535529047668E-19 0.0
 0.890000 1.221770166902295E-4 -1.2144705462536933E-18 3.1917877566156954E-19 0.0013995304026154548 4.390880789136906E-19 -5.116319523047049E-19 1.412560552814996E-4 4.755764147496365E-4 -1.1385060677320387E-18 -8.03503602803972E-20 1.0104354201013488E-4 2.1649858492757283E-19 5.53766881346969E-19 6.16841695620314E-4 -3.72838548664835E-18 0.0013265516341874183 -8.653023672252532E-19 6.168416956203143E-4 -3.3778047642694964E-19 6.692920930379897E-5 -2.8152118983223657E-18 1.104795880053899E-19 -3.39041597473638E-24 1.104795880053899E-19 0.0
 0.900000 1.494156755630248E-4 -4.360068292725854E-19 4.2323667413848496E-19 0.0013980970809865908 8.84451416579728E-21 9.29944666216195E-19 1.3879725863991327E-4 4.6054196269731945E-4 -6.4794590201126375E-21 -3.9266915665908363E-19 8.673025815424931E-5 -2.013736132496136E-19 3.096755825629893E-19 5.993480481068268E-4 1.890038361040998E-18 0.0013414972609940069 3.286188143491586E-19 5.993480481068262E-4 -3.156453277267099E-19 2.084316056906758E-4 7.230204125166552E-19 9.791401178278395E-19 -9.474428450944092E-24 -5.387429236518667E-19 -1.3234889800848443E-23
 0.910000 1.7570413528097828E-4 -2.2740003302653004E-19 -1.5351689319017632E-18 0.0013956424547455816 -2.809692178403691E-19 -2.0203979809948307E-18 1.362112961842914E-4 4.457502713043513E-4 -5.290536016969143E-19 -2.952983804942815E-20 7.295737374114041E-5 -2.296973119087991E-19 -2.6911644531275394E-19 5.819699490399493E-4 -3.223927167691322E-18 0.001354910352772619 -7.933758550210352E-19 5.819699490399493E-4 -6.469450552229046E-19 3.462082656298548E-4 -2.795721600212183E-18 -1.877578027493918E-18 -1.1098122204777148E-23 7.398588297367922E-20 -1.3234889800848443E-23
 0.920000 2.0111629930306068E-4 -3.301385422960023E-21 8.332407526295731E-19 0.0013922673509991373 -5.621966602561386E-19 5.669466084279625E-7 1.335109636426637E-4 4.312003116792545E-4 -8.671632826979988E-19 -4.339112046102993E-19 5.971038135766559E-5 1.8270075069132008E-19 -9.779770197977241E-19 5.647192201624006E-4 -4.912964384860242E-18 0.0013669069780153985 2.988759381581863E-20 5.647192201623991E-4 -3.854459764102426E-19 4.8037550047253766E-4 -1.894630605246895E-18 4.63568462778466E-19 1.0760988346064386E-23 2.467280282813651E-19 1.3234889800848443E-23
 0.930000 2.250199254721401E-4 1.8239008848130015E-18 6.709571973336879E-20 0.0013876561165051616 2.3382617052808873E-19 2.3994839030293486E-5 1.307414743497029E-4 4.1709177666944205E-4 3.663330567842527E-19 3.739117059658729E-19 4.7139901334317686E-5 -5.572540027613431E-20 5.982908273269089E-19 5.47840790236856E-4 4.332291408594169E-18 0.001376835577827455 -3.743626334342913E-19 5.478407902368542E-4 1.1330371670974696E-18 6.076248482482771E-4 5.331097880017796E-19 -1.5752219893087954E-19 -6.825172946149704E-24 -1.8922456749076866E-18 -1.3234889800848443E-23
 0.940000 2.4819486363481875E-4 9.134609354892597E-19 5.829452879339975E-19 0.0013822691342180193 3.1089228226170173E-6 4.71291811911389E-5 1.277798553805279E-4 4.031297857382288E-4 9.3671382835792E-19 9.45318404368089E-19 3.504431131619554E-5 1.3117493278515549E-20 3.640604326830364E-19 5.30916803649993E-4 8.19675905264531E-18 0.00138538521957187 1.9439044336888602E-18 5.309168036499944E-4 -9.948227772013457E-20 7.313659677476126E-4 3.524972331634204E-18 -6.581807802763504E-19 2.5396648662695197E-23 8.597022612096667E-19 1.3234889800848443E-23
 0.950000 2.7060888063148807E-4 -1.885271301470394E-18 5.237014222633397E-20 0.0013760106914398463 1.6391132146609352E-5 6.988537107241807E-5 1.2460446334176223E-4 3.8926588340351063E-4 1.8317808422620032E-18 1.8819495258476459E-19 2.341979206776822E-5 6.535964884194667E-19 -5.071923933489589E-20 5.138771353817527E-4 -1.1431405907425135E-21 0.0013924086122229361 6.49148262459581E-19 5.138771353817547E-4 1.6495425440539577E-18 8.512192322479577E-4 9.38349379819519E-19 2.1546739347800096E-19 7.83070354756225E-24 -1.519256082505117E-18 0.0
 0.960000 2.9244920329768903E-4 1.553303625060005E-18 -2.986698479126147E-19 0.001368781503668814 2.9128772019589383E-5 9.23707202744162E-5 1.2118866117346277E-4 3.7534866406490816E-4 -4.555172130491143E-19 -7.824009855408368E-19 1.220598501143959E-5 -9.63257316030266E-20 7.933071637696886E-19 4.965437181236352E-4 -1.312261094229359E-18 0.0013979166685736681 -1.5140232469092472E-18 4.965437181236343E-4 -3.6625246119112823E-19 9.680117691158953E-4 6.398314256199395E-19 -1.5140232469155581E-18 1.4113239198187587E-23 -2.1298063993295278E-19 3.970466940254533E-23
 0.970000 3.1372216670609755E-4 9.732236015270152E-19 -4.3513186018082594E-18 0.0013603856407335812 4.140015620038166E-5 1.1452999987376903E-4 1.1755076608323989E-4 3.613068103056885E-4 -1.7283800265195574E-19 -3.7873704969931073E-19 1.394287814094828E-6 7.400766093520508E-19 9.904270030605874E-19 4.788635427663449E-4 8.732272181188601E-19 0.0014017917633113626 2.004866355008573E-18 4.788635427663435E-4 2.347884167533344E-19 0.0010818089535749862 -2.8532986114413493E-18 7.038237480196568E-19 3.9177896358982905E-24 -1.6353798999399032E-19 0.0
 0.980000 3.344877905821153E-4 2.1881222766846055E-18 2.837026698626583E-19 0.0013504708324128727 5.331944272764682E-5 1.3641072591941635E-4 1.1367399178836494E-4 3.4697105759987827E-4 2.798432071835343E-19 -6.769537180872231E-20 9.328033255339499E-19 -8.438652526235582E-20 2.4231100106661686E-19 4.606505676221802E-4 -3.550352527652103E-18 0.0014037957933744636 -2.1139510269261374E-18 4.606505676221799E-4 -2.381166430832398E-18 0.0011930680583442327 -2.268557993606636E-18 -3.4149936339150536E-18 2.0114032466374722E-23 2.656538532010082E-18 -1.3234889800848443E-23
 0.990000 3.5465876170305544E-4 -1.1555270659283203E-18 1.5393886174111512E-18 0.0013389819348402184 6.487882373754012E-5 1.5790142954818834E-4 1.0958599423159134E-4 3.3235914634326835E-4 -4.795768693980395E-19 6.460400182704561E-19 -3.1763272048268417E-19 2.9623519703330746E-19 1.031638294751369E-19 4.4195020902885703E-4 4.425391532472746E-18 0.0014038658270317669 3.3330882664034484E-19 4.4195020902885877E-4 -1.8645244198791534E-19 0.0013013768120009239 -2.412656442563401E-18 1.6343514336103284E-18 -9.392991435082807E-24 3.8027557785687155E-18 -1.3234889800848443E-23
 1.000000 3.742025968589339E-4 -2.7865546152544134E-18 5.496052660226832E-19 0.0013257659156323998 7.60592213365496E-5 1.789849280482383E-4 1.0526051992127096E-4 3.1739338674272515E-4 -6.544442970852036E-19 -2.0818165263558178E-20 -8.572626747104821E-20 -8.425528606460681E-19 1.1523098096817917E-18 4.226585405177492E-4 3.917315079270229E-19 0.0014018297708227221 -6.52680775250719E-19 4.226585405177495E-4 -1.7863995331586567E-18 0.0014065845121269368 -2.749830260666786E-18 -2.1899990626913897E-19 -1.2735948114077564E-23 2.3830853076960717E-18 1.3234889800848443E-23
