0.0 5.0 1.0
Linear 1 explicit
 0.000000000 0.0
 0.010000000 0.0
 0.020000000 0.0
 0.030000000 0.0
 0.040000000 0.0
 0.050000000 0.0
 0.060000000 0.0
 0.070000000 0.0
 0.080000000 0.0
 0.090000000 0.0
 0.100000000 0.0
 0.110000000 0.0
 0.120000000 0.0
 0.130000000 0.2
 0.140000000 0.2
 0.150000000 0.2
 0.160000000 0.2
 0.170000000 0.2
 0.180000000 0.2
 0.190000000 0.2
 0.200000000 0.2
 0.210000000 0.2
 0.220000000 0.2
 0.230000000 0.2
 0.240000000 0.3
 0.250000000 0.3
 0.260000000 0.3
 0.270000000 0.3
 0.280000000 0.3
 0.290000000 0.3
 0.300000000 0.3
 0.310000000 0.3
 0.320000000 0.3
 0.330000000 0.3
 0.340000000 0.3
 0.350000000 0.3
 0.360000000 0.3
 0.370000000 0.3
 0.380000000 0.4
 0.390000000 0.4
 0.400000000 0.4
 0.410000000 0.4
 0.420000000 0.4
 0.430000000 0.4
 0.440000000 0.4
 0.450000000 0.4
 0.460000000 0.4
 0.470000000 0.4
 0.480000000 0.4
 0.490000000 0.4
 0.500000000 0.4
 0.510000000 0.4
 0.520000000 0.4
 0.530000000 0.4
 0.540000000 0.4
 0.550000000 0.5
 0.560000000 0.5
 0.570000000 0.5
 0.580000000 0.5
 0.590000000 0.5
 0.600000000 0.5
 0.610000000 0.5
 0.620000000 0.5
 0.630000000 0.5
 0.640000000 0.5
 0.650000000 0.5
 0.660000000 0.5
 0.670000000 0.5
 0.680000000 0.5
 0.690000000 0.5
 0.700000000 0.5
 0.710000000 0.5
 0.720000000 0.5
 0.730000000 0.5
 0.740000000 0.5
 0.750000000 0.5
 0.760000000 0.5
 0.770000000 0.5
 0.780000000 0.5
 0.790000000 0.5
 0.800000000 0.5
 0.810000000 0.5
 0.820000000 0.5
 0.830000000 0.5
 0.840000000 0.5
 0.850000000 0.5
 0.860000000 0.5
 0.870000000 0.5
 0.880000000 0.5
 0.890000000 0.5
 0.900000000 0.5
 0.910000000 0.5
 0.920000000 0.5
 0.930000000 0.5
 0.940000000 0.5
 0.950000000 0.2
 0.960000000 0.2
 0.970000000 0.2
 0.980000000 0.2
 0.990000000 0.2
 1.000000000 0.2
 1.010000000 0.2
 1.020000000 0.2
 1.030000000 0.2
 1.040000000 0.2
 1.050000000 0.2
 1.060000000 0.2
 1.070000000 0.2
 1.080000000 0.2
 1.090000000 0.2
 1.100000000 0.2
 1.110000000 0.2
 1.120000000 0.2
 1.130000000 0.2
 1.140000000 0.2
 1.150000000 0.2
 1.160000000 0.2
 1.170000000 0.2
 1.180000000 0.2
 1.190000000 0.2
 1.200000000 0.2
 1.210000000 0.2
 1.220000000 0.2
 1.230000000 0.2
 1.240000000 0.2
 1.250000000 0.2
 1.260000000 0.2
 1.270000000 0.2
 1.280000000 0.2
 1.290000000 0.2
 1.300000000 0.2
 1.310000000 0.2
 1.320000000 0.2
 1.330000000 0.2
 1.340000000 0.2
 1.350000000 0.2
 1.360000000 0.2
 1.370000000 0.2
 1.380000000 0.2
 1.390000000 0.2
 1.400000000 0.2
 1.410000000 0.2
 1.420000000 0.2
 1.430000000 0.2
 1.440000000 0.2
 1.450000000 0.2
 1.460000000 0.2
 1.470000000 0.2
 1.480000000 0.2
 1.490000000 0.2
 1.500000000 0.2
 1.510000000 0.2
 1.520000000 0.2
 1.530000000 0.2
 1.540000000 0.2
 1.550000000 0.2
 1.560000000 0.2
 1.570000000 0.2
 1.580000000 0.2
 1.590000000 0.2
 1.600000000 0.2
 1.610000000 0.2
 1.620000000 0.2
 1.630000000 0.2
 1.640000000 0.2
 1.650000000 0.2
 1.660000000 0.2
 1.670000000 0.2
 1.680000000 0.2
 1.690000000 0.2
 1.700000000 0.2
 1.710000000 0.2
 1.720000000 0.2
 1.730000000 0.2
 1.740000000 0.2
 1.750000000 0.2
 1.760000000 0.2
 1.770000000 0.2
 1.780000000 0.2
 1.790000000 0.2
 1.800000000 0.2
 1.810000000 0.2
 1.820000000 0.2
 1.830000000 0.2
 1.840000000 0.2
 1.850000000 0.2
 1.860000000 0.2
 1.870000000 0.2
 1.880000000 0.2
 1.890000000 0.2
 1.900000000 0.2
 1.910000000 0.2
 1.920000000 0.2
 1.930000000 0.2
 1.940000000 0.2
 1.950000000 0.2
 1.960000000 0.2
 1.970000000 0.2
 1.980000000 0.2
 1.990000000 0.2
 2.000000000 0.2
 2.010000000 0.2
 2.020000000 0.2
 2.030000000 0.2
 2.040000000 0.2
 2.050000000 0.2
 2.060000000 0.2
 2.070000000 0.2
 2.080000000 0.2
 2.090000000 0.2
 2.100000000 0.2
 2.110000000 0.2
 2.120000000 0.2
 2.130000000 0.2
 2.140000000 0.2
 2.150000000 0.2
 2.160000000 0.2
 2.170000000 0.2
 2.180000000 0.2
 2.190000000 0.2
 2.200000000 0.2
 2.210000000 0.2
 2.220000000 0.2
 2.230000000 0.2
 2.240000000 0.2
 2.250000000 0.2
 2.260000000 0.2
 2.270000000 0.2
 2.280000000 0.2
 2.290000000 0.2
 2.300000000 0.2
 2.310000000 0.2
 2.320000000 0.2
 2.330000000 0.2
 2.340000000 0.2
 2.350000000 0.2
 2.360000000 0.2
 2.370000000 0.2
 2.380000000 0.2
 2.390000000 0.2
 2.400000000 0.2
 2.410000000 0.2
 2.420000000 0.2
 2.430000000 0.2
 2.440000000 0.2
 2.450000000 0.2
 2.460000000 0.2
 2.470000000 0.2
 2.480000000 0.2
 2.490000000 0.2
 2.500000000 0.2
 2.510000000 0.2
 2.520000000 0.2
 2.530000000 0.2
 2.540000000 0.2
 2.550000000 0.2
 2.560000000 0.2
 2.570000000 0.2
 2.580000000 0.2
 2.590000000 0.2
 2.600000000 0.2
 2.610000000 0.2
 2.620000000 0.2
 2.630000000 0.2
 2.640000000 0.2
 2.650000000 0.2
 2.660000000 0.2
 2.670000000 0.2
 2.680000000 0.2
 2.690000000 0.2
 2.700000000 0.2
 2.710000000 0.2
 2.720000000 0.2
 2.730000000 0.2
 2.740000000 0.2
 2.750000000 0.2
 2.760000000 0.2
 2.770000000 0.2
 2.780000000 0.2
 2.790000000 0.2
 2.800000000 0.2
 2.810000000 0.2
 2.820000000 0.2
 2.830000000 0.2
 2.840000000 0.2
 2.850000000 0.2
 2.860000000 0.2
 2.870000000 0.2
 2.880000000 0.2
 2.890000000 0.2
 2.900000000 0.2
 2.910000000 0.2
 2.920000000 0.2
 2.930000000 0.2
 2.940000000 0.2
 2.950000000 0.2
 2.960000000 0.2
 2.970000000 0.2
 2.980000000 0.2
 2.990000000 0.2
 3.000000000 0.2
 3.010000000 0.2
 3.020000000 0.2
 3.030000000 0.2
 3.040000000 0.2
 3.050000000 0.2
 3.060000000 0.2
 3.070000000 0.2
 3.080000000 0.2
 3.090000000 0.2
 3.100000000 0.2
 3.110000000 0.2
 3.120000000 0.2
 3.130000000 0.2
 3.140000000 0.2
 3.150000000 0.2
 3.160000000 0.2
 3.170000000 0.2
 3.180000000 0.2
 3.190000000 0.2
 3.200000000 0.2
 3.210000000 0.2
 3.220000000 0.2
 3.230000000 0.2
 3.240000000 0.2
 3.250000000 0.2
 3.260000000 0.2
 3.270000000 0.2
 3.280000000 0.2
 3.290000000 0.2
 3.300000000 0.2
 3.310000000 0.2
 3.320000000 0.2
 3.330000000 0.2
 3.340000000 0.2
 3.350000000 0.2
 3.360000000 0.2
 3.370000000 0.2
 3.380000000 0.2
 3.390000000 0.2
 3.400000000 0.2
 3.410000000 0.2
 3.420000000 0.2
 3.430000000 0.2
 3.440000000 0.2
 3.450000000 0.2
 3.460000000 0.2
 3.470000000 0.2
 3.480000000 0.2
 3.490000000 0.2
 3.500000000 0.2
 3.510000000 0.2
 3.520000000 0.2
 3.530000000 0.2
 3.540000000 0.2
 3.550000000 0.2
 3.560000000 0.2
 3.570000000 0.2
 3.580000000 0.2
 3.590000000 0.2
 3.600000000 0.2
 3.610000000 0.2
 3.620000000 0.2
 3.630000000 0.2
 3.640000000 0.2
 3.650000000 0.2
 3.660000000 0.2
 3.670000000 0.2
 3.680000000 0.2
 3.690000000 0.2
 3.700000000 0.2
 3.710000000 0.2
 3.720000000 0.2
 3.730000000 0.2
 3.740000000 0.2
 3.750000000 0.2
 3.760000000 0.2
 3.770000000 0.2
 3.780000000 0.2
 3.790000000 0.2
 3.800000000 0.2
 3.810000000 0.2
 3.820000000 0.2
 3.830000000 0.2
 3.840000000 0.0
 3.850000000 0.0
 3.860000000 0.0
 3.870000000 0.0
 3.880000000 0.0
 3.890000000 0.0
 3.900000000 0.0
 3.910000000 0.0
 3.920000000 0.0
 3.930000000 0.0
 3.940000000 0.0
 3.950000000 0.0
 3.960000000 0.0
 3.970000000 0.0
 3.980000000 0.0
 3.990000000 0.0
 4.000000000 0.0
 4.010000000 0.0
 4.020000000 0.0
 4.030000000 0.0
 4.040000000 0.0
 4.050000000 0.0
 4.060000000 0.0
 4.070000000 0.0
 4.080000000 0.0
 4.090000000 0.0
 4.100000000 0.0
 4.110000000 0.0
 4.120000000 0.0
 4.130000000 0.0
 4.140000000 0.0
 4.150000000 0.0
 4.160000000 0.0
 4.170000000 0.0
 4.180000000 0.0
 4.190000000 0.0
 4.200000000 0.0
 4.210000000 0.0
 4.220000000 0.0
 4.230000000 0.0
 4.240000000 0.0
 4.250000000 0.0
 4.260000000 0.0
 4.270000000 0.0
 4.280000000 0.0
 4.290000000 0.0
 4.300000000 0.0
 4.310000000 0.0
