0.0 1.0 1.0
Linear 1 explicit
 0.000000 35.25326369314795
 0.010000 35.25326369314795
 0.020000 36.79792554478224
 0.030000 38.74186791278238
 0.040000 40.54591637723828
 0.050000 42.108064966815604
 0.060000 43.294248690617785
 0.070000 44.34636742352341
 0.080000 45.22944768964641
 0.090000 45.93766057633912
 0.100000 46.427289238743946
 0.110000 47.033496154102316
 0.120000 47.33077069913382
 0.130000 47.73879458447118
 0.140000 48.030240216855006
 0.150000 48.190535314666114
 0.160000 48.356659325124895
 0.170000 48.62478930691802
 0.180000 48.793827773700635
 0.190000 48.95412287151174
 0.200000 49.01532645431235
 0.210000 49.07070112446528
 0.220000 49.105674600351335
 0.230000 48.983267434750125
 0.240000 48.65976278280408
 0.250000 48.091443799655615
 0.260000 47.1996201645611
 0.270000 45.95223285795831
 0.280000 44.497919152363
 0.290000 42.78713329026992
 0.300000 40.62460669798192
 0.310000 38.44750782407471
 0.320000 35.81866821997257
 0.330000 33.5599645689979
 0.340000 31.423668083624435
 0.350000 29.38354865693763
 0.360000 27.809742242064956
 0.370000 26.25342256513531
 0.380000 24.7757932089493
 0.390000 23.312736134382476
 0.400000 21.82344895290111
 0.410000 20.660580879689633
 0.420000 19.486054981182804
 0.430000 18.492225374753946
 0.440000 17.728637817908314
 0.450000 16.938820154148136
 0.460000 16.586170938963704
 0.470000 16.248094005398464
 0.480000 15.94499054771928
 0.490000 15.676860565926157
 0.500000 15.56902568194414
 0.510000 15.493249817524346
 0.520000 15.426217322076067
 0.530000 15.388329389866168
 0.540000 15.309639069122534
 0.550000 15.274665593236474
 0.560000 15.198889728816678
 0.570000 15.070653650567795
 0.580000 15.035680174681733
 0.590000 15.070653650567795
 0.600000 15.082311475863147
 0.610000 15.088140388510825
 0.620000 15.120199408073045
 0.630000 15.172659621902135
 0.640000 15.143515058663752
 0.650000 15.0939693011585
 0.660000 15.021107893062544
 0.670000 15.035680174681733
 0.680000 15.02693680571022
 0.690000 15.029851262034057
 0.700000 14.997792242471837
 0.710000 14.959904310261939
 0.720000 14.939503115995072
 0.730000 14.968647679233452
 0.740000 14.948246484966585
 0.750000 14.916187465404365
 0.760000 14.919101921728203
 0.770000 14.991963329824161
 0.780000 15.050252456300925
 0.790000 15.11145603910153
 0.800000 15.161001796606781
 0.810000 15.193060816169002
 0.820000 15.245521029998091
 0.830000 15.286323418531826
 0.840000 15.324211350741725
 0.850000 15.370842651923136
 0.860000 15.408730584133036
 0.870000 15.429131778399903
 0.880000 15.446618516342934
 0.890000 15.472848623257478
 0.900000 15.525308837086568
 0.910000 15.542795575029597
 0.920000 15.557367856648789
 0.930000 15.56902568194414
 0.940000 15.58942687621101
 0.950000 15.598170245182523
 0.960000 15.609828070477878
 0.970000 15.621485895773231
 0.980000 15.624400352097071
 0.990000 15.638972633716262
 1.000000 15.647716002687774
