0 1000000000 1.0
Linear 1 explicit
0.0  0.030000000000000027
0.036  0.8389199999999999
0.07  0.8379
0.112  0.8366399999999999
0.156  0.83532
0.192  0.0
0.238  -0.030000000000000027
0.27  0.005275590551181104
0.316  0.0
0.354  0.0
0.392  0.8099999999999999
0.436  0.81
0.472  0.8099999999999999
0.514  0.8099999999999999
0.552  0.8099999999999999
0.588  0.0
0.63  -0.030000000000000027
0.664  0.0
0.708  0.0
0.752  0.030000000000000027
0.792  0.78
0.83  0.7854807692307693
0.872  0.7915384615384615
0.914  0.7975961538461539
0.958  0.8039423076923077
1.0  0.8099999999999999
