0.0 1.0 1.0
Linear 1 explicit
 0.000000 40.12577392440671
 0.010000 40.12577392440671
 0.020000 41.35307628161569
 0.030000 42.87493120455482
 0.040000 44.57562161383012
 0.050000 45.92214762859655
 0.060000 47.107371047844076
 0.070000 48.14181160606307
 0.080000 49.127160069993714
 0.090000 49.79691649921347
 0.100000 50.33692953638542
 0.110000 50.92603466784573
 0.120000 51.37137009460441
 0.130000 51.65890950400766
 0.140000 52.03411336749726
 0.150000 52.304119886083235
 0.160000 52.440876434457955
 0.170000 52.57763298283267
 0.180000 52.721402687534294
 0.190000 52.92127764285119
 0.200000 53.0194618314279
 0.210000 53.14569864531225
 0.220000 53.2263499430717
 0.230000 53.10011312918735
 0.240000 52.64075138977484
 0.250000 51.80618578687273
 0.260000 50.55784396068304
 0.270000 49.021962725090084
 0.280000 47.18802234560352
 0.290000 44.88069391405064
 0.300000 42.30335896391178
 0.310000 39.350820150283326
 0.320000 36.35970897685687
 0.330000 33.971729247544545
 0.340000 31.899341552943095
 0.350000 29.805914389360925
 0.360000 28.17535554335471
 0.370000 26.69207298021357
 0.380000 25.163204900947527
 0.390000 23.627323665354574
 0.400000 22.308850275895786
 0.410000 20.944791370312092
 0.420000 19.85424556147783
 0.430000 18.837337894076104
 0.440000 17.87302889912619
 0.450000 17.262884298685155
 0.460000 16.908719904176277
 0.470000 16.56156866599431
 0.480000 16.27052267842761
 0.490000 16.004022738005087
 0.500000 15.853239876976557
 0.510000 15.748042532072928
 0.520000 15.719989906765296
 0.530000 15.646351765332756
 0.540000 15.54115442042913
 0.550000 15.527128107775313
 0.560000 15.428943919198595
 0.570000 15.302707105314242
 0.580000 15.295693948987337
 0.590000 15.292187370823878
 0.600000 15.278161058170065
 0.610000 15.30972026164115
 0.620000 15.393878137564055
 0.630000 15.372838668583329
 0.640000 15.362318934092965
 0.650000 15.306213683477697
 0.660000 15.316733417968061
 0.670000 15.306213683477697
 0.680000 15.344786043275693
 0.690000 15.25010843286243
 0.700000 15.17647029142989
 0.710000 15.201016338574071
 0.720000 15.158937400612619
 0.730000 15.123871618978077
 0.740000 15.137897931631894
 0.750000 15.106338728160805
 0.760000 15.172963713266437
 0.770000 15.260628167352793
 0.780000 15.327253152458422
 0.790000 15.369332090419872
 0.800000 15.411411028381323
 0.810000 15.467516278996591
 0.820000 15.49907548246768
 0.830000 15.530634685938766
 0.840000 15.579726780227126
 0.850000 15.628818874515485
 0.860000 15.674404390640392
 0.870000 15.698950437784571
 0.880000 15.73050964125566
 0.890000 15.783108313707471
 0.900000 15.818174095342014
 0.910000 15.835706986159286
 0.920000 15.835706986159286
 0.930000 15.846226720649646
 0.940000 15.85674645514001
 0.950000 15.867266189630373
 0.960000 15.867266189630373
 0.970000 15.870772767793829
 0.980000 15.874279345957282
 0.990000 15.884799080447644
 1.000000 15.895318814938008
