softPalate
115.48 0 55.7923 0 0 1 90

Digastric_L_anterior_belly
278.18449 100.43106 281.02228  0.68297837 -0.73043278 0.0029158904 177.07404
Digastric_L_posterior_belly
278.18449 100.43106 281.02228  0.68297837 -0.73043278 0.0029158904 177.07404
Digastric_R_anterior_belly
278.18449 100.43106 281.02228  0.68297837 -0.73043278 0.0029158904 177.07404
Digastric_R_posterior_belly
278.18449 100.43106 281.02228  0.68297837 -0.73043278 0.0029158904 177.07404
Epiglottis
278.18449 100.43106 281.02228  0.68297837 -0.73043278 0.0029158904 177.07404
Geniohyoid_L
278.18449 100.43106 281.02228  0.68297837 -0.73043278 0.0029158904 177.07404
Geniohyoid_R
278.18449 100.43106 281.02228  0.68297837 -0.73043278 0.0029158904 177.07404
Mylohyoid_L
278.18449 100.43106 281.02228  0.68297837 -0.73043278 0.0029158904 177.07404
Mylohyoid_R
278.18449 100.43106 281.02228  0.68297837 -0.73043278 0.0029158904 177.07404
Omohyoid_L_inferior_belly
278.18449 100.43106 281.02228  0.68297837 -0.73043278 0.0029158904 177.07404
Omohyoid_L_superior_belly
278.18449 100.43106 281.02228  0.68297837 -0.73043278 0.0029158904 177.07404
Omohyoid_R_inferior_belly
278.18449 100.43106 281.02228  0.68297837 -0.73043278 0.0029158904 177.07404
Omohyoid_R_superior_belly
278.18449 100.43106 281.02228  0.68297837 -0.73043278 0.0029158904 177.07404
Sternohyoid_L
278.18449 100.43106 281.02228  0.68297837 -0.73043278 0.0029158904 177.07404
Sternohyoid_R
278.18449 100.43106 281.02228  0.68297837 -0.73043278 0.0029158904 177.07404
Sternothyroid_L
278.18449 100.43106 281.02228  0.68297837 -0.73043278 0.0029158904 177.07404
Sternothyroid_R
278.18449 100.43106 281.02228  0.68297837 -0.73043278 0.0029158904 177.07404
Thyrohyoid_L
278.18449 100.43106 281.02228  0.68297837 -0.73043278 0.0029158904 177.07404
Thyrohyoid_R
278.18449 100.43106 281.02228  0.68297837 -0.73043278 0.0029158904 177.07404
Thyroid_gland
278.18449 100.43106 281.02228  0.68297837 -0.73043278 0.0029158904 177.07404