0.0 1.0 1.0
Linear 11 explicit
 0.000000 0.0 0.0 0.0 0.0 0.0 0.0 0.0 0.0 0.0 0.0 0.0
 0.010000 0.005717094799471946 0.017680375547635345 0.010202946937862618 0.0 -3.469446951953614E-18 0.027054785423427347 9.318384021766131E-4 0.0066310805492511326 0.0032580872072601047 -3.469446951953614E-18 0.0012983748791520755
 0.020000 0.007926280240905212 0.03306970808605534 0.020094847411582215 -5.637851296924623E-18 3.469446951953614E-18 0.06343263738989355 0.0021963995682711375 0.013259438396820936 0.0023102048911129817 5.204170427930421E-18 0.0030919074278682474
 0.030000 0.008177487140760518 0.05090404367463848 0.029191575031833655 -1.734723475976807E-18 -1.5612511283791264E-17 0.11745648833286779 0.0036035321259419947 0.025430481511013597 0.0 4.5102810375396984E-17 0.00492741465728406
 0.040000 0.006578199431658912 0.067370256015894 0.03390381765390379 3.2959746043559335E-17 -4.163336342344337E-17 0.17584960351122797 0.004758506736605022 0.039615396136831744 -1.3877787807814457E-17 -1.3877787807814457E-17 0.0064291502632408334
 0.050000 0.0030883073705875036 0.08848787844377441 0.03579185313800444 2.42861286636753E-17 -3.469446951953614E-17 0.24053495362869778 0.005556841455559262 0.05582802115129237 1.3877787807814457E-17 0.0 0.007340017650210813
 0.060000 -5.204170427930421E-18 0.11330281206989756 0.03500856707988055 5.204170427930421E-18 7.632783294297951E-17 0.3091386144263298 0.0061738192601807525 0.07383966769491256 -2.7755575615628914E-17 -3.9898639947466563E-17 0.007689011564785967
 0.070000 -3.1956859034010243E-17 0.13997050614845769 0.03216557616396467 -1.951563910473908E-17 6.429318882839041E-17 0.3803949905384901 0.006908436321175063 0.09207516722394193 -2.905661822261152E-17 -3.5453411040275995E-17 0.007750595848134214
 0.080000 7.806255641895632E-18 0.16516867229296103 0.026289588745542818 -8.673617379884035E-19 6.938893903907228E-17 0.44939101339148685 0.007760063281948459 0.11570721284483945 4.5102810375396984E-17 -2.6020852139652106E-17 0.0073081882255244136
 0.090000 -3.469446951953614E-18 0.1886608872271925 0.018778168400174253 1.3877787807814457E-17 1.8041124150158794E-16 0.5114002291635417 0.008698379102858042 0.14679622410216403 0.0 -1.734723475976807E-17 0.006270349314143157
 0.100000 -5.898059818321144E-17 0.21230572142693982 0.009650454291966135 2.0816681711721685E-17 0.0 0.5656657816828837 0.009684137836824978 0.18739551292050638 5.551115123125783E-17 -6.938893903907228E-18 0.0047073665517436344
 0.110000 6.938893903907228E-17 0.23653454266216778 2.1457297682148102E-4 6.938893903907228E-18 -5.551115123125783E-17 0.6118069739727406 0.010680854367628619 0.23747967769887 -2.7755575615628914E-17 1.3877787807814457E-17 0.002739802564157637
 0.120000 -3.469446951953614E-17 0.2657441247502274 -8.326672684688674E-17 -1.0408340855860843E-17 1.1102230246251565E-16 0.6604917432570883 0.011456711269931584 0.2789196905857411 1.1102230246251565E-16 0.0 0.0021423648987040217
 0.130000 1.0408340855860843E-16 0.29642768691020704 -5.551115123125783E-17 -1.734723475976807E-17 -2.7755575615628914E-16 0.7136642200016131 0.012260093239033015 0.3114551199611267 0.0 -4.163336342344337E-17 0.002429471859658333
 0.140000 5.551115123125783E-17 0.32650254275098056 -5.551115123125783E-17 -7.28583859910259E-17 -1.1102230246251565E-16 0.7674479528886751 0.013113688401074339 0.3393077593645176 0.0 -4.163336342344337E-17 0.0029900313829213654
 0.150000 -3.469446951953614E-17 0.35793257070335943 2.7755575615628914E-17 1.3877787807814457E-17 2.220446049250313E-16 0.8211091906926031 0.01400315650219389 0.36463771120535277 -5.551115123125783E-17 -1.1102230246251565E-16 0.003620178147108702
 0.160000 0.0 0.39129889263508905 1.1102230246251565E-16 0.0 -1.1102230246251565E-16 0.8743574314729732 0.01492203989552956 0.3884005138029198 -5.551115123125783E-17 0.0 0.004294077810567773
 0.170000 2.7755575615628914E-17 0.4264559592929067 2.7755575615628914E-17 -2.0816681711721685E-17 2.220446049250313E-16 0.926804508616734 0.015868942789133186 0.41083194374672766 -1.1102230246251565E-16 6.938893903907228E-17 0.005028327432100202
 0.180000 -1.3877787807814457E-17 0.4631004078379208 -8.326672684688674E-17 -4.5102810375396984E-17 5.551115123125783E-17 0.9781094431978178 0.016846238067923226 0.43214611633645367 5.551115123125783E-17 4.85722573273506E-17 0.005830803067619766
 0.190000 -4.163336342344337E-17 0.49934790990130196 1.3877787807814457E-16 -3.469446951953614E-17 -2.7755575615628914E-16 0.9999999999999998 0.017750437052571483 0.44855529148875095 0.0 1.3877787807814457E-17 0.006831888088529428
 0.200000 1.6653345369377348E-16 0.5347091543607483 1.942890293094024E-16 -2.42861286636753E-17 -3.885780586188048E-16 0.9999999999999999 0.018687606216831458 0.4622022790645666 0.0 3.469446951953614E-17 0.007967018978428372
 0.210000 -1.5265566588595902E-16 0.5716606056509385 -4.163336342344337E-16 -2.42861286636753E-17 -1.1102230246251565E-16 1.0000000000000002 0.019728980355484732 0.4766178475303041 -5.551115123125783E-17 -4.85722573273506E-17 0.009059555376064052
 0.220000 4.163336342344337E-17 0.6107618520922488 2.498001805406602E-16 6.938893903907228E-18 -8.881784197001252E-16 1.0 0.020813168853157378 0.49105417406733803 -5.551115123125783E-17 -9.020562075079397E-17 0.010111434340726103
 0.230000 2.498001805406602E-16 0.6511874475001441 0.0 2.0816681711721685E-17 -3.885780586188048E-16 1.0 0.021924826171257905 0.5048945097525754 -5.551115123125783E-17 1.1796119636642288E-16 0.011152268510852395
 0.240000 -1.942890293094024E-16 0.6926065963212625 1.6653345369377348E-16 1.0755285551056204E-16 -2.220446049250313E-15 0.9999999999999994 0.023060070757901327 0.5179903056692253 0.0 3.608224830031759E-16 0.012180894453355934
 0.250000 1.249000902703301E-16 0.7349528586593632 -3.608224830031759E-16 3.469446951953614E-18 -9.43689570931383E-16 0.9999999999999997 0.02421767781971624 0.5303235950596643 2.220446049250313E-16 -6.938893903907228E-17 0.013194233156825885
 0.260000 -3.7470027081099033E-16 0.7781575357291064 1.3877787807814457E-16 -3.469446951953614E-17 2.3314683517128287E-15 1.0000000000000002 0.025396271859285974 0.5418303389553203 0.0 1.5265566588595902E-16 0.01418736997290157
 0.270000 8.326672684688674E-17 0.8220923447435449 -3.3306690738754696E-16 8.673617379884035E-18 -5.551115123125783E-16 0.9999999999999999 0.026592702808588536 0.552391127290844 -1.1102230246251565E-16 -1.6653345369377348E-16 0.015150843351168536
 0.280000 8.326672684688674E-17 0.8665867328729808 1.1102230246251565E-16 -1.214306433183765E-17 -2.275957200481571E-15 1.0000000000000009 0.027802084341249537 0.5618604487315888 0.0 -2.7755575615628914E-17 0.016072672566667612
 0.290000 -6.106226635438361E-16 0.9114442175325811 -1.4432899320127035E-15 3.469446951953614E-18 -7.216449660063518E-16 0.9999999999999989 0.02901851614597676 0.5700862348392621 2.7755575615628914E-16 -2.7755575615628914E-17 0.01694081608920492
 0.300000 2.7755575615628914E-17 0.956449253563332 -1.1102230246251565E-16 -5.204170427930421E-18 -1.2212453270876722E-15 0.9999999999999996 0.030235647742521382 0.5769189472817484 0.0 -3.469446951953614E-16 0.01774392796618479
 0.310000 1.1379786002407855E-15 0.9999999999999999 -9.992007221626409E-16 -2.255140518769849E-16 -6.106226635438361E-16 1.0000000000000004 0.03143720248649884 0.5829978402872237 -2.220446049250313E-16 -7.771561172376096E-16 0.018490482106854944
 0.320000 2.498001805406602E-16 1.0000000000000002 4.996003610813204E-16 2.237793284010081E-16 4.551914400963142E-15 1.0000000000000027 0.03228922501697193 0.6118685857216015 1.1102230246251565E-16 8.326672684688674E-17 0.01976615221356065
 0.330000 -5.551115123125783E-16 0.9999999999999993 1.1657341758564144E-15 1.8735013540549517E-16 4.107825191113079E-15 0.9999999999999982 0.03252163856848929 0.6563974721228166 0.00170316849540042 9.159339953157541E-16 0.021628852693414607
 0.340000 4.718447854656915E-16 1.0000000000000002 -1.0547118733938987E-15 5.551115123125783E-17 -4.3298697960381105E-15 1.0000000000000007 0.0324481092180177 0.7083021723581079 0.013161087930469217 -1.5265566588595902E-15 0.024267822165289582
 0.350000 8.326672684688674E-16 1.0000000000000007 -5.551115123125783E-16 6.938893903907228E-17 7.438494264988549E-15 1.0000000000000018 0.032032584558594715 0.7701793891408468 0.026665466497921342 -1.3877787807814457E-16 0.027069977749948793
 0.360000 7.216449660063518E-16 1.0 -1.609823385706477E-15 1.734723475976807E-16 3.774758283725532E-15 0.9999999999999993 0.03141485147461363 0.8411180500933739 0.03881604228765323 7.216449660063518E-16 0.029745626557637517
 0.370000 1.4988010832439613E-15 1.0000000000000002 1.887379141862766E-15 -6.938893903907228E-18 -8.881784197001252E-16 0.9999999999999989 0.03079291855281726 0.9188664740400265 0.0483911401895607 -7.494005416219807E-16 0.032299215480215415
 0.380000 7.771561172376096E-16 1.0 9.992007221626409E-16 1.3877787807814457E-17 1.6653345369377348E-15 1.0 0.03026457855040578 1.0 0.05579422529501343 6.38378239159465E-16 0.03469582671370913
 0.390000 9.43689570931383E-16 1.0000000000000009 -3.3306690738754696E-16 3.122502256758253E-16 -1.9984014443252818E-15 0.9999999999999979 0.029122456394503424 0.9999999999999997 0.06119077524413741 -1.0547118733938987E-15 0.033839379930654556
 0.400000 -1.942890293094024E-15 0.9999999999999999 -1.1102230246251565E-16 1.3877787807814457E-16 -1.5543122344752192E-15 1.000000000000002 0.02862866962209026 1.0 0.0656319137527257 -2.7755575615628914E-16 0.03281789880324326
 0.410000 -1.3322676295501878E-15 1.0000000000000002 -3.3306690738754696E-16 -1.0408340855860843E-16 7.438494264988549E-15 1.0000000000000013 0.02840883932727797 1.0 0.06997240075321765 5.551115123125783E-16 0.03225936071509722
 0.420000 -3.885780586188048E-16 1.0000000000000002 0.0 1.6653345369377348E-16 -5.329070518200751E-15 0.9999999999999978 0.028201786628014147 0.9999999999999989 0.07328388955292686 -1.4988010832439613E-15 0.031950921866366166
 0.430000 -1.0547118733938987E-15 0.9999999999999998 -1.6653345369377348E-15 2.0816681711721685E-17 1.9984014443252818E-15 0.9999999999999969 0.0279520787225883 1.000000000000001 0.07550181558655455 3.885780586188048E-16 0.031818591845756805
 0.440000 -1.5543122344752192E-15 0.9999999999999997 -1.1102230246251565E-15 3.8163916471489756E-16 -4.440892098500626E-16 0.9999999999999999 0.027705217886209253 0.9999999999999986 0.07695097966764752 -2.7755575615628914E-16 0.03180119851400115
 0.450000 -5.551115123125783E-17 1.0000000000000013 1.1102230246251565E-16 -3.469446951953614E-17 -8.881784197001252E-16 1.0000000000000022 0.027508205882369838 1.0000000000000004 0.077951597424043 3.885780586188048E-16 0.03182229359780314
 0.460000 -5.551115123125783E-17 0.9999999999999999 1.1102230246251565E-16 1.457167719820518E-16 4.884981308350689E-15 1.0000000000000004 0.027380116147931094 1.0000000000000024 0.07864955379130922 9.43689570931383E-16 0.031827069278547226
 0.470000 5.551115123125783E-17 1.0000000000000013 -1.7763568394002505E-15 1.3877787807814457E-16 -4.440892098500626E-16 0.9999999999999996 0.027318402450557513 0.9999999999999983 0.07902062778020058 -6.661338147750939E-16 0.03179564512729338
 0.480000 1.1102230246251565E-16 0.9999999999999988 -6.661338147750939E-16 -4.510281037539698E-16 1.3322676295501878E-15 1.0000000000000038 0.027313275310693955 0.9999999999999988 0.07895654617717973 -4.718447854656915E-16 0.031732080533924845
 0.490000 -2.220446049250313E-16 0.9999999999999997 -2.220446049250313E-16 9.020562075079397E-17 2.3314683517128287E-15 1.0000000000000018 0.02735769951684863 1.0000000000000013 0.07834952387563265 -3.0531133177191805E-16 0.03164792691390228
 0.500000 -2.7755575615628914E-16 1.0000000000000002 -4.440892098500626E-16 2.1510571102112408E-16 -3.774758283725532E-15 0.9999999999999982 0.027450375509149798 1.000000000000003 0.0771344655875068 3.608224830031759E-16 0.03155163400769262
 0.510000 2.7755575615628914E-16 1.0000000000000004 2.1094237467877974E-15 -3.400058012914542E-16 -1.3322676295501878E-15 0.999999999999998 0.027593352839739557 1.0 0.07530198957876699 1.942890293094024E-16 0.031446229174631746
 0.520000 2.220446049250313E-16 1.0 0.0 1.3183898417423734E-16 4.6629367034256575E-15 1.0000000000000018 0.027786704956902376 0.9999999999999996 0.07291665857168006 6.661338147750939E-16 0.03133301373676034
 0.530000 5.551115123125783E-17 0.9999999999999994 1.3322676295501878E-15 -4.163336342344337E-17 1.2212453270876722E-15 1.0000000000000027 0.02802830147893583 0.9999999999999978 0.07005663743833512 1.942890293094024E-16 0.031213354353490985
 0.540000 -3.3306690738754696E-16 1.0000000000000004 -6.661338147750939E-16 9.020562075079397E-17 -1.3322676295501878E-15 0.9999999999999993 0.028315140763893014 1.0000000000000022 0.0667721318951433 3.0531133177191805E-16 0.031088020845730147
 0.550000 -4.996003610813204E-16 1.0 1.7763568394002505E-15 4.163336342344337E-17 -3.4416913763379853E-15 1.0000000000000009 0.02864458485942409 1.0000000000000027 0.06308387332041532 7.494005416219807E-16 0.030957353540024823
 0.560000 -1.6653345369377348E-16 1.0 -3.774758283725532E-15 -6.938893903907228E-18 -1.6653345369377348E-15 0.9999999999999992 0.029015022521422778 0.9999999999999981 0.0589985983175596 -1.942890293094024E-15 0.030821795595944612
 0.570000 5.551115123125783E-17 1.0 -9.992007221626409E-16 1.942890293094024E-16 9.992007221626409E-16 0.9999999999999993 0.02942580381257796 1.0000000000000009 0.0545233818776889 3.0531133177191805E-16 0.030682132675990514
 0.580000 -3.3306690738754696E-16 1.0 -1.2212453270876722E-15 -1.5959455978986625E-16 -5.551115123125783E-16 0.9999999999999973 0.029876772657903675 1.0000000000000004 0.04967199856544946 -1.1379786002407855E-15 0.030539519497628842
 0.590000 -4.996003610813204E-16 1.0 5.551115123125783E-16 -9.020562075079397E-17 4.551914400963142E-15 0.9999999999999991 0.0303678112063177 0.9999999999999989 0.044464558641280405 6.661338147750939E-16 0.03039546732849846
 0.600000 -1.8318679906315083E-15 0.9999999999999996 -3.3306690738754696E-16 4.85722573273506E-17 3.4416913763379853E-15 1.0000000000000004 0.03089861211460307 0.9999999999999998 0.038924386251559584 8.326672684688674E-16 0.030251842819993213
 0.610000 -1.3877787807814457E-15 1.0000000000000002 -1.0547118733938987E-15 2.5673907444456745E-16 -3.3306690738754696E-16 0.9999999999999989 0.03146867452404553 1.0000000000000002 0.03307524449360888 0.0 0.030110861805315692
 0.620000 5.551115123125783E-17 1.0000000000000002 -5.551115123125783E-17 1.6653345369377348E-16 -4.773959005888173E-15 0.9999999999999992 0.032077408648188296 1.0 0.026940068235131953 -4.440892098500626E-16 0.029975068971375973
 0.630000 2.7755575615628914E-16 1.0000000000000002 -5.551115123125783E-17 2.636779683484747E-16 -1.6653345369377348E-15 0.9999999999999998 0.03272423556944888 1.0000000000000002 0.02054093499851173 -7.216449660063518E-16 0.029847317934863615
 0.640000 3.885780586188048E-16 0.9999999999999997 6.661338147750939E-16 3.469446951953614E-17 1.3322676295501878E-15 0.9999999999999988 0.032870625615619334 0.9772368285510671 0.014135944047685811 3.3306690738754696E-16 0.028849821748229976
 0.650000 8.326672684688674E-16 1.0000000000000002 -2.220446049250313E-16 6.938893903907228E-17 -6.661338147750939E-16 0.9999999999999984 0.032164334805687825 0.9192372162553364 0.007759251795890432 -2.7755575615628914E-16 0.026452102902811914
 0.660000 -6.106226635438361E-16 1.0 1.0547118733938987E-15 1.3877787807814457E-16 -2.220446049250313E-15 1.0000000000000007 0.031748092719981316 0.8405375963312705 1.7182245300984E-4 -3.608224830031759E-16 0.023473861341404778
 0.670000 -4.440892098500626E-16 0.9999999999999999 -6.661338147750939E-16 4.5102810375396984E-17 4.884981308350689E-15 1.000000000000004 0.031793198811262 0.7523220561620932 2.220446049250313E-16 5.828670879282072E-16 0.020635255909445205
 0.680000 6.106226635438361E-16 0.9999999999999996 1.8318679906315083E-15 -7.28583859910259E-17 -1.1102230246251565E-15 1.0000000000000002 0.031796706462131515 0.6618377066791724 0.0 4.440892098500626E-16 0.017740821195475875
 0.690000 -2.220446049250313E-16 0.9751812090698436 -5.551115123125783E-17 4.163336342344337E-17 -6.661338147750939E-16 1.0000000000000022 0.03135643935175174 0.5830513528360266 1.1102230246251565E-16 2.7755575615628914E-17 0.015113006388722261
 0.700000 -2.4147350785597155E-15 0.9061264093868353 1.27675647831893E-15 -1.734723475976807E-17 -3.885780586188048E-15 0.9999999999999978 0.030075467515975375 0.5356398175342135 2.220446049250313E-16 1.1102230246251565E-15 0.013455036909622936
 0.710000 0.0 0.835166067789416 1.1657341758564144E-15 -5.0306980803327406E-17 -5.551115123125783E-16 1.0000000000000002 0.028079015920805923 0.5085060002658446 2.220446049250313E-16 3.608224830031759E-16 0.012647153353917973
 0.720000 1.1102230246251565E-16 0.7698014290725014 -2.220446049250313E-16 2.2551405187698492E-17 5.551115123125783E-17 1.0000000000000013 0.02590834478617863 0.48970622673376485 -1.1102230246251565E-16 -6.800116025829084E-16 0.012187517113875918
 0.730000 2.220446049250313E-16 0.70919796765433 0.0 7.45931094670027E-17 -3.1086244689504383E-15 0.999999999999999 0.02396142087809089 0.4743321820948585 -1.1102230246251565E-16 -4.3021142204224816E-16 0.011573919493806123
 0.740000 -4.579669976578771E-16 0.6531002058973167 1.942890293094024E-16 8.153200337090993E-17 0.0 0.9999999999999996 0.02236075827841037 0.46131847977180107 1.6653345369377348E-16 0.0 0.010677618644523074
 0.750000 4.579669976578771E-16 0.601704682458585 2.498001805406602E-16 -4.5102810375396984E-17 1.1102230246251565E-15 1.0000000000000004 0.021041523004362142 0.45014711951879904 -1.6653345369377348E-16 0.0 0.009592948734234275
 0.760000 -4.718447854656915E-16 0.5546394333027002 -1.942890293094024E-16 2.949029909160572E-17 -1.5543122344752192E-15 1.0 0.019885231433566793 0.44013337001405456 5.551115123125783E-17 -2.7755575615628914E-17 0.008446585370160575
 0.770000 -1.8041124150158794E-16 0.5111105336260713 2.7755575615628914E-16 -3.122502256758253E-17 5.551115123125783E-16 1.0 0.01880365730328716 0.43068919153326185 0.0 2.220446049250313E-16 0.007317742035379798
 0.780000 1.8041124150158794E-16 0.4703649640858143 8.326672684688674E-17 7.979727989493313E-17 -7.216449660063518E-16 1.0000000000000004 0.017758250309312152 0.4214934514498329 1.1102230246251565E-16 9.71445146547012E-17 0.0062339388123124895
 0.790000 2.7755575615628914E-17 0.4319035721678291 1.6653345369377348E-16 4.5102810375396984E-17 4.996003610813204E-16 1.0000000000000004 0.01674480041841027 0.4124588487236379 0.0 -1.3877787807814457E-17 0.005192084684200432
 0.800000 1.8041124150158794E-16 0.39546505891600503 -1.942890293094024E-16 -2.7755575615628914E-17 -4.996003610813204E-16 0.9999999999999998 0.015772187921185222 0.4036344712340318 1.1102230246251565E-16 2.7755575615628914E-17 0.004179706597328331
 0.810000 2.7755575615628914E-17 0.36093220387299463 5.551115123125783E-17 -6.938893903907228E-18 -1.1657341758564144E-15 1.0000000000000004 0.014848884322683659 0.3951271426215273 1.1102230246251565E-16 1.3877787807814457E-17 0.003187503913202716
 0.820000 -5.551115123125783E-17 0.32683338712965115 -1.1102230246251565E-16 3.469446951953614E-17 -1.1102230246251565E-16 0.976356969441165 0.013891980889377181 0.38391448504449355 -5.551115123125783E-17 5.551115123125783E-17 0.0023025287592439436
 0.830000 -5.551115123125783E-17 0.29214156835204397 0.0 -1.0408340855860843E-17 3.3306690738754696E-16 0.9193845031504115 0.01292389448993256 0.3695721065799107 5.551115123125783E-17 8.326672684688674E-17 0.0015971911125933491
 0.840000 -6.938893903907228E-17 0.258758009494511 -5.551115123125783E-17 -6.938893903907228E-18 1.1102230246251565E-16 0.8545311077486129 0.012053325708861817 0.3558212013688294 0.0 -2.7755575615628914E-17 9.702483747718871E-4
 0.850000 -2.7755575615628914E-17 0.2278174489451401 -1.6653345369377348E-16 -1.3877787807814457E-17 0.0 0.7866506167023766 0.011228689954430389 0.3426296920842064 5.551115123125783E-17 2.7755575615628914E-17 3.587210285347642E-4
 0.860000 1.3877787807814457E-17 0.19989172941949962 0.002755276997234546 0.0 2.220446049250313E-16 0.7191280336970689 0.010358872435691892 0.32432782054658765 -1.1102230246251565E-16 -1.3877787807814457E-17 4.001750525007286E-4
 0.870000 -1.3877787807814457E-17 0.17506415778541753 0.013676238906112914 -6.938893903907228E-18 -2.220446049250313E-16 0.6602100745627454 0.00934149623115214 0.2881040381125239 -5.551115123125783E-17 -2.7755575615628914E-17 0.0024765636510019617
 0.880000 1.1102230246251565E-16 0.1471812456658435 0.023539099094788102 0.0 -5.551115123125783E-17 0.6053374702314849 0.008470098940665145 0.24427381086210276 0.0 0.0 0.00497563895501979
 0.890000 -5.551115123125783E-17 0.12042603542259453 0.03140630919649595 -6.938893903907228E-18 0.0 0.5490923141169903 0.007628480497708198 0.19932435686348846 0.0 -4.163336342344337E-17 0.006811897740934492
 0.900000 6.245004513516506E-17 0.09650898340608408 0.037139141810327264 -3.469446951953614E-18 -1.1102230246251565E-16 0.4890177697435303 0.0067479619185313745 0.15647648999088973 2.7755575615628914E-17 0.0 0.007800234137740156
 0.910000 0.0 0.07496129580430733 0.04085287508977181 3.469446951953614E-18 -1.3877787807814457E-16 0.4231666967241122 0.00582617533929298 0.11778108271773234 -2.7755575615628914E-17 1.3877787807814457E-17 0.008105425107529748
 0.920000 -6.938893903907228E-18 0.054998303958121664 0.04216037876801318 6.938893903907228E-18 0.0 0.3497652347199538 0.004892797835688202 0.08544887500873485 0.0 6.938893903907228E-18 0.00787806357392206
 0.930000 -3.469446951953614E-18 0.036549091378970895 0.03997605996372389 0.0 -5.551115123125783E-17 0.2677111059272018 0.003972830166614232 0.06160112818298831 -1.3877787807814457E-17 -1.734723475976807E-17 0.007109680915440862
 0.940000 3.122502256758253E-17 0.02365828667188726 0.033644588180452364 -5.204170427930421E-18 0.0 0.18100456436592177 0.00304966124961217 0.04397835008954974 -4.163336342344337E-17 6.506808649657803E-4 0.005952453902291578
 0.950000 -3.469446951953614E-18 0.017406129213911326 0.024812809060944796 3.469446951953614E-18 0.0 0.0984869268439769 0.0020820011771492796 0.027275974108985857 0.0 0.0021446336300391874 0.004666927806764188
 0.960000 1.3877787807814457E-17 0.01284058411341426 0.01633093005028266 1.734723475976807E-18 0.0 0.04112464178735878 0.0012935175067746191 0.018711793609322323 0.0071038058569646775 0.0054630270585172905 0.004704491507150334
 0.970000 5.204170427930421E-18 0.005777241530359679 0.007876042816853585 3.469446951953614E-18 0.007409828713333844 0.0041860238080811685 5.413628588252352E-4 0.011243414967434778 0.0109959808022638 0.006848829210012012 0.00402553403123368
 0.980000 0.0 0.0 0.0021195160381313194 1.734723475976807E-18 0.023271348563008287 1.3877787807814457E-17 4.074539624774633E-5 0.003907882375985976 0.0139798415613758 0.007694461056448616 0.00362292755301109
 0.990000 1.734723475976807E-17 8.500145032286355E-17 1.3877787807814457E-17 6.152246847516496E-4 0.032561993094926904 2.7755575615628914E-17 -1.0842021724855044E-19 -1.5959455978986625E-16 0.01909110500013035 0.009314530527748641 0.004201418274823626
 1.000000 1.41697655216105E-4 1.5439038936193583E-16 -3.469446951953614E-18 0.002013705697609479 0.04127728926073162 3.469446951953614E-17 9.75781955236954E-19 -5.074066167232161E-17 0.026395314307123736 0.01152297611466676 0.00567610497743223
