0.0 1.5 1.0
Linear 1 explicit
 0.000000 0.0
 0.001000 0.0
 0.002000 7.136644857518837
 0.003000 7.153426916121611
 0.004000 7.168292086998062
 0.005000 7.180638842372062
 0.006000 7.190838879897068
 0.007000 7.199248125821207
 0.008000 7.20611993675337
 0.009000 7.208237423164308
 0.010000 7.199066301873254
 0.011000 7.18281352963019
 0.012000 7.1622351376027815
 0.013000 7.138944754547426
 0.014000 7.113937325611719
 0.015000 7.087854670743445
 0.016000 7.061084197730231
 0.017000 7.033948176539119
 0.018000 7.006742325788835
 0.019000 6.977611735965384
 0.020000 6.94686910398657
 0.021000 6.915636414161102
 0.022000 6.884534081296373
 0.023000 6.846994854074723
 0.024000 6.8089692366926275
 0.025000 6.771867451491767
 0.026000 6.7360311707236935
 0.027000 6.701677055008764
 0.028000 6.6688426783295345
 0.029000 6.637502562659423
 0.030000 6.607559303744127
 0.031000 6.578964494767227
 0.032000 6.551659481164786
 0.033000 6.525581009796303
 0.034000 6.500740044147495
 0.035000 6.476952900444772
 0.036000 6.454211218566282
 0.037000 6.43245635074307
 0.038000 6.411631789973011
 0.039000 6.391686781277497
 0.040000 6.372585530628862
 0.041000 6.3542674289067715
 0.042000 6.336702051305308
 0.043000 6.319843337222329
 0.044000 6.303651641416211
 0.045000 6.288168170063871
 0.046000 6.273241390103612
 0.047000 6.258892692201346
 0.048000 6.24509526808858
 0.049000 6.231823079436786
 0.050000 6.219051534724903
 0.051000 6.206757701020615
 0.052000 6.19492022016193
 0.053000 6.183519152317454
 0.054000 6.172606620417384
 0.055000 6.162058476409219
 0.056000 6.151834385862217
 0.057000 6.141902244183507
 0.058000 6.132237924112411
 0.059000 6.122823269531095
 0.060000 6.113644759336219
 0.061000 6.1046941548207405
 0.062000 6.095964000428162
 0.063000 6.087447878120507
 0.064000 6.079140585390632
 0.065000 6.071037754691413
 0.066000 6.063135576086803
 0.067000 6.0554305972407665
 0.068000 6.047919580877268
 0.069000 6.040599404714605
 0.070000 6.0334669926897755
 0.071000 6.026496803902229
 0.072000 6.019658223634779
 0.073000 6.012926996623683
 0.074000 6.006284605289346
 0.075000 5.999693308769103
 0.076000 5.993083755754779
 0.077000 5.986474018764067
 0.078000 5.979881298348841
 0.079000 5.973323983535607
 0.080000 5.966818485474032
 0.081000 5.960378291804329
 0.082000 5.953957404238773
 0.083000 5.947616969169737
 0.084000 5.941365204952737
 0.085000 5.935214859450584
 0.086000 5.929173596296311
 0.087000 5.923244978991295
 0.088000 5.9174303630324045
 0.089000 5.911751734431379
 0.090000 5.906231680804944
 0.091000 5.900814712793441
 0.092000 5.895500914184298
 0.093000 5.890290303381038
 0.094000 5.885204652987764
 0.095000 5.8802300011104744
 0.096000 5.8753588649020365
 0.097000 5.870587349482213
 0.098000 5.865926668144601
 0.099000 5.861369945116986
 0.100000 5.856917966693919
 0.101000 5.852571639058489
 0.102000 5.848331290361458
 0.103000 5.844196626595029
 0.104000 5.84016680940461
 0.105000 5.836240562135818
 0.106000 5.832416273178068
 0.107000 5.82869208564573
 0.108000 5.825065970798587
 0.109000 5.821535786031111
 0.110000 5.81809931955166
 0.111000 5.814754324110023
 0.112000 5.811498542037901
 0.113000 5.8083297235314415
 0.114000 5.805245639816355
 0.115000 5.802244092481132
 0.116000 5.799322919978837
 0.117000 5.7964800020763905
 0.118000 5.7937132628149595
 0.119000 5.791020672386499
 0.120000 5.788400248244587
 0.121000 5.785850055646161
 0.122000 5.783368207778202
 0.123000 5.780952865581955
 0.124000 5.778602237342245
 0.125000 5.7763145780992495
 0.126000 5.774088188933151
 0.127000 5.771921416140319
 0.128000 5.769812650329184
 0.129000 5.767760325469092
 0.130000 5.765762917892793
 0.131000 5.763818945276084
 0.132000 5.761926965600035
 0.133000 5.760085576114374
 0.134000 5.758293412302219
 0.135000 5.756549146852719
 0.136000 5.754851488652696
 0.137000 5.753199181794691
 0.138000 5.751591004606793
 0.139000 5.750025768705094
 0.140000 5.748502318070332
 0.141000 5.747019528152611
 0.142000 5.745576304995863
 0.143000 5.7441715843894325
 0.144000 5.742804331046822
 0.145000 5.741473537805441
 0.146000 5.740178224850322
 0.147000 5.738917438959984
 0.148000 5.737690252775146
 0.149000 5.7365204319552205
 0.150000 5.735372411769749
 0.151000 5.7342594269848925
 0.152000 5.733181142074161
 0.153000 5.732073945823762
 0.154000 5.730986755341968
 0.155000 5.729904740375661
 0.156000 5.72885458160402
 0.157000 5.727841808867334
 0.158000 5.7268666961027686
 0.159000 5.725952208744435
 0.160000 5.725060582962056
 0.161000 5.724204585110526
 0.162000 5.72338240515567
 0.163000 5.722591236939199
 0.164000 5.721828347148025
 0.165000 5.721116179593057
 0.166000 5.720417540904485
 0.167000 5.71974570390409
 0.168000 5.7190995933205215
 0.169000 5.718476905974864
 0.170000 5.717875271659741
 0.171000 5.717317385703432
 0.172000 5.716766347406927
 0.173000 5.7162354383907
 0.174000 5.715723839924915
 0.175000 5.715229439501675
 0.176000 5.7147748801289815
 0.177000 5.714322926212594
 0.178000 5.713887070585535
 0.179000 5.7134663961731444
 0.180000 5.713058864880254
 0.181000 5.712662437871665
 0.182000 5.712300218200106
 0.183000 5.711935630982178
 0.184000 5.711582505276013
 0.185000 5.711240435397705
 0.186000 5.710907759284181
 0.187000 5.710582759322485
 0.188000 5.710288801111343
 0.189000 5.709989644876758
 0.190000 5.709699168302171
 0.191000 5.7094172195937505
 0.192000 5.709142295539762
 0.193000 5.708897629408995
 0.194000 5.708646544581051
 0.195000 5.7084030029706305
 0.196000 5.708166605444946
 0.197000 5.707935767517117
 0.198000 5.707708872135337
 0.199000 5.707509420191039
 0.200000 5.7073012129181375
 0.201000 5.70709836748493
 0.202000 5.706900821318603
 0.203000 5.706707203431158
 0.204000 5.706540890141786
 0.205000 5.7063652605356285
 0.206000 5.706194487439654
 0.207000 5.706028248691043
 0.208000 5.705865069841122
 0.209000 5.705728281301074
 0.210000 5.7055811101432
 0.211000 5.7054378859239545
 0.212000 5.7052982125490574
 0.213000 5.705160629015542
 0.214000 5.705023643353403
 0.215000 5.704910912073526
 0.216000 5.704786176535996
 0.217000 5.70466394277422
 0.218000 5.704544145412506
 0.219000 5.7044255268861965
 0.220000 5.704331590520254
 0.221000 5.704225709713785
 0.222000 5.7041223225997335
 0.223000 5.7040211292147225
 0.224000 5.7039207473750855
 0.225000 5.7038197526854875
 0.226000 5.703741859961125
 0.227000 5.703650875302616
 0.228000 5.703561331268648
 0.229000 5.7034732164368815
 0.230000 5.703385313198572
 0.231000 5.703296320309254
 0.232000 5.703230021840074
 0.233000 5.703150430497552
 0.234000 5.703071912962855
 0.235000 5.702994588979468
 0.236000 5.702917264679655
 0.237000 5.702863486274999
 0.238000 5.702796767208898
 0.239000 5.70273143380865
 0.240000 5.7026672960838525
 0.241000 5.7026030054412695
 0.242000 5.702537168390336
 0.243000 5.702493514058962
 0.244000 5.7024359863666945
 0.245000 5.702378961755409
 0.246000 5.702322537160475
 0.247000 5.702265516616754
 0.248000 5.702231454963082
 0.249000 5.702183848510547
 0.250000 5.702137064902714
 0.251000 5.702090913171654
 0.252000 5.70204405781426
 0.253000 5.701995119017509
 0.254000 5.701967843689739
 0.255000 5.701926170503691
 0.256000 5.7018845167105745
 0.257000 5.701842982331833
 0.258000 5.7018003856923265
 0.259000 5.7017554603224205
 0.260000 5.70173201515636
 0.261000 5.701694172694294
 0.262000 5.701656200473866
 0.263000 5.701618311430764
 0.264000 5.701579341162321
 0.265000 5.701562857145567
 0.266000 5.701532466934692
 0.267000 5.701502411744389
 0.268000 5.701472581946479
 0.269000 5.701441654573726
 0.270000 5.7014331096366595
 0.271000 5.70141031820985
 0.272000 5.701387703755476
 0.273000 5.7013650198030685
 0.274000 5.701340925813659
 0.275000 5.701314045018899
 0.276000 5.701308142372161
 0.277000 5.70128711402124
 0.278000 5.701265471471856
 0.279000 5.701243296556259
 0.280000 5.701219425553193
 0.281000 5.701192610313482
 0.282000 5.701186685417627
 0.283000 5.701165747989744
 0.284000 5.701144149254365
 0.285000 5.701122091281133
 0.286000 5.7010984278016705
 0.287000 5.7010967495802785
 0.288000 5.701080645757271
 0.289000 5.701064428034311
 0.290000 5.701047979124248
 0.291000 5.7010299921377285
 0.292000 5.701033967062976
 0.293000 5.701023261228765
 0.294000 5.70101235619789
 0.295000 5.70100099998374
 0.296000 5.700987865736837
 0.297000 5.700971589814315
 0.298000 5.700975953287097
 0.299000 5.700964842145198
 0.300000 5.70095281357024
 0.301000 5.700939945456071
 0.302000 5.7009250850432025
 0.303000 5.7009318430129525
 0.304000 5.7009236795192155
 0.305000 5.700915119797662
 0.306000 5.700905962762237
 0.307000 5.700894913510594
 0.308000 5.700880631612758
 0.309000 5.700886912278561
 0.310000 5.7008776702125585
 0.311000 5.700867450037142
 0.312000 5.700856346455748
 0.313000 5.700843212143645
 0.314000 5.700851659802627
 0.315000 5.700845167112348
 0.316000 5.700838240854323
 0.317000 5.700830691598205
 0.318000 5.700821226021903
 0.319000 5.700808504948865
 0.320000 5.7008163228158475
 0.321000 5.700808607029338
 0.322000 5.700799884068267
 0.323000 5.7007902575866805
 0.324000 5.700778580411738
 0.325000 5.700788463889071
 0.326000 5.700783395852865
 0.327000 5.70077786683744
 0.328000 5.7007716947897356
 0.329000 5.700763586184157
 0.330000 5.70075220164318
 0.331000 5.700761334251689
 0.332000 5.700754919597079
 0.333000 5.700747470467027
 0.334000 5.700739096631278
 0.335000 5.700728650724783
 0.336000 5.700714899249743
 0.337000 5.700721688297612
 0.338000 5.7007131406462825
 0.339000 5.700703597011876
 0.340000 5.700693280224767
 0.341000 5.700681053644714
 0.342000 5.700690515529122
 0.343000 5.700685275896268
 0.344000 5.7006796337202434
 0.345000 5.700673489295505
 0.346000 5.700665542899446
 0.347000 5.70067930003117
 0.348000 5.700678135760552
 0.349000 5.700676518877911
 0.350000 5.700674212671814
 0.351000 5.700669896088703
 0.352000 5.700662211093893
 0.353000 5.700674943057052
 0.354000 5.700671993103802
 0.355000 5.70066790661802
 0.356000 5.700662774727842
 0.357000 5.700655449529479
 0.358000 5.70064469809213
 0.359000 5.700654371401096
 0.360000 5.700648572139199
 0.361000 5.700641676640286
 0.362000 5.700633895752021
 0.363000 5.700624096122763
 0.364000 5.700635882211181
 0.365000 5.700632849075777
 0.366000 5.7006293277427815
 0.367000 5.700625209291291
 0.368000 5.700619197798295
 0.369000 5.7006099508965145
 0.370000 5.700621246364763
 0.371000 5.700617100246607
 0.372000 5.70061188802725
 0.373000 5.700605777073917
 0.374000 5.700597615620333
 0.375000 5.700611000076865
 0.376000 5.700609491233597
 0.377000 5.700607452344656
 0.378000 5.7006047547295955
 0.379000 5.700600100929298
 0.380000 5.700617001317556
 0.381000 5.700618821819723
 0.382000 5.700620057148754
 0.383000 5.700620465041489
 0.384000 5.700618729257034
 0.385000 5.700613496692342
 0.386000 5.700628562279936
 0.387000 5.7006278009667675
 0.388000 5.700625812086061
 0.389000 5.700622669461225
 0.390000 5.7006172303366585
 0.391000 5.700633116501366
 0.392000 5.700633788320747
 0.393000 5.700633794500606
 0.394000 5.700632936595049
 0.395000 5.700629928439856
 0.396000 5.700623438056898
 0.397000 5.70063727092653
 0.398000 5.700635336319417
 0.399000 5.700632206745748
 0.400000 5.7006279754177305
 0.401000 5.700621502304251
 0.402000 5.700611561000076
 0.403000 5.70062200838697
 0.404000 5.700616946926777
 0.405000 5.700610766140799
 0.406000 5.700603675758078
 0.407000 5.700594545306165
 0.408000 5.700606982037677
 0.409000 5.70060457948172
 0.410000 5.70060167682343
 0.411000 5.700598163535869
 0.412000 5.7005927449127105
 0.413000 5.700584079587581
 0.414000 5.700595946454422
 0.415000 5.700592359609988
 0.416000 5.700587699482098
 0.417000 5.70058213177166
 0.418000 5.700574505030697
 0.419000 5.700588416142255
 0.420000 5.700587424058873
 0.421000 5.7005858954445765
 0.422000 5.700583700158609
 0.423000 5.7005795407864035
 0.424000 5.700572074406232
 0.425000 5.7005850824477164
 0.426000 5.700582558475022
 0.427000 5.700578914370718
 0.428000 5.700574302871132
 0.429000 5.700567573962432
 0.430000 5.700582328731965
 0.431000 5.700582110651789
 0.432000 5.700581315111174
 0.433000 5.700579801847592
 0.434000 5.700576275695434
 0.435000 5.700569395986456
 0.436000 5.700582948432245
 0.437000 5.700580914757201
 0.438000 5.700577731226622
 0.439000 5.700573542598304
 0.440000 5.700567201076207
 0.441000 5.700582311516769
 0.442000 5.7005824077598435
 0.443000 5.700581905697165
 0.444000 5.700580658420051
 0.445000 5.700577372630235
 0.446000 5.70057070941465
 0.447000 5.700584457458723
 0.448000 5.700582590655321
 0.449000 5.7005795617555695
 0.450000 5.700575509990676
 0.451000 5.700569288929666
 0.452000 5.7005845057573445
 0.453000 5.700584687738081
 0.454000 5.7005842642761255
 0.455000 5.700583083749792
 0.456000 5.700579853855919
 0.457000 5.700573236593862
 0.458000 5.700587022349709
 0.459000 5.700585179571338
 0.460000 5.700582171719777
 0.461000 5.700578134075352
 0.462000 5.7005719208557455
 0.463000 5.700562300249916
 0.464000 5.700573116684923
 0.465000 5.700568520305288
 0.466000 5.700562811976052
 0.467000 5.700556235859678
 0.468000 5.700572527870514
 0.469000 5.700574795962393
 0.470000 5.7005772962678245
 0.471000 5.7005795374808965
 0.472000 5.7005800084843665
 0.473000 5.700577208090898
 0.474000 5.700570001118178
 0.475000 5.70058242235681
 0.476000 5.700578816592767
 0.477000 5.700573661869212
 0.478000 5.700567316457144
 0.479000 5.700558739572083
 0.480000 5.700571596206661
 0.481000 5.700569570516011
 0.482000 5.700566968957757
 0.483000 5.700563732010103
 0.484000 5.700558579589577
 0.485000 5.700575028645524
 0.486000 5.700576484453478
 0.487000 5.700577395231825
 0.488000 5.700577543865568
 0.489000 5.700575614424369
 0.490000 5.7005702531214535
 0.491000 5.700585246558427
 0.492000 5.700584515298204
 0.493000 5.7005825818575655
 0.494000 5.700579551516517
 0.495000 5.7005742783831
 0.496000 5.700590376764982
 0.497000 5.700591335757766
 0.498000 5.7005916493890165
 0.499000 5.700591140000917
 0.500000 5.700588518195586
 0.501000 5.700582448889688
 0.502000 5.682818274261722 
 0.503000 5.6664281824322575
 0.504000 5.605828725817256
 0.505000 5.5571002103033935
 0.506000 5.4825564729043785
 0.507000 5.405281972969316
 0.508000 5.328137701255321
 0.509000 5.2523255329949015
 0.510000 5.178487079758964
 0.511000 5.106788279931354
 0.512000 5.037231511236683
 0.513000 4.969742149867434
 0.514000 4.904219067495802
 0.515000 4.840420713979599
 0.516000 4.7784954265632065
 0.517000 4.718222886130415
 0.518000 4.659420550916899
 0.519000 4.601753742530166
 0.520000 4.545314343052897
 0.521000 4.489925103260457
 0.522000 4.435364020040719
 0.523000 4.381755046866548
 0.524000 4.329076063831949
 0.525000 4.277105703930616
 0.526000 4.2260309161154845
 0.527000 4.175771147016163
 0.528000 4.126266346542015
 0.529000 4.077333344658331
 0.530000 4.029132805666514
 0.531000 3.981541531066721
 0.532000 3.9345177575430164
 0.533000 3.887900977677965
 0.534000 3.84188201676328
 0.535000 3.7963555391218944
 0.536000 3.7515837031269648
 0.537000 3.7074329529095005
 0.538000 3.6640535280669044
 0.539000 3.6213843157039847
 0.540000 3.5794569520830333
 0.541000 3.53813862587881
 0.542000 3.497693951247126
 0.543000 3.458082250338982
 0.544000 3.419365960874698
 0.545000 3.381604472454982
 0.546000 3.34473232329424
 0.547000 3.3090339278887546
 0.548000 3.2745286814306684
 0.549000 3.241169432340461
 0.550000 3.20926938869982
 0.551000 3.1788595578836203
 0.552000 3.150276296374358
 0.553000 3.123736873604516
 0.554000 3.099228005117797
 0.555000 3.077114640307371
 0.556000 3.0574477380540195
 0.557000 3.0399113500102795
 0.558000 3.0242930687523115
 0.559000 3.0105171136918534
 0.560000 2.998900325539108
 0.561000 2.989427659271626
 0.562000 3.0012770700645164
 0.563000 3.0665035892788737
 0.564000 3.159092988806242
 0.565000 3.262191213251165
 0.566000 3.3780321354286262
 0.567000 3.507019311387025
 0.568000 3.6495775748376653
 0.569000 3.8061414427909614
 0.570000 3.977223265491608
 0.571000 4.163259349883537
 0.572000 4.364127111737592
 0.573000 4.57714444855744
 0.574000 4.802151162963314
 0.575000 5.039792460448246
 0.576000 5.290817384290847
 0.577000 5.549267776484513
 0.578000 5.818821130280478
 0.579000 6.101013809968591
 0.580000 6.398777191066039
 0.581000 6.7131332569119015
 0.582000 7.044093372284763
 0.583000 7.391717670783487
 0.584000 7.753254249342779
 0.585000 8.132426771013563
 0.586000 8.532698769384952
 0.587000 8.96963130584026
 0.588000 9.441810983109002
 0.589000 9.948704350221217
 0.590000 10.495072037446903
 0.591000 11.155622100404326
 0.592000 11.842810970070527
 0.593000 12.497427828709164
 0.594000 13.155406884378325
 0.595000 13.81668552892381
 0.596000 14.476911639929213
 0.597000 15.14022310329364
 0.598000 15.80752083942263
 0.599000 16.47790932968858
 0.600000 17.15847438186525
 0.601000 17.849492909806372
 0.602000 18.561769577787516
 0.603000 19.284712776454622
 0.604000 20.012550376961528
 0.605000 20.722282306105242
 0.606000 21.423272936046775
 0.607000 22.137222971443595
 0.608000 22.864314963025244
 0.609000 23.60530757535249
 0.610000 24.366787504419353
 0.611000 25.130505352522505
 0.612000 25.900199588777816
 0.613000 26.67839118202682
 0.614000 27.45974042041913
 0.615000 28.242951044942853
 0.616000 29.038466598125893
 0.617000 29.84052162053489
 0.618000 30.64903641173681
 0.619000 31.48542870923216
 0.620000 32.3395867281226
 0.621000 33.20981053091304
 0.622000 34.08026683797428
 0.623000 34.94950473232191
 0.624000 35.81590482744519
 0.625000 36.68537177607631
 0.626000 37.67802574073973
 0.627000 38.789575380682834
 0.628000 39.97089858056232
 0.629000 41.18475625609871
 0.630000 42.42503472741332
 0.631000 43.69733902692591
 0.632000 45.00278184439285
 0.633000 46.33349883024582
 0.634000 47.68612272919493
 0.635000 49.07652767490651
 0.636000 50.504781576944346
 0.637000 51.96408873003317
 0.638000 53.44870600222
 0.639000 54.936332008121866
 0.640000 56.44944608159098
 0.641000 57.98077944481415
 0.642000 59.529022617612135
 0.643000 61.12577990976904
 0.644000 62.76587180877157
 0.645000 64.41986561460712
 0.646000 66.08557821601651
 0.647000 67.76841826929447
 0.648000 69.47450804044131
 0.649000 71.2065454234133
 0.650000 72.90653708038933
 0.651000 74.65773284677033
 0.652000 76.40118861610893
 0.653000 78.12530601590225
 0.654000 79.80886962752164
 0.655000 81.4702268752825
 0.656000 83.12958752717101
 0.657000 84.80087404854945
 0.658000 86.49535729896029
 0.659000 88.23057656518019
 0.660000 89.98472247899845
 0.661000 91.758538377645
 0.662000 93.55193233993555
 0.663000 95.36939606667778
 0.664000 97.21129139202175
 0.665000 99.08387115945327
 0.666000 100.98359502844443
 0.667000 102.90730497598554
 0.668000 104.85539741303396
 0.669000 106.82327501894818
 0.670000 108.81096223147809
 0.671000 110.82904445570645
 0.672000 112.89903673703301
 0.673000 115.04159938415509
 0.674000 117.25931127174172
 0.675000 119.56544375318114
 0.676000 121.83670919146104
 0.677000 124.15060243174806
 0.678000 126.36455077308224
 0.679000 128.46123128977104
 0.680000 130.48037176596375
 0.681000 132.48786036432688
 0.682000 134.48371828484
 0.683000 136.4704692213552
 0.684000 138.4531074851991
 0.685000 140.43076192338378
 0.686000 142.40456669634273
 0.687000 144.3803581306537
 0.688000 146.3610382901644
 0.689000 148.3453099992696
 0.690000 150.33407346151097
 0.691000 152.32783877775404
 0.692000 154.32784863168806
 0.693000 156.33177264939752
 0.694000 158.35664000188575
 0.695000 160.3976085519305
 0.696000 162.45253885461472
 0.697000 164.52311264395263
 0.698000 166.60290942430177
 0.699000 168.7009390594705
 0.700000 170.81783925569556
 0.701000 172.95362742880414
 0.702000 175.10922624742074
 0.703000 177.3142969490338
 0.704000 179.5570655197397
 0.705000 181.8178010526335
 0.706000 184.09327572409813
 0.707000 186.23046192653746
 0.708000 188.434458590649
 0.709000 190.67213607265944
 0.710000 192.91430212463928
 0.711000 195.16477498887048
 0.712000 197.4216713501662
 0.713000 199.68374446030552
 0.714000 201.94987120422837
 0.715000 204.22721835622065
 0.716000 206.52080177207984
 0.717000 208.82705570006948
 0.718000 211.1414011978306
 0.719000 213.46877492799265
 0.720000 215.8036511885311
 0.721000 218.1501188663978
 0.722000 220.50055054794205
 0.723000 222.46463155055736
 0.724000 224.07287616327005
 0.725000 225.8319074259657
 0.726000 227.5796612787703
 0.727000 229.321637815524
 0.728000 231.0661282663225
 0.729000 232.81953364929626
 0.730000 234.58521305966138
 0.731000 236.34277638833316
 0.732000 238.09479916794612
 0.733000 239.83524441178798
 0.734000 241.5461992724296
 0.735000 243.24732327439204
 0.736000 244.95718216821555
 0.737000 246.68094625436834
 0.738000 248.35949833680272
 0.739000 249.17526111522432
 0.740000 250.1212138951517
 0.741000 251.03501536970754
 0.742000 251.9228260230512
 0.743000 252.78764528891242
 0.744000 253.63163931262937
 0.745000 254.45657842632113
 0.746000 255.26682480733834
 0.747000 256.06778632547656
 0.748000 256.868498351713
 0.749000 257.680958766
 0.750000 258.49171647575906
 0.751000 259.28698458483296
 0.752000 260.0685858335174
 0.753000 260.840466789152
 0.754000 261.6031654729561
 0.755000 262.35830346912593
 0.756000 263.10641807845684
 0.757000 263.8474853264977
 0.758000 264.584512945175
 0.759000 265.3100244022093
 0.760000 266.0265548832465
 0.761000 266.73697389737936
 0.762000 267.43859062117565
 0.763000 268.13737641409676
 0.764000 268.8917580161329
 0.765000 269.6529724368628
 0.766000 270.4149170020672
 0.767000 271.1746493487998
 0.768000 271.8996713527258
 0.769000 272.6231788028449
 0.770000 273.3405201165332
 0.771000 274.3335488603052
 0.772000 274.95162758215133
 0.773000 275.7319980424319
 0.774000 276.5068293650948
 0.775000 277.2752124942733
 0.776000 278.04444894790123
 0.777000 278.80904845077293
 0.778000 279.5673595009349
 0.779000 280.318321741346
 0.780000 281.0523434880598
 0.781000 281.78298192676044
 0.782000 282.50591183083066
 0.783000 283.22704633966896
 0.784000 283.9418106715949
 0.785000 284.6558113395629
 0.786000 285.3643300307957
 0.787000 286.06647715648694
 0.788000 286.7623330030077
 0.789000 287.45259717996
 0.790000 288.1360630816814
 0.791000 288.81172624246994
 0.792000 289.4794717747134
 0.793000 290.13894404530083
 0.794000 290.79109436110434
 0.795000 291.43557924672734
 0.796000 292.07237365627395
 0.797000 292.70220799696415
 0.798000 293.3260117469195
 0.799000 293.94873924174726
 0.800000 294.97831471027615
 0.801000 295.3074720373429
 0.802000 295.95462866273965
 0.803000 296.59360255653473
 0.804000 297.2243787145757
 0.805000 297.84764194737943
 0.806000 298.4638270988553
 0.807000 299.07302386237757
 0.808000 299.6751519368728
 0.809000 300.2419692840315
 0.810000 300.81991675231757
 0.811000 301.3916078799872
 0.812000 301.95286563798254
 0.813000 302.5026102883794
 0.814000 303.04461838146085
 0.815000 303.5794401525675
 0.816000 304.10699480391384
 0.817000 304.627511531244
 0.818000 305.1410042798682
 0.819000 305.6474316081627
 0.820000 306.14688562111587
 0.821000 306.6399817175847
 0.822000 307.1262775552946
 0.823000 307.60485107390764
 0.824000 308.076078066848
 0.825000 308.54011806089466
 0.826000 308.99690715793065
 0.827000 309.4463439956393
 0.828000 309.888682959809
 0.829000 310.3237675598158
 0.830000 310.7515448438486
 0.831000 311.1827097387645
 0.832000 311.6090585937928
 0.833000 312.02975875973294
 0.834000 312.4444139082925
 0.835000 312.85297188047383
 0.836000 313.2542505779917
 0.837000 313.64950118433126
 0.838000 314.04024656901197
 0.839000 314.4255865806993
 0.840000 314.80530190963975
 0.841000 315.1792650897
 0.842000 315.547541059709
 0.843000 315.9100409556251
 0.844000 316.2785946107336
 0.845000 316.6441260268695
 0.846000 317.0055856935238
 0.847000 317.3535392378343
 0.848000 317.69439537235934
 0.849000 318.02952018388487
 0.850000 318.35928049836446
 0.851000 318.6839617149891
 0.852000 319.00375947035445
 0.853000 319.3188833617519
 0.854000 319.62946561225795
 0.855000 319.9355392402947
 0.856000 320.2371580307073
 0.857000 320.5345822575558
 0.858000 320.8279194227247
 0.859000 321.11718539419496
 0.860000 321.40260901999284
 0.861000 321.68404593719913
 0.862000 321.95962679715035
 0.863000 322.2324420133582
 0.864000 322.5026710042794
 0.865000 322.7702274668584
 0.866000 323.03483410648363
 0.867000 323.29633310725643
 0.868000 323.55496034964847
 0.869000 323.79002244246203
 0.870000 324.02036260795666
 0.871000 324.24708573528005
 0.872000 324.4708831839713
 0.873000 324.6920262842722
 0.874000 324.91136897645566
 0.875000 325.1342159144673
 0.876000 325.3608358285743
 0.877000 325.5967499466691
 0.878000 325.8096156438505
 0.879000 326.0168065956153
 0.880000 326.2201757963198
 0.881000 326.4206550372141
 0.882000 326.61838690785953
 0.883000 326.8133109918716
 0.884000 327.00303047367254
 0.885000 327.18905611252444
 0.886000 327.3721523284937
 0.887000 327.552649146164
 0.888000 327.7306150869184
 0.889000 327.90629386154274
 0.890000 328.0796540733369
 0.891000 328.25090006035816
 0.892000 328.42001364105795
 0.893000 328.5879739033061
 0.894000 328.7541275688627
 0.895000 328.9181361992145
 0.896000 329.07999787068434
 0.897000 329.239749097925
 0.898000 329.39618803874964
 0.899000 329.550196805201
 0.900000 329.70211416747304
 0.901000 329.8520271167722
 0.902000 329.9999856734588
 0.903000 330.1460287403306
 0.904000 330.29018134746804
 0.905000 330.4324733625999
 0.906000 330.57502528417297
 0.907000 330.7173481186006
 0.908000 330.85906131871195
 0.909000 331.0010713606777
 0.910000 331.14107080604134
 0.911000 331.28066801722684
 0.912000 331.41761529971564
 0.913000 331.5522517086483
 0.914000 331.68490466006745
 0.915000 331.81570027068005
 0.916000 331.9447011380346
 0.917000 332.07195145072853
 0.918000 332.1974857638048
 0.919000 332.3214753644355
 0.920000 332.4437143475618
 0.921000 332.56434055461546
 0.922000 332.6836980142
 0.923000 332.801517497222
 0.924000 332.91768166994666
 0.925000 333.0321607030031
 0.926000 333.1449519978829
 0.927000 333.2416234605289
 0.928000 333.3383107836986
 0.929000 333.4335336471483
 0.930000 333.527274785411
 0.931000 333.6194905066409
 0.932000 333.71033537959516
 0.933000 333.7997607172167
 0.934000 333.88794469617983
 0.935000 333.97487718343046
 0.936000 334.06058455994446
 0.937000 334.1450916572055
 0.938000 334.2284200553406
 0.939000 334.3150554408144
 0.940000 334.4035000180478
 0.941000 334.4909582939631
 0.942000 334.5779862046147
 0.943000 334.66441522187665
 0.944000 334.7500677206788
 0.945000 334.8348183211716
 0.946000 334.9185741951591
 0.947000 335.0012674066894
 0.948000 335.08283085657877
 0.949000 335.16321200370976
 0.950000 335.2423894567155
 0.951000 335.32034674823643
 0.952000 335.39707317199264
 0.953000 335.47256116105734
 0.954000 335.5467853678399
 0.955000 335.6197189219823
 0.956000 335.6913698391882
 0.957000 335.7617478822691
 0.958000 335.83091277102443
 0.959000 335.8989069659155
 0.960000 335.9657333790908
 0.961000 336.0313953077783
 0.962000 336.09588838350487
 0.963000 336.1592131298853
 0.964000 336.22137474273336
 0.965000 336.2823786633473
 0.966000 336.3422305175888
 0.967000 336.4009360639428
 0.968000 336.4585012143575
 0.969000 336.51493230509857
 0.970000 336.56955132089047
 0.971000 336.62211927263945
 0.972000 336.6746134164346
 0.973000 336.72670097173716
 0.974000 336.77789145348714
 0.975000 336.80395711297575
 0.976000 336.83009218571385
 0.977000 336.8538863050915
 0.978000 336.8922308378866
 0.979000 336.91550261077657
 0.980000 336.9548144904803
 0.981000 336.9751715619948
 0.982000 336.9953345020405
 0.983000 337.03155719306113
 0.984000 337.0501212768552
 0.985000 337.0682861355474
 0.986000 337.1024886404567
 0.987000 337.1192526941838
 0.988000 337.1355420693327
 0.989000 337.1681551406107
 0.990000 337.1828172352861
 0.991000 337.1972805779375
 0.992000 337.22860730165814
 0.993000 337.24088186460983
 0.994000 337.25351138280007
 0.995000 337.2836772070105
 0.996000 337.29338711513384
 0.997000 337.3041508806001
 0.998000 337.31353669191947
 0.999000 337.339685595833
 1.000000 337.34786343515424
 1.001000 337.3560402331015
 1.002000 337.38166017804167
 1.003000 337.3871704485805
 1.004000 337.3936692131716
 1.005000 337.39888147592956
 1.006000 337.4209677973513
 1.007000 337.4251892403248
 1.008000 337.42959791195267
 1.009000 337.4516888224269
 1.010000 337.45367517412507
 1.011000 337.4569054612506
 1.012000 337.45900425226756
 1.013000 337.4782636878435
 1.014000 337.47948924971513
 1.015000 337.481205766111
 1.016000 337.50084370450617
 1.017000 337.5002525780775
 1.018000 337.5011686562145
 1.019000 337.5010758807203
 1.020000 337.51851450764843
 1.021000 337.51749647136654
 1.022000 337.5173563621528
 1.023000 337.51632251769024
 1.024000 337.53217334990154
 1.025000 337.5311205783804
 1.026000 337.53024630224036
 1.027000 337.54719643813644
 1.028000 337.544539489434
 1.029000 337.54327085373825
 1.030000 337.54110606415645
 1.031000 337.556440607515
 1.032000 337.5536708534307
 1.033000 337.5517450615436
 1.034000 337.54901114860206
 1.035000 337.56324771705914
 1.036000 337.56062862476335
 1.037000 337.5582812253061
 1.038000 337.57391418269106
 1.039000 337.56981500181394
 1.040000 337.56727104189235
 1.041000 337.5638925131037
 1.042000 337.5782491870416
 1.043000 337.5741816395688
 1.044000 337.5712078239232
 1.045000 337.5674775431105
 1.046000 337.5810152786225
 1.047000 337.57722530411957
 1.048000 337.5740204248717
 1.049000 337.5890361334252
 1.050000 337.5839481031311
 1.051000 337.58066868101344
 1.052000 337.57659249276645
 1.053000 337.59062018639895
 1.054000 337.58556956855534
 1.055000 337.5819991436185
 1.056000 337.57770354953766
 1.057000 337.59107065364105
 1.058000 337.58638583906423
 1.059000 337.5826991952754
 1.060000 337.5783051439655
 1.061000 337.5911809688454
 1.062000 337.5868424859658
 1.063000 337.58309052218567
 1.064000 337.57863894862214
 1.065000 337.59113581517767
 1.066000 337.5870912431104
 1.067000 337.58329861801053
 1.068000 337.59761326983175
 1.069000 337.59215760570254
 1.070000 337.58839433113803
 1.071000 337.5838650207221
 1.072000 337.59737192973455
 1.073000 337.5920142483959
 1.074000 337.5880690229683
 1.075000 337.58342233099626
 1.076000 337.59648348773817
 1.077000 337.59145893402103
 1.078000 337.5874821209168
 1.079000 337.5828165123942
 1.080000 337.59555604635267
 1.081000 337.59085096091405
 1.082000 337.5868754648317
 1.083000 337.5822151024217
 1.084000 337.5947090233195
 1.085000 337.59027757060676
 1.086000 337.58631425230953
 1.087000 337.6006562192388
 1.088000 337.5948540958567
 1.089000 337.5909523338821
 1.090000 337.5862944630935
 1.091000 337.5999633350964
 1.092000 337.5941989032716
 1.093000 337.59015067355597
 1.094000 337.58540881003916
 1.095000 337.59869742541565
 1.096000 337.5932609641966
 1.097000 337.5892091206106
 1.098000 337.5844746358553
 1.099000 337.59749031098477
 1.100000 337.59237220081235
 1.101000 337.5883436007624
 1.102000 337.5836349272248
 1.103000 337.5964399932803
 1.104000 337.59159773400893
 1.105000 337.58759833438694
 1.106000 337.58291926730135
 1.107000 337.59555987635224
 1.108000 337.59094878584256
 1.109000 337.5869785429553
 1.110000 337.5823282518935
 1.111000 337.5948404315072
 1.112000 337.59041972134486
 1.113000 337.5864763718329
 1.114000 337.600856073095
 1.115000 337.595060561369
 1.116000 337.59118487219285
 1.117000 337.58655475661834
 1.118000 337.6003815044402
 1.119000 337.59451178370057
 1.120000 337.59049434446035
 1.121000 337.58578406887193
 1.122000 337.59928385376355
 1.123000 337.59369267549863
 1.124000 337.5896735251053
 1.125000 337.5849719887757
 1.126000 337.5982374961584
 1.127000 337.5929261844145
 1.128000 337.5889304493842
 1.129000 337.58425454595726
 1.130000 337.5973364930762
 1.131000 337.59227191373725
 1.132000 337.5883044372632
 1.133000 337.5836569632318
 1.134000 337.5965922564901
 1.135000 337.5917375528506
 1.136000 337.58779755030224
 1.137000 337.58317700778076
 1.138000 337.5959943123431
 1.139000 337.591315144392
 1.140000 337.5873998535259
 1.141000 337.58280324035593
 1.142000 337.59552531615753
 1.143000 337.5909914729551
 1.144000 337.5870975655581
 1.145000 337.5825215238006
 1.146000 337.5951666871713
 1.147000 337.5907523266777
 1.148000 337.5868765388567
 1.149000 337.5823178665838
 1.150000 337.5949010088317
 1.151000 337.5905843644715
 1.152000 337.58672375639605
 1.153000 337.5821796074606
 1.154000 337.5947129277881
 1.155000 337.5904758133006
 1.156000 337.5866278426184
 1.157000 337.60111622466127
 1.158000 337.5953919945552
 1.159000 337.5916014999238
 1.160000 337.58705339555524
 1.161000 337.60099588750387
 1.162000 337.5951637483188
 1.163000 337.5912190387745
 1.164000 337.58657861577086
 1.165000 337.6002307745065
 1.166000 337.5946153779073
 1.167000 337.5906577943294
 1.168000 337.5860152487172
 1.169000 337.5994598550691
 1.170000 337.5940754071561
 1.171000 337.5901313181886
 1.172000 337.5855047642067
 1.173000 337.59878458999367
 1.174000 337.59360860796613
 1.175000 337.5896839879849
 1.176000 337.5850773252322
 1.177000 337.5982228995799
 1.178000 337.59322730112797
 1.179000 337.5893223743136
 1.180000 337.584735086505
 1.181000 337.5977699619826
 1.182000 337.59292762790363
 1.183000 337.589040528283
 1.184000 337.5844704857982
 1.185000 337.59741333857073
 1.186000 337.5927000000885
 1.187000 337.5888281989373
 1.188000 337.58427282321827
 1.189000 337.5971387283706
 1.190000 337.59253343212674
 1.191000 337.5886743828995
 1.192000 337.5841311722104
 1.193000 337.5969324726456
 1.194000 337.592417468866
 1.195000 337.5885688784732
 1.196000 337.5840356184275
 1.197000 337.59678253590016
 1.198000 337.5923429295374
 1.199000 337.5885028403353
 1.200000 337.5839776562159
 1.201000 337.5966787302167
 1.202000 337.59230206392135
 1.203000 337.5884688468176
 1.204000 337.58395018417696
 1.205000 337.596612594901
 1.206000 337.5922884473446
 1.207000 337.5884607604585
 1.208000 337.5839473401018
 1.209000 337.59657715240473
 1.210000 337.59229678698796
 1.211000 337.58847352687235
 1.212000 337.5839642964229
 1.213000 337.5965666487989
 1.214000 337.5923227213039
 1.215000 337.58850297830077
 1.216000 337.603023834892
 1.217000 337.5973176776817
 1.218000 337.5935493961364
 1.219000 337.5890216946235
 1.220000 337.6030523891189
 1.221000 337.59716564203836
 1.222000 337.5932363785903
 1.223000 337.58860985831996
 1.224000 337.60236662414366
 1.225000 337.59666711631155
 1.226000 337.5927192620121
 1.227000 337.58808513208646
 1.228000 337.601640399183
 1.229000 337.59615501501446
 1.230000 337.59221582572604
 1.231000 337.58759305646606
 1.232000 337.60098703354595
 1.233000 337.5956976056631
 1.234000 337.5917738200242
 1.235000 337.58716704823223
 1.236000 337.60042821213995
 1.237000 337.5953102143178
 1.238000 337.5914027157486
 1.239000 337.5868120614807
 1.240000 337.59996233313075
 1.241000 337.59499157160997
 1.242000 337.59109906429205
 1.243000 337.58652294855574
 1.244000 337.599579719964
 1.245000 337.59473432536663
 1.246000 337.59085477454425
 1.247000 337.5862910959395
 1.248000 337.59926844551785
 1.249000 337.5945294233245
 1.250000 337.59066071066854
 1.251000 337.5861073810697
 1.252000 337.5990168927127
 1.253000 337.5943680820003
 1.254000 337.5905082854496
 1.255000 337.58596344871546
 1.256000 337.59881478124805
 1.257000 337.59424256470936
 1.258000 337.5903900476404
 1.259000 337.585852138856
 1.260000 337.59865343006254
 1.261000 337.59414636650945
 1.262000 337.59029977700567
 1.263000 337.58576750903353
 1.264000 337.59852566935535
 1.265000 337.59407413397946
 1.266000 337.5902323688538
 1.267000 337.5857046925022
 1.268000 337.5984256244109
 1.269000 337.5940214931072
 1.270000 337.59018365381826
 1.271000 337.58565971396484
 1.272000 337.59834848031096
 1.273000 337.59398486763524
 1.274000 337.5901502197692
 1.275000 337.5856293164841
 1.276000 337.5982902729892
 1.277000 337.59396132047783
 1.278000 337.5901292604665
 1.279000 337.58561081763867
 1.280000 337.59824771948854
 1.281000 337.5939484262159
 1.282000 337.5901184553418
 1.283000 337.58560199631944
 1.284000 337.59821808557047
 1.285000 337.59394417212417
 1.286000 337.5901158765927
 1.287000 337.58560100553075
 1.288000 337.5981990838975
 1.289000 337.5939468820761
 1.290000 337.5901199176784
 1.291000 337.5856063051457
 1.292000 337.59818879532605
 1.293000 337.59395515750197
 1.294000 337.59012923764755
 1.295000 337.6046465925171
 1.296000 337.598930344752
 1.297000 337.5951543798606
 1.298000 337.5906185360236
 1.299000 337.6046433055121
 1.300000 337.59874527688225
 1.301000 337.5948066932351
 1.302000 337.59017049497766
 1.303000 337.60392941731436
 1.304000 337.59820736581014
 1.305000 337.59424893522953
 1.306000 337.5896039525706
 1.307000 337.60316650972607
 1.308000 337.5976510635709
 1.309000 337.5937003515812
 1.310000 337.5890658515162
 1.311000 337.60247109881556
 1.312000 337.5971458577118
 1.313000 337.593209862505
 1.314000 337.5885907304202
 1.315000 337.60186618783786
 1.316000 337.59670809606087
 1.317000 337.59278791820486
 1.318000 337.5881844819791
 1.319000 337.6013512792632
 1.320000 337.59633736288595
 1.321000 337.5924318876346
 1.322000 337.58784274139765
 1.323000 337.60091761912685
 1.324000 337.596027016587
 1.325000 337.59213435952324
 1.326000 337.5875575454344
 1.327000 337.6005540483643
 1.328000 337.59576859363347
 1.329000 337.5918867605761
 1.330000 337.58732030887313
 1.331000 337.6002495864228
 1.332000 337.5955537954875
 1.333000 337.5916809662102
 1.334000 337.5871231176567
 1.335000 337.5999944775559
 1.336000 337.5953752820419
 1.337000 337.5915099027502
 1.338000 337.5869591710565
 1.339000 337.5997804699455
 1.340000 337.59522686973895
 1.341000 337.5913676551843
 1.342000 337.5868228162939
 1.343000 337.5996007420206
 1.344000 337.5951034626488
 1.345000 337.5912493625771
 1.346000 337.5867094171952
 1.347000 337.59944969851676
 1.348000 337.59500089005417
 1.349000 337.5911510472228
 1.350000 337.58661517893825
 1.351000 337.5993227456587
 1.352000 337.59491573310004
 1.353000 337.5910694445455
 1.354000 337.58653698270024
 1.355000 337.599216091209
 1.356000 337.59484517334823
 1.357000 337.59100185864065
 1.358000 337.5864722484139
 1.359000 337.5991265824068
 1.360000 337.59478687135436
 1.361000 337.59094604793324
 1.362000 337.5864188272687
 1.363000 337.5990515801868
 1.364000 337.5947388729646
 1.365000 337.59090013732407
 1.366000 337.5863749193653
 1.367000 337.5989888629932
 1.368000 337.5946995376781
 1.369000 337.59086255101494
 1.370000 337.58633901064275
 1.371000 337.5989365528974
 1.372000 337.594667483465
 1.373000 337.5908319605328
 1.374000 337.58630982386705
 1.375000 337.5988930579887
 1.376000 337.5946415434782
 1.377000 337.59080724375656
 1.378000 337.60531659556653
 1.379000 337.59959182338196
 1.380000 337.59580762045914
 1.381000 337.591263590945
 1.382000 337.6052804889876
 1.383000 337.5993742158694
 1.384000 337.5954276157717
 1.385000 337.5907834608121
 1.386000 337.60454549045005
 1.387000 337.59880430535486
 1.388000 337.5948381241311
 1.389000 337.59018545275273
 1.390000 337.60375156619205
 1.391000 337.5982170671882
 1.392000 337.59425888081955
 1.393000 337.58961697105434
 1.394000 337.6030260886202
 1.395000 337.5976820371203
 1.396000 337.59373885272373
 1.397000 337.5891125979573
 1.398000 337.60239212979855
 1.399000 337.59721559812976
 1.400000 337.59328852148445
 1.401000 337.58867825395816
 1.402000 337.60184924058916
 1.403000 337.5968173544144
 1.404000 337.592905272748
 1.405000 337.58830958785427
 1.406000 337.601388697871
 1.407000 337.5964806713605
 1.408000 337.5925816995432
 1.409000 337.58799863814437
 1.410000 337.60099935877577
 1.411000 337.5961970817327
 1.412000 337.59230922267903
 1.413000 337.58773681162984
 1.414000 337.60067024686
 1.415000 337.59595827457247
 1.416000 337.5920797033719
 1.417000 337.5875161783682
 1.418000 337.60039160058614
 1.419000 337.59575689032687
 1.420000 337.5918860470945
 1.421000 337.5873299154497
 1.422000 337.6001551543477
 1.423000 337.5955867204202
 1.424000 337.5917223127118
 1.425000 337.58717234294244
 1.426000 337.5999540663797
 1.427000 337.59544263957196
 1.428000 337.59158360909953
 1.429000 337.5870387936918
 1.430000 337.5997827161734
 1.431000 337.5953204444053
 1.432000 337.5914659252643
 1.433000 337.5869254390203
 1.434000 337.5996364808135
 1.435000 337.5952166809762
 1.436000 337.5913659611097
 1.437000 337.5868291241819
 1.438000 337.59951153598934
 1.439000 337.5951284940631
 1.440000 337.5912809836615
 1.441000 337.5867472317897
 1.442000 337.5994046947352
 1.443000 337.59505350634777
 1.444000 337.5912087133071
 1.445000 337.5866775748676
 1.446000 337.5993132823314
 1.447000 337.5949897252221
 1.448000 337.5911472364469
 1.449000 337.58661831498495
 1.450000 337.59923504066427
 1.451000 337.5949354715555
 1.452000 337.5910949386847
 1.453000 337.58656789953807
 1.454000 337.59916805483175
 1.455000 337.59488932487056
 1.456000 337.591050453203
 1.457000 337.5865250130603
 1.458000 337.5991106958864
 1.459000 337.5948500803139
 1.460000 337.59101262003327
 1.461000 337.5864885386288
 1.462000 337.5990615752461
 1.463000 337.59481671418456
 1.464000 337.5909804532567
 1.465000 337.60548822858254
 1.466000 337.59976115641814
 1.467000 337.59597500113523
 1.468000 337.5914290192801
 1.469000 337.60544430141385
 1.470000 337.59953579359535
 1.471000 337.5955872610998
 1.472000 337.5909411776658
 1.473000 337.6046964066763
 1.474000 337.59895840623506
 1.475000 337.5949903153107
 1.476000 337.5903357426753
 1.477000 337.6038960160427
 1.478000 337.59836376769294
 1.479000 337.5944037091462
 1.480000 337.5897599382626
 1.481000 337.60316404318286
 1.482000 337.59782146969724
 1.483000 337.59387646050936
 1.484000 337.58924839392853
 1.485000 337.60252362537483
 1.486000 337.5973479357066
 1.487000 337.5934190889544
 1.488000 337.58880706569903
 1.489000 337.60197436485953
 1.490000 337.59694280033017
 1.491000 337.593029008528
 1.492000 337.58843162885114
 1.493000 337.6015075786887
 1.494000 337.59659945126543
 1.495000 337.59269883293047
 1.496000 337.58811414100336
 1.497000 337.60111215491446
 1.498000 337.59630943698403
 1.499000 337.5924199973521
 1.500000 337.5878460220696
