0.0 1.5 1.0
Linear 1 explicit
 0.000000 0.0
 0.001000 0.0
 0.002000 0.0
 0.003000 0.0
 0.004000 0.0
 0.005000 0.0
 0.006000 0.0
 0.007000 0.0
 0.008000 0.0
 0.009000 0.0
 0.010000 0.0
 0.011000 0.0
 0.012000 0.0
 0.013000 0.0
 0.014000 0.0
 0.015000 0.0
 0.016000 0.0
 0.017000 0.0
 0.018000 0.0
 0.019000 0.0
 0.020000 0.0
 0.021000 0.0
 0.022000 0.0
 0.023000 0.0
 0.024000 0.0
 0.025000 0.0
 0.026000 0.0
 0.027000 0.0
 0.028000 0.0
 0.029000 0.0
 0.030000 0.0
 0.031000 0.0
 0.032000 0.0
 0.033000 0.0
 0.034000 0.0
 0.035000 0.0
 0.036000 0.0
 0.037000 0.0
 0.038000 0.0
 0.039000 0.0
 0.040000 0.0
 0.041000 0.0
 0.042000 0.0
 0.043000 0.0
 0.044000 0.0
 0.045000 0.0
 0.046000 0.0
 0.047000 0.0
 0.048000 0.0
 0.049000 0.0
 0.050000 0.0
 0.051000 0.0
 0.052000 0.0
 0.053000 0.0
 0.054000 0.0
 0.055000 0.0
 0.056000 0.0
 0.057000 0.0
 0.058000 0.0
 0.059000 0.0
 0.060000 0.0
 0.061000 0.0
 0.062000 0.0
 0.063000 0.0
 0.064000 0.0
 0.065000 0.0
 0.066000 0.0
 0.067000 0.0
 0.068000 0.0
 0.069000 0.0
 0.070000 0.0
 0.071000 0.0
 0.072000 0.0
 0.073000 0.0
 0.074000 0.0
 0.075000 0.0
 0.076000 0.0
 0.077000 0.0
 0.078000 0.0
 0.079000 0.0
 0.080000 0.0
 0.081000 0.0
 0.082000 0.0
 0.083000 0.0
 0.084000 0.0
 0.085000 0.0
 0.086000 0.0
 0.087000 0.0
 0.088000 0.0
 0.089000 0.0
 0.090000 0.0
 0.091000 0.0
 0.092000 0.0
 0.093000 0.0
 0.094000 0.0
 0.095000 0.0
 0.096000 0.0
 0.097000 0.0
 0.098000 0.0
 0.099000 0.0
 0.100000 0.0
 0.101000 0.0
 0.102000 0.0
 0.103000 0.0
 0.104000 0.0
 0.105000 0.0
 0.106000 0.0
 0.107000 0.0
 0.108000 0.0
 0.109000 0.0
 0.110000 0.0
 0.111000 0.0
 0.112000 0.0
 0.113000 0.0
 0.114000 0.0
 0.115000 0.0
 0.116000 0.0
 0.117000 0.0
 0.118000 0.0
 0.119000 0.0
 0.120000 0.0
 0.121000 0.0
 0.122000 0.0
 0.123000 0.0
 0.124000 0.0
 0.125000 0.0
 0.126000 0.0
 0.127000 0.0
 0.128000 0.0
 0.129000 0.0
 0.130000 0.0
 0.131000 0.0
 0.132000 0.0
 0.133000 0.0
 0.134000 0.0
 0.135000 0.0
 0.136000 0.0
 0.137000 0.0
 0.138000 0.0
 0.139000 0.0
 0.140000 0.0
 0.141000 0.0
 0.142000 0.0
 0.143000 0.0
 0.144000 0.0
 0.145000 0.0
 0.146000 0.0
 0.147000 0.0
 0.148000 0.0
 0.149000 0.0
 0.150000 0.0
 0.151000 0.0
 0.152000 0.0
 0.153000 0.0
 0.154000 0.0
 0.155000 0.0
 0.156000 0.0
 0.157000 0.0
 0.158000 0.0
 0.159000 0.0
 0.160000 0.0
 0.161000 0.0
 0.162000 0.0
 0.163000 0.0
 0.164000 0.0
 0.165000 0.0
 0.166000 0.0
 0.167000 0.0
 0.168000 0.0
 0.169000 0.0
 0.170000 0.0
 0.171000 0.0
 0.172000 0.0
 0.173000 0.0
 0.174000 0.0
 0.175000 0.0
 0.176000 0.0
 0.177000 0.0
 0.178000 0.0
 0.179000 0.0
 0.180000 0.0
 0.181000 0.0
 0.182000 0.0
 0.183000 0.0
 0.184000 0.0
 0.185000 0.0
 0.186000 0.0
 0.187000 0.0
 0.188000 0.0
 0.189000 0.0
 0.190000 0.0
 0.191000 0.0
 0.192000 0.0
 0.193000 0.0
 0.194000 0.0
 0.195000 0.0
 0.196000 0.0
 0.197000 0.0
 0.198000 0.0
 0.199000 0.0
 0.200000 0.0
 0.201000 0.0
 0.202000 0.0
 0.203000 0.0
 0.204000 0.0
 0.205000 0.0
 0.206000 0.0
 0.207000 0.0
 0.208000 0.0
 0.209000 0.0
 0.210000 0.0
 0.211000 0.0
 0.212000 0.0
 0.213000 0.0
 0.214000 0.0
 0.215000 0.0
 0.216000 0.0
 0.217000 0.0
 0.218000 0.0
 0.219000 0.0
 0.220000 0.0
 0.221000 0.0
 0.222000 0.0
 0.223000 0.0
 0.224000 0.0
 0.225000 0.0
 0.226000 0.0
 0.227000 0.0
 0.228000 0.0
 0.229000 0.0
 0.230000 0.0
 0.231000 0.0
 0.232000 0.0
 0.233000 0.0
 0.234000 0.0
 0.235000 0.0
 0.236000 0.0
 0.237000 0.0
 0.238000 0.0
 0.239000 0.0
 0.240000 0.0
 0.241000 0.0
 0.242000 0.0
 0.243000 0.0
 0.244000 0.0
 0.245000 0.0
 0.246000 0.0
 0.247000 0.0
 0.248000 0.0
 0.249000 0.0
 0.250000 0.0
 0.251000 0.0
 0.252000 0.0
 0.253000 0.0
 0.254000 0.0
 0.255000 0.0
 0.256000 0.0
 0.257000 0.0
 0.258000 0.0
 0.259000 0.0
 0.260000 0.0
 0.261000 0.0
 0.262000 0.0
 0.263000 0.0
 0.264000 0.0
 0.265000 0.0
 0.266000 0.0
 0.267000 0.0
 0.268000 0.0
 0.269000 0.0
 0.270000 0.0
 0.271000 0.0
 0.272000 0.0
 0.273000 0.0
 0.274000 0.0
 0.275000 0.0
 0.276000 0.0
 0.277000 0.0
 0.278000 0.0
 0.279000 0.0
 0.280000 0.0
 0.281000 0.0
 0.282000 0.0
 0.283000 0.0
 0.284000 0.0
 0.285000 0.0
 0.286000 0.0
 0.287000 0.0
 0.288000 0.0
 0.289000 0.0
 0.290000 0.0
 0.291000 0.0
 0.292000 0.0
 0.293000 0.0
 0.294000 0.0
 0.295000 0.0
 0.296000 0.0
 0.297000 0.0
 0.298000 0.0
 0.299000 0.0
 0.300000 0.0
 0.301000 0.0
 0.302000 0.0
 0.303000 0.0
 0.304000 0.0
 0.305000 0.0
 0.306000 0.0
 0.307000 0.0
 0.308000 0.0
 0.309000 0.0
 0.310000 0.0
 0.311000 0.0
 0.312000 0.0
 0.313000 0.0
 0.314000 0.0
 0.315000 0.0
 0.316000 0.0
 0.317000 0.0
 0.318000 0.0
 0.319000 0.0
 0.320000 0.0
 0.321000 0.0
 0.322000 0.0
 0.323000 0.0
 0.324000 0.0
 0.325000 0.0
 0.326000 0.0
 0.327000 0.0
 0.328000 0.0
 0.329000 0.0
 0.330000 0.0
 0.331000 0.0
 0.332000 0.0
 0.333000 0.0
 0.334000 0.0
 0.335000 0.0
 0.336000 0.0
 0.337000 0.0
 0.338000 0.0
 0.339000 0.0
 0.340000 0.0
 0.341000 0.0
 0.342000 0.0
 0.343000 0.0
 0.344000 0.0
 0.345000 0.0
 0.346000 0.0
 0.347000 0.0
 0.348000 0.0
 0.349000 0.0
 0.350000 0.0
 0.351000 0.0
 0.352000 0.0
 0.353000 0.0
 0.354000 0.0
 0.355000 0.0
 0.356000 0.0
 0.357000 0.0
 0.358000 0.0
 0.359000 0.0
 0.360000 0.0
 0.361000 0.0
 0.362000 0.0
 0.363000 0.0
 0.364000 0.0
 0.365000 0.0
 0.366000 0.0
 0.367000 0.0
 0.368000 0.0
 0.369000 0.0
 0.370000 0.0
 0.371000 0.0
 0.372000 0.0
 0.373000 0.0
 0.374000 0.0
 0.375000 0.0
 0.376000 0.0
 0.377000 0.0
 0.378000 0.0
 0.379000 0.0
 0.380000 0.0
 0.381000 0.0
 0.382000 0.0
 0.383000 0.0
 0.384000 0.0
 0.385000 0.0
 0.386000 0.0
 0.387000 0.0
 0.388000 0.0
 0.389000 0.0
 0.390000 0.0
 0.391000 0.0
 0.392000 0.0
 0.393000 0.0
 0.394000 0.0
 0.395000 0.0
 0.396000 0.0
 0.397000 0.0
 0.398000 0.0
 0.399000 0.0
 0.400000 0.0
 0.401000 0.0
 0.402000 0.0
 0.403000 0.0
 0.404000 0.0
 0.405000 0.0
 0.406000 0.0
 0.407000 0.0
 0.408000 0.0
 0.409000 0.0
 0.410000 0.0
 0.411000 0.0
 0.412000 0.0
 0.413000 0.0
 0.414000 0.0
 0.415000 0.0
 0.416000 0.0
 0.417000 0.0
 0.418000 0.0
 0.419000 0.0
 0.420000 0.0
 0.421000 0.0
 0.422000 0.0
 0.423000 0.0
 0.424000 0.0
 0.425000 0.0
 0.426000 0.0
 0.427000 0.0
 0.428000 0.0
 0.429000 0.0
 0.430000 0.0
 0.431000 0.0
 0.432000 0.0
 0.433000 0.0
 0.434000 0.0
 0.435000 0.0
 0.436000 0.0
 0.437000 0.0
 0.438000 0.0
 0.439000 0.0
 0.440000 0.0
 0.441000 0.0
 0.442000 0.0
 0.443000 0.0
 0.444000 0.0
 0.445000 0.0
 0.446000 0.0
 0.447000 0.0
 0.448000 0.0
 0.449000 0.0
 0.450000 0.0
 0.451000 0.0
 0.452000 0.0
 0.453000 0.0
 0.454000 0.0
 0.455000 0.0
 0.456000 0.0
 0.457000 0.0
 0.458000 0.0
 0.459000 0.0
 0.460000 0.0
 0.461000 0.0
 0.462000 0.0
 0.463000 0.0
 0.464000 0.0
 0.465000 0.0
 0.466000 0.0
 0.467000 0.0
 0.468000 0.0
 0.469000 0.0
 0.470000 0.0
 0.471000 0.0
 0.472000 0.0
 0.473000 0.0
 0.474000 0.0
 0.475000 0.0
 0.476000 0.0
 0.477000 0.0
 0.478000 0.0
 0.479000 0.0
 0.480000 0.0
 0.481000 0.0
 0.482000 0.0
 0.483000 0.0
 0.484000 0.0
 0.485000 0.0
 0.486000 0.0
 0.487000 0.0
 0.488000 0.0
 0.489000 0.0
 0.490000 0.0
 0.491000 0.0
 0.492000 0.0
 0.493000 0.0
 0.494000 0.0
 0.495000 0.0
 0.496000 0.0
 0.497000 0.0
 0.498000 0.0
 0.499000 0.0
 0.500000 0.0
 0.501000 1.1984000000000022E-6
 0.502000 4.787200000000008E-6
 0.503000 1.075680000000002E-5
 0.504000 1.9097600000000035E-5
 0.505000 2.9800000000000053E-5
 0.506000 4.2854400000000075E-5
 0.507000 5.82512000000001E-5
 0.508000 7.598080000000014E-5
 0.509000 9.603360000000017E-5
 0.510000 1.1840000000000022E-4
 0.511000 1.4307040000000027E-4
 0.512000 1.700352000000003E-4
 0.513000 1.9928480000000034E-4
 0.514000 2.3080960000000043E-4
 0.515000 2.646000000000004E-4
 0.516000 3.006464000000005E-4
 0.517000 3.389392000000006E-4
 0.518000 3.794688000000007E-4
 0.519000 4.222256000000008E-4
 0.520000 4.672000000000008E-4
 0.521000 5.14382400000001E-4
 0.522000 5.637632000000009E-4
 0.523000 6.153328000000012E-4
 0.524000 6.690816000000013E-4
 0.525000 7.250000000000013E-4
 0.526000 7.830784000000014E-4
 0.527000 8.433072000000015E-4
 0.528000 9.056768000000018E-4
 0.529000 9.701776000000016E-4
 0.530000 0.0010368000000000018
 0.531000 0.0011055344000000021
 0.532000 0.0011763712000000023
 0.533000 0.001249300800000002
 0.534000 0.0013243136000000025
 0.535000 0.0014014000000000023
 0.536000 0.0014805504000000027
 0.537000 0.0015617552000000028
 0.538000 0.0016450048000000031
 0.539000 0.0017302896000000031
 0.540000 0.001817600000000003
 0.541000 0.0019069264000000034
 0.542000 0.0019982592000000036
 0.543000 0.0020915888000000034
 0.544000 0.0021869056000000035
 0.545000 0.0022842000000000036
 0.546000 0.0023834624000000043
 0.547000 0.0024846832000000045
 0.548000 0.0025878528000000045
 0.549000 0.0026929616000000048
 0.550000 0.002800000000000005
 0.551000 0.002908958400000005
 0.552000 0.0030198272000000054
 0.553000 0.003132596800000005
 0.554000 0.003247257600000006
 0.555000 0.0033638000000000058
 0.556000 0.0034822144000000057
 0.557000 0.0036024912000000063
 0.558000 0.003724620800000007
 0.559000 0.003848593600000007
 0.560000 0.003974400000000007
 0.561000 0.0041020304000000075
 0.562000 0.004231475200000007
 0.563000 0.004362724799999993
 0.564000 0.0044957695999999926
 0.565000 0.004630599999999993
 0.566000 0.004767206399999994
 0.567000 0.004905579199999993
 0.568000 0.005045708799999993
 0.569000 0.005187585599999993
 0.570000 0.005331199999999993
 0.571000 0.005476542399999993
 0.572000 0.005623603199999994
 0.573000 0.005772372799999994
 0.574000 0.005922841599999993
 0.575000 0.006074999999999994
 0.576000 0.006228838399999993
 0.577000 0.006384347199999993
 0.578000 0.006541516799999994
 0.579000 0.006700337599999994
 0.580000 0.006860799999999993
 0.581000 0.007022894399999995
 0.582000 0.007186611199999995
 0.583000 0.007351940799999995
 0.584000 0.007518873599999994
 0.585000 0.007687399999999994
 0.586000 0.007857510399999995
 0.587000 0.008029195199999995
 0.588000 0.008202444799999995
 0.589000 0.008377249599999994
 0.590000 0.008553599999999995
 0.591000 0.008731486399999993
 0.592000 0.008910899199999996
 0.593000 0.009091828799999995
 0.594000 0.009274265599999996
 0.595000 0.009458199999999995
 0.596000 0.009643622399999996
 0.597000 0.009830523199999996
 0.598000 0.010018892799999995
 0.599000 0.010208721599999998
 0.600000 0.010399999999999996
 0.601000 0.010592718399999996
 0.602000 0.010786867199999996
 0.603000 0.010982436799999997
 0.604000 0.011179417599999998
 0.605000 0.011377799999999999
 0.606000 0.011577574399999999
 0.607000 0.011778731199999996
 0.608000 0.011981260799999997
 0.609000 0.012185153599999997
 0.610000 0.012390399999999998
 0.611000 0.012596990399999997
 0.612000 0.012804915199999998
 0.613000 0.013014164799999998
 0.614000 0.013224729599999999
 0.615000 0.0134366
 0.616000 0.013649766399999999
 0.617000 0.0138642192
 0.618000 0.0140799488
 0.619000 0.0142969456
 0.620000 0.0145152
 0.621000 0.0147347024
 0.622000 0.014955443200000001
 0.623000 0.015177412799999998
 0.624000 0.015400601600000001
 0.625000 0.015625
 0.626000 0.0158505984
 0.627000 0.016077387199999998
 0.628000 0.0163053568
 0.629000 0.0165344976
 0.630000 0.016764800000000003
 0.631000 0.016996254400000004
 0.632000 0.017228851200000003
 0.633000 0.017462580800000002
 0.634000 0.017697433600000003
 0.635000 0.017933400000000002
 0.636000 0.018170470400000003
 0.637000 0.018408635200000002
 0.638000 0.018647884800000004
 0.639000 0.018888209600000004
 0.640000 0.019129600000000004
 0.641000 0.019372046400000002
 0.642000 0.019615539200000004
 0.643000 0.019860068800000005
 0.644000 0.020105625600000007
 0.645000 0.020352200000000008
 0.646000 0.020599782400000006
 0.647000 0.020848363200000008
 0.648000 0.021097932800000007
 0.649000 0.021348481600000007
 0.650000 0.021600000000000008
 0.651000 0.02185247840000001
 0.652000 0.022105907200000007
 0.653000 0.02236027680000001
 0.654000 0.022615577600000006
 0.655000 0.02287180000000001
 0.656000 0.02312893440000001
 0.657000 0.02338697120000001
 0.658000 0.023645900800000008
 0.659000 0.02390571360000001
 0.660000 0.024166400000000008
 0.661000 0.02442795040000001
 0.662000 0.02469035520000001
 0.663000 0.02495360480000001
 0.664000 0.02521768960000001
 0.665000 0.02548260000000001
 0.666000 0.02574832640000001
 0.667000 0.026014859200000014
 0.668000 0.026282188800000012
 0.669000 0.026550305600000008
 0.670000 0.026819200000000012
 0.671000 0.02708886240000001
 0.672000 0.027359283200000015
 0.673000 0.02763045280000001
 0.674000 0.027902361600000015
 0.675000 0.028175000000000013
 0.676000 0.028448358400000012
 0.677000 0.02872242720000002
 0.678000 0.028997196800000014
 0.679000 0.029272657600000015
 0.680000 0.029548800000000014
 0.681000 0.02982561440000002
 0.682000 0.030103091200000015
 0.683000 0.030381220800000015
 0.684000 0.030659993600000015
 0.685000 0.03093940000000002
 0.686000 0.031219430400000015
 0.687000 0.03150007520000002
 0.688000 0.03178132479999999
 0.689000 0.03206316959999999
 0.690000 0.03234559999999999
 0.691000 0.03262860639999998
 0.692000 0.03291217919999999
 0.693000 0.033196308799999984
 0.694000 0.033480985599999985
 0.695000 0.03376619999999999
 0.696000 0.034051942399999986
 0.697000 0.034338203199999986
 0.698000 0.03462497279999999
 0.699000 0.03491224159999999
 0.700000 0.03519999999999999
 0.701000 0.03548823839999999
 0.702000 0.035776947199999985
 0.703000 0.036066116799999985
 0.704000 0.036355737599999986
 0.705000 0.03664579999999999
 0.706000 0.036936294399999986
 0.707000 0.03722721119999999
 0.708000 0.03751854079999999
 0.709000 0.03781027359999999
 0.710000 0.038102399999999995
 0.711000 0.03839491039999999
 0.712000 0.03868779519999999
 0.713000 0.03898104479999999
 0.714000 0.03927464959999999
 0.715000 0.039568599999999995
 0.716000 0.03986288639999999
 0.717000 0.040157499199999995
 0.718000 0.040452428799999995
 0.719000 0.040747665599999996
 0.720000 0.041043199999999995
 0.721000 0.041339022399999995
 0.722000 0.04163512319999999
 0.723000 0.0419314928
 0.724000 0.0422281216
 0.725000 0.042525
 0.726000 0.0428221184
 0.727000 0.0431194672
 0.728000 0.0434170368
 0.729000 0.0437148176
 0.730000 0.0440128
 0.731000 0.0443109744
 0.732000 0.0446093312
 0.733000 0.044907860800000005
 0.734000 0.0452065536
 0.735000 0.0455054
 0.736000 0.0458043904
 0.737000 0.0461035152
 0.738000 0.046402764799999996
 0.739000 0.0467021296
 0.740000 0.047001600000000004
 0.741000 0.047301166400000004
 0.742000 0.047600819200000005
 0.743000 0.0479005488
 0.744000 0.0482003456
 0.745000 0.0485002
 0.746000 0.0488001024
 0.747000 0.0491000432
 0.748000 0.049400012800000004
 0.749000 0.0497000016
 0.750000 0.05
 0.751000 0.050299998400000004
 0.752000 0.0505999872
 0.753000 0.05089995680000001
 0.754000 0.051199897600000016
 0.755000 0.05149980000000001
 0.756000 0.0517996544
 0.757000 0.05209945120000001
 0.758000 0.0523991808
 0.759000 0.05269883360000001
 0.760000 0.052998400000000015
 0.761000 0.0532978704
 0.762000 0.05359723520000001
 0.763000 0.053896484800000005
 0.764000 0.05419560960000001
 0.765000 0.054494600000000004
 0.766000 0.0547934464
 0.767000 0.0550921392
 0.768000 0.055390668800000015
 0.769000 0.05568902560000001
 0.770000 0.05598720000000001
 0.771000 0.056285182400000015
 0.772000 0.0565829632
 0.773000 0.05688053280000001
 0.774000 0.057177881600000015
 0.775000 0.057475
 0.776000 0.057771878400000004
 0.777000 0.05806850720000001
 0.778000 0.058364876800000014
 0.779000 0.05866097760000001
 0.780000 0.058956800000000004
 0.781000 0.05925233440000002
 0.782000 0.05954757120000002
 0.783000 0.05984250080000001
 0.784000 0.060137113600000014
 0.785000 0.06043140000000002
 0.786000 0.06072535040000002
 0.787000 0.0610189552
 0.788000 0.06131220480000002
 0.789000 0.061605089600000024
 0.790000 0.061897600000000025
 0.791000 0.062189726400000006
 0.792000 0.062481459200000006
 0.793000 0.06277278880000002
 0.794000 0.06306370560000002
 0.795000 0.06335420000000001
 0.796000 0.06364426240000001
 0.797000 0.06393388320000001
 0.798000 0.06422305280000001
 0.799000 0.06451176160000001
 0.800000 0.06480000000000001
 0.801000 0.06508775840000001
 0.802000 0.06537502720000002
 0.803000 0.06566179680000002
 0.804000 0.06594805760000003
 0.805000 0.06623380000000002
 0.806000 0.06651901440000002
 0.807000 0.06680369120000001
 0.808000 0.06708782080000002
 0.809000 0.06737139360000001
 0.810000 0.0676544
 0.811000 0.06793683040000002
 0.812000 0.06821867520000001
 0.813000 0.06849992479999999
 0.814000 0.0687805696
 0.815000 0.06906059999999999
 0.816000 0.06934000639999999
 0.817000 0.06961877919999998
 0.818000 0.06989690879999999
 0.819000 0.07017438559999999
 0.820000 0.07045119999999999
 0.821000 0.07072734239999999
 0.822000 0.07100280319999999
 0.823000 0.0712775728
 0.824000 0.0715516416
 0.825000 0.071825
 0.826000 0.07209763839999998
 0.827000 0.0723695472
 0.828000 0.07264071679999999
 0.829000 0.0729111376
 0.830000 0.07318079999999999
 0.831000 0.0734496944
 0.832000 0.0737178112
 0.833000 0.07398514079999999
 0.834000 0.07425167359999998
 0.835000 0.0745174
 0.836000 0.0747823104
 0.837000 0.0750463952
 0.838000 0.07530964479999999
 0.839000 0.07557204960000001
 0.840000 0.0758336
 0.841000 0.0760942864
 0.842000 0.0763540992
 0.843000 0.0766130288
 0.844000 0.07687106560000001
 0.845000 0.0771282
 0.846000 0.07738442239999999
 0.847000 0.0776397232
 0.848000 0.0778940928
 0.849000 0.07814752159999999
 0.850000 0.0784
 0.851000 0.07865151840000001
 0.852000 0.0789020672
 0.853000 0.0791516368
 0.854000 0.0794002176
 0.855000 0.07964779999999999
 0.856000 0.07989437440000001
 0.857000 0.08013993120000001
 0.858000 0.0803844608
 0.859000 0.0806279536
 0.860000 0.08087040000000001
 0.861000 0.0811117904
 0.862000 0.0813521152
 0.863000 0.08159136480000001
 0.864000 0.0818295296
 0.865000 0.0820666
 0.866000 0.0823025664
 0.867000 0.0825374192
 0.868000 0.08277114880000001
 0.869000 0.0830037456
 0.870000 0.08323520000000001
 0.871000 0.0834655024
 0.872000 0.0836946432
 0.873000 0.0839226128
 0.874000 0.0841494016
 0.875000 0.084375
 0.876000 0.08459939840000001
 0.877000 0.08482258720000001
 0.878000 0.0850445568
 0.879000 0.08526529760000001
 0.880000 0.08548480000000001
 0.881000 0.0857030544
 0.882000 0.08592005120000001
 0.883000 0.0861357808
 0.884000 0.0863502336
 0.885000 0.08656340000000001
 0.886000 0.08677527039999999
 0.887000 0.0869858352
 0.888000 0.0871950848
 0.889000 0.08740300960000001
 0.890000 0.08760960000000001
 0.891000 0.08781484640000001
 0.892000 0.0880187392
 0.893000 0.08822126880000002
 0.894000 0.08842242560000001
 0.895000 0.0886222
 0.896000 0.08882058240000001
 0.897000 0.0890175632
 0.898000 0.08921313280000001
 0.899000 0.08940728160000001
 0.900000 0.0896
 0.901000 0.08979127840000001
 0.902000 0.08998110720000001
 0.903000 0.09016947680000001
 0.904000 0.09035637760000001
 0.905000 0.0905418
 0.906000 0.09072573440000002
 0.907000 0.09090817120000001
 0.908000 0.0910891008
 0.909000 0.09126851360000002
 0.910000 0.09144640000000001
 0.911000 0.09162275040000001
 0.912000 0.0917975552
 0.913000 0.09197080480000001
 0.914000 0.09214248960000002
 0.915000 0.09231260000000002
 0.916000 0.0924811264
 0.917000 0.09264805920000001
 0.918000 0.09281338880000002
 0.919000 0.09297710560000001
 0.920000 0.09313920000000002
 0.921000 0.09329966240000001
 0.922000 0.0934584832
 0.923000 0.0936156528
 0.924000 0.0937711616
 0.925000 0.09392500000000001
 0.926000 0.09407715840000003
 0.927000 0.0942276272
 0.928000 0.09437639680000001
 0.929000 0.09452345760000001
 0.930000 0.09466880000000001
 0.931000 0.09481241440000002
 0.932000 0.09495429120000001
 0.933000 0.09509442080000002
 0.934000 0.0952327936
 0.935000 0.0953694
 0.936000 0.09550423040000001
 0.937000 0.09563727520000001
 0.938000 0.09576852479999999
 0.939000 0.09589796960000001
 0.940000 0.09602559999999999
 0.941000 0.0961514064
 0.942000 0.0962753792
 0.943000 0.0963975088
 0.944000 0.0965177856
 0.945000 0.0966362
 0.946000 0.0967527424
 0.947000 0.0968674032
 0.948000 0.09698017279999999
 0.949000 0.09709104160000001
 0.950000 0.09720000000000001
 0.951000 0.09730703839999999
 0.952000 0.09741214720000001
 0.953000 0.09751531679999999
 0.954000 0.0976165376
 0.955000 0.0977158
 0.956000 0.09781309440000001
 0.957000 0.09790841120000002
 0.958000 0.0980017408
 0.959000 0.0980930736
 0.960000 0.0981824
 0.961000 0.0982697104
 0.962000 0.0983549952
 0.963000 0.0984382448
 0.964000 0.09851944960000002
 0.965000 0.0985986
 0.966000 0.09867568640000002
 0.967000 0.0987506992
 0.968000 0.09882362880000001
 0.969000 0.09889446560000001
 0.970000 0.0989632
 0.971000 0.0990298224
 0.972000 0.0990943232
 0.973000 0.0991566928
 0.974000 0.09921692160000001
 0.975000 0.099275
 0.976000 0.09933091840000001
 0.977000 0.0993846672
 0.978000 0.0994362368
 0.979000 0.0994856176
 0.980000 0.09953279999999999
 0.981000 0.0995777744
 0.982000 0.09962053120000001
 0.983000 0.09966106079999999
 0.984000 0.0996993536
 0.985000 0.0997354
 0.986000 0.0997691904
 0.987000 0.0998007152
 0.988000 0.0998299648
 0.989000 0.09985692959999999
 0.990000 0.09988160000000001
 0.991000 0.0999039664
 0.992000 0.09992401919999999
 0.993000 0.09994174880000001
 0.994000 0.0999571456
 0.995000 0.09997020000000001
 0.996000 0.09998090240000002
 0.997000 0.0999892432
 0.998000 0.09999521280000001
 0.999000 0.0999988016
 1.000000 0.1
 1.001000 0.1
 1.002000 0.1
 1.003000 0.1
 1.004000 0.1
 1.005000 0.1
 1.006000 0.1
 1.007000 0.1
 1.008000 0.1
 1.009000 0.1
 1.010000 0.1
 1.011000 0.1
 1.012000 0.1
 1.013000 0.1
 1.014000 0.1
 1.015000 0.1
 1.016000 0.1
 1.017000 0.1
 1.018000 0.1
 1.019000 0.1
 1.020000 0.1
 1.021000 0.1
 1.022000 0.1
 1.023000 0.1
 1.024000 0.1
 1.025000 0.1
 1.026000 0.1
 1.027000 0.1
 1.028000 0.1
 1.029000 0.1
 1.030000 0.1
 1.031000 0.1
 1.032000 0.1
 1.033000 0.1
 1.034000 0.1
 1.035000 0.1
 1.036000 0.1
 1.037000 0.1
 1.038000 0.1
 1.039000 0.1
 1.040000 0.1
 1.041000 0.1
 1.042000 0.1
 1.043000 0.1
 1.044000 0.1
 1.045000 0.1
 1.046000 0.1
 1.047000 0.1
 1.048000 0.1
 1.049000 0.1
 1.050000 0.1
 1.051000 0.1
 1.052000 0.1
 1.053000 0.1
 1.054000 0.1
 1.055000 0.1
 1.056000 0.1
 1.057000 0.1
 1.058000 0.1
 1.059000 0.1
 1.060000 0.1
 1.061000 0.1
 1.062000 0.1
 1.063000 0.1
 1.064000 0.1
 1.065000 0.1
 1.066000 0.1
 1.067000 0.1
 1.068000 0.1
 1.069000 0.1
 1.070000 0.1
 1.071000 0.1
 1.072000 0.1
 1.073000 0.1
 1.074000 0.1
 1.075000 0.1
 1.076000 0.1
 1.077000 0.1
 1.078000 0.1
 1.079000 0.1
 1.080000 0.1
 1.081000 0.1
 1.082000 0.1
 1.083000 0.1
 1.084000 0.1
 1.085000 0.1
 1.086000 0.1
 1.087000 0.1
 1.088000 0.1
 1.089000 0.1
 1.090000 0.1
 1.091000 0.1
 1.092000 0.1
 1.093000 0.1
 1.094000 0.1
 1.095000 0.1
 1.096000 0.1
 1.097000 0.1
 1.098000 0.1
 1.099000 0.1
 1.100000 0.1
 1.101000 0.1
 1.102000 0.1
 1.103000 0.1
 1.104000 0.1
 1.105000 0.1
 1.106000 0.1
 1.107000 0.1
 1.108000 0.1
 1.109000 0.1
 1.110000 0.1
 1.111000 0.1
 1.112000 0.1
 1.113000 0.1
 1.114000 0.1
 1.115000 0.1
 1.116000 0.1
 1.117000 0.1
 1.118000 0.1
 1.119000 0.1
 1.120000 0.1
 1.121000 0.1
 1.122000 0.1
 1.123000 0.1
 1.124000 0.1
 1.125000 0.1
 1.126000 0.1
 1.127000 0.1
 1.128000 0.1
 1.129000 0.1
 1.130000 0.1
 1.131000 0.1
 1.132000 0.1
 1.133000 0.1
 1.134000 0.1
 1.135000 0.1
 1.136000 0.1
 1.137000 0.1
 1.138000 0.1
 1.139000 0.1
 1.140000 0.1
 1.141000 0.1
 1.142000 0.1
 1.143000 0.1
 1.144000 0.1
 1.145000 0.1
 1.146000 0.1
 1.147000 0.1
 1.148000 0.1
 1.149000 0.1
 1.150000 0.1
 1.151000 0.1
 1.152000 0.1
 1.153000 0.1
 1.154000 0.1
 1.155000 0.1
 1.156000 0.1
 1.157000 0.1
 1.158000 0.1
 1.159000 0.1
 1.160000 0.1
 1.161000 0.1
 1.162000 0.1
 1.163000 0.1
 1.164000 0.1
 1.165000 0.1
 1.166000 0.1
 1.167000 0.1
 1.168000 0.1
 1.169000 0.1
 1.170000 0.1
 1.171000 0.1
 1.172000 0.1
 1.173000 0.1
 1.174000 0.1
 1.175000 0.1
 1.176000 0.1
 1.177000 0.1
 1.178000 0.1
 1.179000 0.1
 1.180000 0.1
 1.181000 0.1
 1.182000 0.1
 1.183000 0.1
 1.184000 0.1
 1.185000 0.1
 1.186000 0.1
 1.187000 0.1
 1.188000 0.1
 1.189000 0.1
 1.190000 0.1
 1.191000 0.1
 1.192000 0.1
 1.193000 0.1
 1.194000 0.1
 1.195000 0.1
 1.196000 0.1
 1.197000 0.1
 1.198000 0.1
 1.199000 0.1
 1.200000 0.1
 1.201000 0.1
 1.202000 0.1
 1.203000 0.1
 1.204000 0.1
 1.205000 0.1
 1.206000 0.1
 1.207000 0.1
 1.208000 0.1
 1.209000 0.1
 1.210000 0.1
 1.211000 0.1
 1.212000 0.1
 1.213000 0.1
 1.214000 0.1
 1.215000 0.1
 1.216000 0.1
 1.217000 0.1
 1.218000 0.1
 1.219000 0.1
 1.220000 0.1
 1.221000 0.1
 1.222000 0.1
 1.223000 0.1
 1.224000 0.1
 1.225000 0.1
 1.226000 0.1
 1.227000 0.1
 1.228000 0.1
 1.229000 0.1
 1.230000 0.1
 1.231000 0.1
 1.232000 0.1
 1.233000 0.1
 1.234000 0.1
 1.235000 0.1
 1.236000 0.1
 1.237000 0.1
 1.238000 0.1
 1.239000 0.1
 1.240000 0.1
 1.241000 0.1
 1.242000 0.1
 1.243000 0.1
 1.244000 0.1
 1.245000 0.1
 1.246000 0.1
 1.247000 0.1
 1.248000 0.1
 1.249000 0.1
 1.250000 0.1
 1.251000 0.1
 1.252000 0.1
 1.253000 0.1
 1.254000 0.1
 1.255000 0.1
 1.256000 0.1
 1.257000 0.1
 1.258000 0.1
 1.259000 0.1
 1.260000 0.1
 1.261000 0.1
 1.262000 0.1
 1.263000 0.1
 1.264000 0.1
 1.265000 0.1
 1.266000 0.1
 1.267000 0.1
 1.268000 0.1
 1.269000 0.1
 1.270000 0.1
 1.271000 0.1
 1.272000 0.1
 1.273000 0.1
 1.274000 0.1
 1.275000 0.1
 1.276000 0.1
 1.277000 0.1
 1.278000 0.1
 1.279000 0.1
 1.280000 0.1
 1.281000 0.1
 1.282000 0.1
 1.283000 0.1
 1.284000 0.1
 1.285000 0.1
 1.286000 0.1
 1.287000 0.1
 1.288000 0.1
 1.289000 0.1
 1.290000 0.1
 1.291000 0.1
 1.292000 0.1
 1.293000 0.1
 1.294000 0.1
 1.295000 0.1
 1.296000 0.1
 1.297000 0.1
 1.298000 0.1
 1.299000 0.1
 1.300000 0.1
 1.301000 0.1
 1.302000 0.1
 1.303000 0.1
 1.304000 0.1
 1.305000 0.1
 1.306000 0.1
 1.307000 0.1
 1.308000 0.1
 1.309000 0.1
 1.310000 0.1
 1.311000 0.1
 1.312000 0.1
 1.313000 0.1
 1.314000 0.1
 1.315000 0.1
 1.316000 0.1
 1.317000 0.1
 1.318000 0.1
 1.319000 0.1
 1.320000 0.1
 1.321000 0.1
 1.322000 0.1
 1.323000 0.1
 1.324000 0.1
 1.325000 0.1
 1.326000 0.1
 1.327000 0.1
 1.328000 0.1
 1.329000 0.1
 1.330000 0.1
 1.331000 0.1
 1.332000 0.1
 1.333000 0.1
 1.334000 0.1
 1.335000 0.1
 1.336000 0.1
 1.337000 0.1
 1.338000 0.1
 1.339000 0.1
 1.340000 0.1
 1.341000 0.1
 1.342000 0.1
 1.343000 0.1
 1.344000 0.1
 1.345000 0.1
 1.346000 0.1
 1.347000 0.1
 1.348000 0.1
 1.349000 0.1
 1.350000 0.1
 1.351000 0.1
 1.352000 0.1
 1.353000 0.1
 1.354000 0.1
 1.355000 0.1
 1.356000 0.1
 1.357000 0.1
 1.358000 0.1
 1.359000 0.1
 1.360000 0.1
 1.361000 0.1
 1.362000 0.1
 1.363000 0.1
 1.364000 0.1
 1.365000 0.1
 1.366000 0.1
 1.367000 0.1
 1.368000 0.1
 1.369000 0.1
 1.370000 0.1
 1.371000 0.1
 1.372000 0.1
 1.373000 0.1
 1.374000 0.1
 1.375000 0.1
 1.376000 0.1
 1.377000 0.1
 1.378000 0.1
 1.379000 0.1
 1.380000 0.1
 1.381000 0.1
 1.382000 0.1
 1.383000 0.1
 1.384000 0.1
 1.385000 0.1
 1.386000 0.1
 1.387000 0.1
 1.388000 0.1
 1.389000 0.1
 1.390000 0.1
 1.391000 0.1
 1.392000 0.1
 1.393000 0.1
 1.394000 0.1
 1.395000 0.1
 1.396000 0.1
 1.397000 0.1
 1.398000 0.1
 1.399000 0.1
 1.400000 0.1
 1.401000 0.1
 1.402000 0.1
 1.403000 0.1
 1.404000 0.1
 1.405000 0.1
 1.406000 0.1
 1.407000 0.1
 1.408000 0.1
 1.409000 0.1
 1.410000 0.1
 1.411000 0.1
 1.412000 0.1
 1.413000 0.1
 1.414000 0.1
 1.415000 0.1
 1.416000 0.1
 1.417000 0.1
 1.418000 0.1
 1.419000 0.1
 1.420000 0.1
 1.421000 0.1
 1.422000 0.1
 1.423000 0.1
 1.424000 0.1
 1.425000 0.1
 1.426000 0.1
 1.427000 0.1
 1.428000 0.1
 1.429000 0.1
 1.430000 0.1
 1.431000 0.1
 1.432000 0.1
 1.433000 0.1
 1.434000 0.1
 1.435000 0.1
 1.436000 0.1
 1.437000 0.1
 1.438000 0.1
 1.439000 0.1
 1.440000 0.1
 1.441000 0.1
 1.442000 0.1
 1.443000 0.1
 1.444000 0.1
 1.445000 0.1
 1.446000 0.1
 1.447000 0.1
 1.448000 0.1
 1.449000 0.1
 1.450000 0.1
 1.451000 0.1
 1.452000 0.1
 1.453000 0.1
 1.454000 0.1
 1.455000 0.1
 1.456000 0.1
 1.457000 0.1
 1.458000 0.1
 1.459000 0.1
 1.460000 0.1
 1.461000 0.1
 1.462000 0.1
 1.463000 0.1
 1.464000 0.1
 1.465000 0.1
 1.466000 0.1
 1.467000 0.1
 1.468000 0.1
 1.469000 0.1
 1.470000 0.1
 1.471000 0.1
 1.472000 0.1
 1.473000 0.1
 1.474000 0.1
 1.475000 0.1
 1.476000 0.1
 1.477000 0.1
 1.478000 0.1
 1.479000 0.1
 1.480000 0.1
 1.481000 0.1
 1.482000 0.1
 1.483000 0.1
 1.484000 0.1
 1.485000 0.1
 1.486000 0.1
 1.487000 0.1
 1.488000 0.1
 1.489000 0.1
 1.490000 0.1
 1.491000 0.1
 1.492000 0.1
 1.493000 0.1
 1.494000 0.1
 1.495000 0.1
 1.496000 0.1
 1.497000 0.1
 1.498000 0.1
 1.499000 0.1
 1.500000 0.1
