0.0 1.5 1.0
Linear 1 explicit
 0.000000 0.0
 0.001000 0.0
 0.002000 0.0
 0.003000 0.0
 0.004000 0.0
 0.005000 0.0
 0.006000 0.0
 0.007000 0.0
 0.008000 0.0
 0.009000 0.0
 0.010000 0.0
 0.011000 0.0
 0.012000 0.0
 0.013000 0.0
 0.014000 0.0
 0.015000 0.0
 0.016000 0.0
 0.017000 0.0
 0.018000 0.0
 0.019000 0.0
 0.020000 0.0
 0.021000 0.0
 0.022000 0.0
 0.023000 0.0
 0.024000 0.0
 0.025000 0.0
 0.026000 0.0
 0.027000 0.0
 0.028000 0.0
 0.029000 0.0
 0.030000 0.0
 0.031000 0.0
 0.032000 0.0
 0.033000 0.0
 0.034000 0.0
 0.035000 0.0
 0.036000 0.0
 0.037000 0.0
 0.038000 0.0
 0.039000 0.0
 0.040000 0.0
 0.041000 0.0
 0.042000 0.0
 0.043000 0.0
 0.044000 0.0
 0.045000 0.0
 0.046000 0.0
 0.047000 0.0
 0.048000 0.0
 0.049000 0.0
 0.050000 0.0
 0.051000 0.0
 0.052000 0.0
 0.053000 0.0
 0.054000 0.0
 0.055000 0.0
 0.056000 0.0
 0.057000 0.0
 0.058000 0.0
 0.059000 0.0
 0.060000 0.0
 0.061000 0.0
 0.062000 0.0
 0.063000 0.0
 0.064000 0.0
 0.065000 0.0
 0.066000 0.0
 0.067000 0.0
 0.068000 0.0
 0.069000 0.0
 0.070000 0.0
 0.071000 0.0
 0.072000 0.0
 0.073000 0.0
 0.074000 0.0
 0.075000 0.0
 0.076000 0.0
 0.077000 0.0
 0.078000 0.0
 0.079000 0.0
 0.080000 0.0
 0.081000 0.0
 0.082000 0.0
 0.083000 0.0
 0.084000 0.0
 0.085000 0.0
 0.086000 0.0
 0.087000 0.0
 0.088000 0.0
 0.089000 0.0
 0.090000 0.0
 0.091000 0.0
 0.092000 0.0
 0.093000 0.0
 0.094000 0.0
 0.095000 0.0
 0.096000 0.0
 0.097000 0.0
 0.098000 0.0
 0.099000 0.0
 0.100000 0.0
 0.101000 0.0
 0.102000 0.0
 0.103000 0.0
 0.104000 0.0
 0.105000 0.0
 0.106000 0.0
 0.107000 0.0
 0.108000 0.0
 0.109000 0.0
 0.110000 0.0
 0.111000 0.0
 0.112000 0.0
 0.113000 0.0
 0.114000 0.0
 0.115000 0.0
 0.116000 0.0
 0.117000 0.0
 0.118000 0.0
 0.119000 0.0
 0.120000 0.0
 0.121000 0.0
 0.122000 0.0
 0.123000 0.0
 0.124000 0.0
 0.125000 0.0
 0.126000 0.0
 0.127000 0.0
 0.128000 0.0
 0.129000 0.0
 0.130000 0.0
 0.131000 0.0
 0.132000 0.0
 0.133000 0.0
 0.134000 0.0
 0.135000 0.0
 0.136000 0.0
 0.137000 0.0
 0.138000 0.0
 0.139000 0.0
 0.140000 0.0
 0.141000 0.0
 0.142000 0.0
 0.143000 0.0
 0.144000 0.0
 0.145000 0.0
 0.146000 0.0
 0.147000 0.0
 0.148000 0.0
 0.149000 0.0
 0.150000 0.0
 0.151000 0.0
 0.152000 0.0
 0.153000 0.0
 0.154000 0.0
 0.155000 0.0
 0.156000 0.0
 0.157000 0.0
 0.158000 0.0
 0.159000 0.0
 0.160000 0.0
 0.161000 0.0
 0.162000 0.0
 0.163000 0.0
 0.164000 0.0
 0.165000 0.0
 0.166000 0.0
 0.167000 0.0
 0.168000 0.0
 0.169000 0.0
 0.170000 0.0
 0.171000 0.0
 0.172000 0.0
 0.173000 0.0
 0.174000 0.0
 0.175000 0.0
 0.176000 0.0
 0.177000 0.0
 0.178000 0.0
 0.179000 0.0
 0.180000 0.0
 0.181000 0.0
 0.182000 0.0
 0.183000 0.0
 0.184000 0.0
 0.185000 0.0
 0.186000 0.0
 0.187000 0.0
 0.188000 0.0
 0.189000 0.0
 0.190000 0.0
 0.191000 0.0
 0.192000 0.0
 0.193000 0.0
 0.194000 0.0
 0.195000 0.0
 0.196000 0.0
 0.197000 0.0
 0.198000 0.0
 0.199000 0.0
 0.200000 0.0
 0.201000 0.0
 0.202000 0.0
 0.203000 0.0
 0.204000 0.0
 0.205000 0.0
 0.206000 0.0
 0.207000 0.0
 0.208000 0.0
 0.209000 0.0
 0.210000 0.0
 0.211000 0.0
 0.212000 0.0
 0.213000 0.0
 0.214000 0.0
 0.215000 0.0
 0.216000 0.0
 0.217000 0.0
 0.218000 0.0
 0.219000 0.0
 0.220000 0.0
 0.221000 0.0
 0.222000 0.0
 0.223000 0.0
 0.224000 0.0
 0.225000 0.0
 0.226000 0.0
 0.227000 0.0
 0.228000 0.0
 0.229000 0.0
 0.230000 0.0
 0.231000 0.0
 0.232000 0.0
 0.233000 0.0
 0.234000 0.0
 0.235000 0.0
 0.236000 0.0
 0.237000 0.0
 0.238000 0.0
 0.239000 0.0
 0.240000 0.0
 0.241000 0.0
 0.242000 0.0
 0.243000 0.0
 0.244000 0.0
 0.245000 0.0
 0.246000 0.0
 0.247000 0.0
 0.248000 0.0
 0.249000 0.0
 0.250000 0.0
 0.251000 0.0
 0.252000 0.0
 0.253000 0.0
 0.254000 0.0
 0.255000 0.0
 0.256000 0.0
 0.257000 0.0
 0.258000 0.0
 0.259000 0.0
 0.260000 0.0
 0.261000 0.0
 0.262000 0.0
 0.263000 0.0
 0.264000 0.0
 0.265000 0.0
 0.266000 0.0
 0.267000 0.0
 0.268000 0.0
 0.269000 0.0
 0.270000 0.0
 0.271000 0.0
 0.272000 0.0
 0.273000 0.0
 0.274000 0.0
 0.275000 0.0
 0.276000 0.0
 0.277000 0.0
 0.278000 0.0
 0.279000 0.0
 0.280000 0.0
 0.281000 0.0
 0.282000 0.0
 0.283000 0.0
 0.284000 0.0
 0.285000 0.0
 0.286000 0.0
 0.287000 0.0
 0.288000 0.0
 0.289000 0.0
 0.290000 0.0
 0.291000 0.0
 0.292000 0.0
 0.293000 0.0
 0.294000 0.0
 0.295000 0.0
 0.296000 0.0
 0.297000 0.0
 0.298000 0.0
 0.299000 0.0
 0.300000 0.0
 0.301000 0.0
 0.302000 0.0
 0.303000 0.0
 0.304000 0.0
 0.305000 0.0
 0.306000 0.0
 0.307000 0.0
 0.308000 0.0
 0.309000 0.0
 0.310000 0.0
 0.311000 0.0
 0.312000 0.0
 0.313000 0.0
 0.314000 0.0
 0.315000 0.0
 0.316000 0.0
 0.317000 0.0
 0.318000 0.0
 0.319000 0.0
 0.320000 0.0
 0.321000 0.0
 0.322000 0.0
 0.323000 0.0
 0.324000 0.0
 0.325000 0.0
 0.326000 0.0
 0.327000 0.0
 0.328000 0.0
 0.329000 0.0
 0.330000 0.0
 0.331000 0.0
 0.332000 0.0
 0.333000 0.0
 0.334000 0.0
 0.335000 0.0
 0.336000 0.0
 0.337000 0.0
 0.338000 0.0
 0.339000 0.0
 0.340000 0.0
 0.341000 0.0
 0.342000 0.0
 0.343000 0.0
 0.344000 0.0
 0.345000 0.0
 0.346000 0.0
 0.347000 0.0
 0.348000 0.0
 0.349000 0.0
 0.350000 0.0
 0.351000 0.0
 0.352000 0.0
 0.353000 0.0
 0.354000 0.0
 0.355000 0.0
 0.356000 0.0
 0.357000 0.0
 0.358000 0.0
 0.359000 0.0
 0.360000 0.0
 0.361000 0.0
 0.362000 0.0
 0.363000 0.0
 0.364000 0.0
 0.365000 0.0
 0.366000 0.0
 0.367000 0.0
 0.368000 0.0
 0.369000 0.0
 0.370000 0.0
 0.371000 0.0
 0.372000 0.0
 0.373000 0.0
 0.374000 0.0
 0.375000 0.0
 0.376000 0.0
 0.377000 0.0
 0.378000 0.0
 0.379000 0.0
 0.380000 0.0
 0.381000 0.0
 0.382000 0.0
 0.383000 0.0
 0.384000 0.0
 0.385000 0.0
 0.386000 0.0
 0.387000 0.0
 0.388000 0.0
 0.389000 0.0
 0.390000 0.0
 0.391000 0.0
 0.392000 0.0
 0.393000 0.0
 0.394000 0.0
 0.395000 0.0
 0.396000 0.0
 0.397000 0.0
 0.398000 0.0
 0.399000 0.0
 0.400000 0.0
 0.401000 0.0
 0.402000 0.0
 0.403000 0.0
 0.404000 0.0
 0.405000 0.0
 0.406000 0.0
 0.407000 0.0
 0.408000 0.0
 0.409000 0.0
 0.410000 0.0
 0.411000 0.0
 0.412000 0.0
 0.413000 0.0
 0.414000 0.0
 0.415000 0.0
 0.416000 0.0
 0.417000 0.0
 0.418000 0.0
 0.419000 0.0
 0.420000 0.0
 0.421000 0.0
 0.422000 0.0
 0.423000 0.0
 0.424000 0.0
 0.425000 0.0
 0.426000 0.0
 0.427000 0.0
 0.428000 0.0
 0.429000 0.0
 0.430000 0.0
 0.431000 0.0
 0.432000 0.0
 0.433000 0.0
 0.434000 0.0
 0.435000 0.0
 0.436000 0.0
 0.437000 0.0
 0.438000 0.0
 0.439000 0.0
 0.440000 0.0
 0.441000 0.0
 0.442000 0.0
 0.443000 0.0
 0.444000 0.0
 0.445000 0.0
 0.446000 0.0
 0.447000 0.0
 0.448000 0.0
 0.449000 0.0
 0.450000 0.0
 0.451000 0.0
 0.452000 0.0
 0.453000 0.0
 0.454000 0.0
 0.455000 0.0
 0.456000 0.0
 0.457000 0.0
 0.458000 0.0
 0.459000 0.0
 0.460000 0.0
 0.461000 0.0
 0.462000 0.0
 0.463000 0.0
 0.464000 0.0
 0.465000 0.0
 0.466000 0.0
 0.467000 0.0
 0.468000 0.0
 0.469000 0.0
 0.470000 0.0
 0.471000 0.0
 0.472000 0.0
 0.473000 0.0
 0.474000 0.0
 0.475000 0.0
 0.476000 0.0
 0.477000 0.0
 0.478000 0.0
 0.479000 0.0
 0.480000 0.0
 0.481000 0.0
 0.482000 0.0
 0.483000 0.0
 0.484000 0.0
 0.485000 0.0
 0.486000 0.0
 0.487000 0.0
 0.488000 0.0
 0.489000 0.0
 0.490000 0.0
 0.491000 0.0
 0.492000 0.0
 0.493000 0.0
 0.494000 0.0
 0.495000 0.0
 0.496000 0.0
 0.497000 0.0
 0.498000 0.0
 0.499000 0.0
 0.500000 0.0
 0.501000 1.7976000000000031E-6
 0.502000 7.180800000000012E-6
 0.503000 1.6135200000000028E-5
 0.504000 2.8646400000000048E-5
 0.505000 4.470000000000008E-5
 0.506000 6.42816000000001E-5
 0.507000 8.737680000000014E-5
 0.508000 1.139712000000002E-4
 0.509000 1.4405040000000025E-4
 0.510000 1.776000000000003E-4
 0.511000 2.146056000000004E-4
 0.512000 2.5505280000000046E-4
 0.513000 2.989272000000005E-4
 0.514000 3.4621440000000064E-4
 0.515000 3.9690000000000065E-4
 0.516000 4.5096960000000076E-4
 0.517000 5.084088000000008E-4
 0.518000 5.692032000000009E-4
 0.519000 6.333384000000011E-4
 0.520000 7.008000000000011E-4
 0.521000 7.715736000000014E-4
 0.522000 8.456448000000015E-4
 0.523000 9.229992000000016E-4
 0.524000 0.0010036224000000017
 0.525000 0.0010875000000000019
 0.526000 0.0011746176000000021
 0.527000 0.0012649608000000023
 0.528000 0.0013585152000000025
 0.529000 0.0014552664000000023
 0.530000 0.0015552000000000027
 0.531000 0.001658301600000003
 0.532000 0.0017645568000000031
 0.533000 0.001873951200000003
 0.534000 0.0019864704000000033
 0.535000 0.0021021000000000034
 0.536000 0.0022208256000000037
 0.537000 0.002342632800000004
 0.538000 0.0024675072000000043
 0.539000 0.0025954344000000042
 0.540000 0.0027264000000000043
 0.541000 0.002860389600000005
 0.542000 0.002997388800000005
 0.543000 0.0031373832000000054
 0.544000 0.0032803584000000055
 0.545000 0.0034263000000000054
 0.546000 0.003575193600000006
 0.547000 0.0037270248000000066
 0.548000 0.0038817792000000063
 0.549000 0.004039442400000007
 0.550000 0.0042000000000000075
 0.551000 0.0043634376000000075
 0.552000 0.004529740800000007
 0.553000 0.004698895200000008
 0.554000 0.004870886400000008
 0.555000 0.005045700000000008
 0.556000 0.005223321600000008
 0.557000 0.005403736800000009
 0.558000 0.0055869312000000095
 0.559000 0.00577289040000001
 0.560000 0.0059616000000000105
 0.561000 0.00615304560000001
 0.562000 0.006347212800000011
 0.563000 0.0065440871999999884
 0.564000 0.006743654399999988
 0.565000 0.006945899999999989
 0.566000 0.007150809599999989
 0.567000 0.0073583687999999895
 0.568000 0.007568563199999989
 0.569000 0.007781378399999989
 0.570000 0.00799679999999999
 0.571000 0.008214813599999989
 0.572000 0.008435404799999989
 0.573000 0.00865855919999999
 0.574000 0.008884262399999988
 0.575000 0.00911249999999999
 0.576000 0.009343257599999988
 0.577000 0.00957652079999999
 0.578000 0.009812275199999991
 0.579000 0.01005050639999999
 0.580000 0.01029119999999999
 0.581000 0.010534341599999992
 0.582000 0.01077991679999999
 0.583000 0.01102791119999999
 0.584000 0.01127831039999999
 0.585000 0.01153109999999999
 0.586000 0.01178626559999999
 0.587000 0.012043792799999991
 0.588000 0.012303667199999991
 0.589000 0.01256587439999999
 0.590000 0.012830399999999992
 0.591000 0.01309722959999999
 0.592000 0.013366348799999993
 0.593000 0.013637743199999991
 0.594000 0.013911398399999992
 0.595000 0.014187299999999991
 0.596000 0.01446543359999999
 0.597000 0.014745784799999991
 0.598000 0.01502833919999999
 0.599000 0.015313082399999994
 0.600000 0.015599999999999992
 0.601000 0.015889077599999992
 0.602000 0.01618030079999999
 0.603000 0.016473655199999993
 0.604000 0.016769126399999994
 0.605000 0.017066699999999997
 0.606000 0.017366361599999994
 0.607000 0.017668096799999995
 0.608000 0.017971891199999996
 0.609000 0.018277730399999994
 0.610000 0.018585599999999994
 0.611000 0.018895485599999994
 0.612000 0.019207372799999994
 0.613000 0.019521247199999994
 0.614000 0.019837094399999998
 0.615000 0.020154899999999996
 0.616000 0.0204746496
 0.617000 0.0207963288
 0.618000 0.021119923199999998
 0.619000 0.0214454184
 0.620000 0.0217728
 0.621000 0.022102053599999998
 0.622000 0.022433164800000002
 0.623000 0.022766119199999997
 0.624000 0.023100902399999998
 0.625000 0.0234375
 0.626000 0.0237758976
 0.627000 0.0241160808
 0.628000 0.024458035200000002
 0.629000 0.0248017464
 0.630000 0.0251472
 0.631000 0.0254943816
 0.632000 0.025843276800000006
 0.633000 0.026193871200000003
 0.634000 0.026546150400000006
 0.635000 0.026900100000000003
 0.636000 0.027255705600000003
 0.637000 0.0276129528
 0.638000 0.027971827200000004
 0.639000 0.028332314400000003
 0.640000 0.028694400000000002
 0.641000 0.0290580696
 0.642000 0.029423308800000006
 0.643000 0.0297901032
 0.644000 0.030158438400000005
 0.645000 0.030528300000000008
 0.646000 0.030899673600000007
 0.647000 0.03127254480000001
 0.648000 0.03164689920000001
 0.649000 0.03202272240000001
 0.650000 0.032400000000000005
 0.651000 0.032778717600000014
 0.652000 0.03315886080000001
 0.653000 0.03354041520000001
 0.654000 0.03392336640000001
 0.655000 0.03430770000000001
 0.656000 0.03469340160000001
 0.657000 0.035080456800000014
 0.658000 0.035468851200000005
 0.659000 0.03585857040000001
 0.660000 0.03624960000000001
 0.661000 0.03664192560000001
 0.662000 0.037035532800000014
 0.663000 0.037430407200000015
 0.664000 0.037826534400000014
 0.665000 0.03822390000000001
 0.666000 0.03862248960000001
 0.667000 0.03902228880000002
 0.668000 0.03942328320000001
 0.669000 0.039825458400000006
 0.670000 0.040228800000000016
 0.671000 0.04063329360000001
 0.672000 0.041038924800000015
 0.673000 0.041445679200000016
 0.674000 0.04185354240000002
 0.675000 0.042262500000000015
 0.676000 0.04267253760000002
 0.677000 0.043083640800000024
 0.678000 0.04349579520000002
 0.679000 0.043908986400000016
 0.680000 0.04432320000000002
 0.681000 0.04473842160000002
 0.682000 0.04515463680000002
 0.683000 0.04557183120000002
 0.684000 0.04598999040000002
 0.685000 0.04640910000000002
 0.686000 0.04682914560000002
 0.687000 0.04725011280000002
 0.688000 0.04767198719999998
 0.689000 0.048094754399999974
 0.690000 0.048518399999999975
 0.691000 0.04894290959999997
 0.692000 0.049368268799999976
 0.693000 0.04979446319999998
 0.694000 0.05022147839999998
 0.695000 0.050649299999999974
 0.696000 0.051077913599999976
 0.697000 0.05150730479999997
 0.698000 0.05193745919999998
 0.699000 0.05236836239999998
 0.700000 0.05279999999999998
 0.701000 0.05323235759999998
 0.702000 0.05366542079999998
 0.703000 0.05409917519999998
 0.704000 0.05453360639999998
 0.705000 0.05496869999999998
 0.706000 0.05540444159999998
 0.707000 0.05584081679999998
 0.708000 0.05627781119999998
 0.709000 0.05671541039999998
 0.710000 0.057153599999999985
 0.711000 0.05759236559999998
 0.712000 0.058031692799999986
 0.713000 0.05847156719999998
 0.714000 0.05891197439999998
 0.715000 0.059352899999999986
 0.716000 0.05979432959999999
 0.717000 0.06023624879999998
 0.718000 0.06067864319999999
 0.719000 0.06112149839999999
 0.720000 0.06156479999999998
 0.721000 0.062008533599999985
 0.722000 0.062452684799999984
 0.723000 0.06289723919999998
 0.724000 0.06334218239999999
 0.725000 0.0637875
 0.726000 0.06423317759999998
 0.727000 0.06467920079999999
 0.728000 0.06512555519999999
 0.729000 0.06557222639999999
 0.730000 0.06601919999999999
 0.731000 0.0664664616
 0.732000 0.06691399679999999
 0.733000 0.06736179119999999
 0.734000 0.06780983039999999
 0.735000 0.06825809999999999
 0.736000 0.0687065856
 0.737000 0.06915527279999999
 0.738000 0.0696041472
 0.739000 0.07005319439999999
 0.740000 0.07050239999999999
 0.741000 0.0709517496
 0.742000 0.0714012288
 0.743000 0.0718508232
 0.744000 0.0723005184
 0.745000 0.07275029999999999
 0.746000 0.0732001536
 0.747000 0.0736500648
 0.748000 0.07410001919999999
 0.749000 0.0745500024
 0.750000 0.075
 0.751000 0.0754499976
 0.752000 0.07589998079999999
 0.753000 0.0763499352
 0.754000 0.07679984640000001
 0.755000 0.0772497
 0.756000 0.0776994816
 0.757000 0.0781491768
 0.758000 0.0785987712
 0.759000 0.0790482504
 0.760000 0.07949760000000002
 0.761000 0.0799468056
 0.762000 0.0803958528
 0.763000 0.0808447272
 0.764000 0.0812934144
 0.765000 0.0817419
 0.766000 0.0821901696
 0.767000 0.0826382088
 0.768000 0.08308600320000001
 0.769000 0.08353353840000001
 0.770000 0.08398080000000001
 0.771000 0.08442777360000002
 0.772000 0.0848744448
 0.773000 0.0853207992
 0.774000 0.08576682240000001
 0.775000 0.0862125
 0.776000 0.08665781759999999
 0.777000 0.08710276080000001
 0.778000 0.08754731520000002
 0.779000 0.08799146640000001
 0.780000 0.08843519999999999
 0.781000 0.08887850160000002
 0.782000 0.08932135680000002
 0.783000 0.0897637512
 0.784000 0.09020567040000002
 0.785000 0.09064710000000002
 0.786000 0.09108802560000001
 0.787000 0.0915284328
 0.788000 0.09196830720000002
 0.789000 0.09240763440000002
 0.790000 0.09284640000000002
 0.791000 0.0932845896
 0.792000 0.0937221888
 0.793000 0.09415918320000001
 0.794000 0.09459555840000003
 0.795000 0.09503130000000003
 0.796000 0.0954663936
 0.797000 0.0959008248
 0.798000 0.09633457920000002
 0.799000 0.0967676424
 0.800000 0.09720000000000002
 0.801000 0.09763163760000003
 0.802000 0.09806254080000001
 0.803000 0.09849269520000002
 0.804000 0.09892208640000003
 0.805000 0.09935070000000003
 0.806000 0.09977852160000003
 0.807000 0.10020553680000002
 0.808000 0.10063173120000003
 0.809000 0.10105709040000001
 0.810000 0.1014816
 0.811000 0.10190524560000001
 0.812000 0.10232801280000002
 0.813000 0.10274988719999996
 0.814000 0.10317085439999997
 0.815000 0.10359089999999997
 0.816000 0.10401000959999998
 0.817000 0.10442816879999997
 0.818000 0.10484536319999999
 0.819000 0.10526157839999999
 0.820000 0.10567679999999999
 0.821000 0.10609101359999999
 0.822000 0.10650420479999997
 0.823000 0.10691635919999998
 0.824000 0.10732746239999999
 0.825000 0.10773749999999999
 0.826000 0.10814645759999998
 0.827000 0.10855432079999999
 0.828000 0.10896107519999997
 0.829000 0.10936670639999997
 0.830000 0.10977119999999999
 0.831000 0.1101745416
 0.832000 0.11057671679999999
 0.833000 0.11097771119999997
 0.834000 0.11137751039999996
 0.835000 0.1117761
 0.836000 0.1121734656
 0.837000 0.11256959279999998
 0.838000 0.11296446719999997
 0.839000 0.1133580744
 0.840000 0.11375039999999997
 0.841000 0.1141414296
 0.842000 0.11453114879999998
 0.843000 0.11491954319999999
 0.844000 0.11530659839999999
 0.845000 0.11569229999999998
 0.846000 0.11607663359999998
 0.847000 0.11645958479999997
 0.848000 0.11684113919999999
 0.849000 0.11722128239999999
 0.850000 0.11759999999999998
 0.851000 0.11797727759999999
 0.852000 0.11835310079999999
 0.853000 0.11872745519999998
 0.854000 0.1191003264
 0.855000 0.11947169999999999
 0.856000 0.1198415616
 0.857000 0.1202098968
 0.858000 0.12057669119999997
 0.859000 0.12094193039999998
 0.860000 0.12130559999999999
 0.861000 0.12166768559999999
 0.862000 0.12202817279999999
 0.863000 0.12238704719999999
 0.864000 0.12274429439999998
 0.865000 0.1230999
 0.866000 0.1234538496
 0.867000 0.12380612879999998
 0.868000 0.1241567232
 0.869000 0.12450561839999998
 0.870000 0.12485279999999999
 0.871000 0.1251982536
 0.872000 0.1255419648
 0.873000 0.1258839192
 0.874000 0.12622410239999998
 0.875000 0.1265625
 0.876000 0.1268990976
 0.877000 0.1272338808
 0.878000 0.12756683519999998
 0.879000 0.12789794640000002
 0.880000 0.1282272
 0.881000 0.1285545816
 0.882000 0.1288800768
 0.883000 0.12920367119999998
 0.884000 0.1295253504
 0.885000 0.12984510000000002
 0.886000 0.1301629056
 0.887000 0.1304787528
 0.888000 0.13079262719999998
 0.889000 0.1311045144
 0.890000 0.1314144
 0.891000 0.1317222696
 0.892000 0.1320281088
 0.893000 0.13233190320000002
 0.894000 0.1326336384
 0.895000 0.13293329999999998
 0.896000 0.1332308736
 0.897000 0.13352634479999997
 0.898000 0.1338196992
 0.899000 0.1341109224
 0.900000 0.1344
 0.901000 0.13468691759999998
 0.902000 0.1349716608
 0.903000 0.1352542152
 0.904000 0.1355345664
 0.905000 0.13581269999999998
 0.906000 0.13608860160000003
 0.907000 0.1363622568
 0.908000 0.13663365119999998
 0.909000 0.1369027704
 0.910000 0.1371696
 0.911000 0.1374341256
 0.912000 0.1376963328
 0.913000 0.13795620720000001
 0.914000 0.1382137344
 0.915000 0.1384689
 0.916000 0.1387216896
 0.917000 0.1389720888
 0.918000 0.1392200832
 0.919000 0.1394656584
 0.920000 0.13970880000000002
 0.921000 0.1399494936
 0.922000 0.1401877248
 0.923000 0.1404234792
 0.924000 0.14065674239999998
 0.925000 0.1408875
 0.926000 0.1411157376
 0.927000 0.1413414408
 0.928000 0.1415645952
 0.929000 0.1417851864
 0.930000 0.1420032
 0.931000 0.1422186216
 0.932000 0.1424314368
 0.933000 0.1426416312
 0.934000 0.1428491904
 0.935000 0.1430541
 0.936000 0.1432563456
 0.937000 0.1434559128
 0.938000 0.14365278719999997
 0.939000 0.1438469544
 0.940000 0.14403839999999998
 0.941000 0.1442271096
 0.942000 0.1444130688
 0.943000 0.1445962632
 0.944000 0.1447766784
 0.945000 0.14495429999999998
 0.946000 0.14512911359999997
 0.947000 0.14530110479999997
 0.948000 0.14547025919999998
 0.949000 0.1456365624
 0.950000 0.14579999999999999
 0.951000 0.14596055759999998
 0.952000 0.1461182208
 0.953000 0.14627297519999996
 0.954000 0.1464248064
 0.955000 0.1465737
 0.956000 0.1467196416
 0.957000 0.1468626168
 0.958000 0.1470026112
 0.959000 0.14713961039999998
 0.960000 0.1472736
 0.961000 0.14740456559999998
 0.962000 0.1475324928
 0.963000 0.1476573672
 0.964000 0.14777917440000002
 0.965000 0.14789789999999997
 0.966000 0.1480135296
 0.967000 0.1481260488
 0.968000 0.14823544319999998
 0.969000 0.1483416984
 0.970000 0.1484448
 0.971000 0.14854473359999998
 0.972000 0.14864148479999997
 0.973000 0.14873503919999997
 0.974000 0.14882538239999998
 0.975000 0.14891249999999998
 0.976000 0.1489963776
 0.977000 0.1490770008
 0.978000 0.14915435519999998
 0.979000 0.1492284264
 0.980000 0.14929919999999997
 0.981000 0.14936666159999998
 0.982000 0.14943079680000002
 0.983000 0.14949159119999997
 0.984000 0.14954903039999998
 0.985000 0.1496031
 0.986000 0.14965378559999998
 0.987000 0.1497010728
 0.988000 0.14974494719999998
 0.989000 0.14978539439999997
 0.990000 0.1498224
 0.991000 0.14985594959999998
 0.992000 0.1498860288
 0.993000 0.1499126232
 0.994000 0.1499357184
 0.995000 0.14995529999999999
 0.996000 0.1499713536
 0.997000 0.14998386479999998
 0.998000 0.1499928192
 0.999000 0.1499982024
 1.000000 0.15
 1.001000 0.15
 1.002000 0.15
 1.003000 0.15
 1.004000 0.15
 1.005000 0.15
 1.006000 0.15
 1.007000 0.15
 1.008000 0.15
 1.009000 0.15
 1.010000 0.15
 1.011000 0.15
 1.012000 0.15
 1.013000 0.15
 1.014000 0.15
 1.015000 0.15
 1.016000 0.15
 1.017000 0.15
 1.018000 0.15
 1.019000 0.15
 1.020000 0.15
 1.021000 0.15
 1.022000 0.15
 1.023000 0.15
 1.024000 0.15
 1.025000 0.15
 1.026000 0.15
 1.027000 0.15
 1.028000 0.15
 1.029000 0.15
 1.030000 0.15
 1.031000 0.15
 1.032000 0.15
 1.033000 0.15
 1.034000 0.15
 1.035000 0.15
 1.036000 0.15
 1.037000 0.15
 1.038000 0.15
 1.039000 0.15
 1.040000 0.15
 1.041000 0.15
 1.042000 0.15
 1.043000 0.15
 1.044000 0.15
 1.045000 0.15
 1.046000 0.15
 1.047000 0.15
 1.048000 0.15
 1.049000 0.15
 1.050000 0.15
 1.051000 0.15
 1.052000 0.15
 1.053000 0.15
 1.054000 0.15
 1.055000 0.15
 1.056000 0.15
 1.057000 0.15
 1.058000 0.15
 1.059000 0.15
 1.060000 0.15
 1.061000 0.15
 1.062000 0.15
 1.063000 0.15
 1.064000 0.15
 1.065000 0.15
 1.066000 0.15
 1.067000 0.15
 1.068000 0.15
 1.069000 0.15
 1.070000 0.15
 1.071000 0.15
 1.072000 0.15
 1.073000 0.15
 1.074000 0.15
 1.075000 0.15
 1.076000 0.15
 1.077000 0.15
 1.078000 0.15
 1.079000 0.15
 1.080000 0.15
 1.081000 0.15
 1.082000 0.15
 1.083000 0.15
 1.084000 0.15
 1.085000 0.15
 1.086000 0.15
 1.087000 0.15
 1.088000 0.15
 1.089000 0.15
 1.090000 0.15
 1.091000 0.15
 1.092000 0.15
 1.093000 0.15
 1.094000 0.15
 1.095000 0.15
 1.096000 0.15
 1.097000 0.15
 1.098000 0.15
 1.099000 0.15
 1.100000 0.15
 1.101000 0.15
 1.102000 0.15
 1.103000 0.15
 1.104000 0.15
 1.105000 0.15
 1.106000 0.15
 1.107000 0.15
 1.108000 0.15
 1.109000 0.15
 1.110000 0.15
 1.111000 0.15
 1.112000 0.15
 1.113000 0.15
 1.114000 0.15
 1.115000 0.15
 1.116000 0.15
 1.117000 0.15
 1.118000 0.15
 1.119000 0.15
 1.120000 0.15
 1.121000 0.15
 1.122000 0.15
 1.123000 0.15
 1.124000 0.15
 1.125000 0.15
 1.126000 0.15
 1.127000 0.15
 1.128000 0.15
 1.129000 0.15
 1.130000 0.15
 1.131000 0.15
 1.132000 0.15
 1.133000 0.15
 1.134000 0.15
 1.135000 0.15
 1.136000 0.15
 1.137000 0.15
 1.138000 0.15
 1.139000 0.15
 1.140000 0.15
 1.141000 0.15
 1.142000 0.15
 1.143000 0.15
 1.144000 0.15
 1.145000 0.15
 1.146000 0.15
 1.147000 0.15
 1.148000 0.15
 1.149000 0.15
 1.150000 0.15
 1.151000 0.15
 1.152000 0.15
 1.153000 0.15
 1.154000 0.15
 1.155000 0.15
 1.156000 0.15
 1.157000 0.15
 1.158000 0.15
 1.159000 0.15
 1.160000 0.15
 1.161000 0.15
 1.162000 0.15
 1.163000 0.15
 1.164000 0.15
 1.165000 0.15
 1.166000 0.15
 1.167000 0.15
 1.168000 0.15
 1.169000 0.15
 1.170000 0.15
 1.171000 0.15
 1.172000 0.15
 1.173000 0.15
 1.174000 0.15
 1.175000 0.15
 1.176000 0.15
 1.177000 0.15
 1.178000 0.15
 1.179000 0.15
 1.180000 0.15
 1.181000 0.15
 1.182000 0.15
 1.183000 0.15
 1.184000 0.15
 1.185000 0.15
 1.186000 0.15
 1.187000 0.15
 1.188000 0.15
 1.189000 0.15
 1.190000 0.15
 1.191000 0.15
 1.192000 0.15
 1.193000 0.15
 1.194000 0.15
 1.195000 0.15
 1.196000 0.15
 1.197000 0.15
 1.198000 0.15
 1.199000 0.15
 1.200000 0.15
 1.201000 0.15
 1.202000 0.15
 1.203000 0.15
 1.204000 0.15
 1.205000 0.15
 1.206000 0.15
 1.207000 0.15
 1.208000 0.15
 1.209000 0.15
 1.210000 0.15
 1.211000 0.15
 1.212000 0.15
 1.213000 0.15
 1.214000 0.15
 1.215000 0.15
 1.216000 0.15
 1.217000 0.15
 1.218000 0.15
 1.219000 0.15
 1.220000 0.15
 1.221000 0.15
 1.222000 0.15
 1.223000 0.15
 1.224000 0.15
 1.225000 0.15
 1.226000 0.15
 1.227000 0.15
 1.228000 0.15
 1.229000 0.15
 1.230000 0.15
 1.231000 0.15
 1.232000 0.15
 1.233000 0.15
 1.234000 0.15
 1.235000 0.15
 1.236000 0.15
 1.237000 0.15
 1.238000 0.15
 1.239000 0.15
 1.240000 0.15
 1.241000 0.15
 1.242000 0.15
 1.243000 0.15
 1.244000 0.15
 1.245000 0.15
 1.246000 0.15
 1.247000 0.15
 1.248000 0.15
 1.249000 0.15
 1.250000 0.15
 1.251000 0.15
 1.252000 0.15
 1.253000 0.15
 1.254000 0.15
 1.255000 0.15
 1.256000 0.15
 1.257000 0.15
 1.258000 0.15
 1.259000 0.15
 1.260000 0.15
 1.261000 0.15
 1.262000 0.15
 1.263000 0.15
 1.264000 0.15
 1.265000 0.15
 1.266000 0.15
 1.267000 0.15
 1.268000 0.15
 1.269000 0.15
 1.270000 0.15
 1.271000 0.15
 1.272000 0.15
 1.273000 0.15
 1.274000 0.15
 1.275000 0.15
 1.276000 0.15
 1.277000 0.15
 1.278000 0.15
 1.279000 0.15
 1.280000 0.15
 1.281000 0.15
 1.282000 0.15
 1.283000 0.15
 1.284000 0.15
 1.285000 0.15
 1.286000 0.15
 1.287000 0.15
 1.288000 0.15
 1.289000 0.15
 1.290000 0.15
 1.291000 0.15
 1.292000 0.15
 1.293000 0.15
 1.294000 0.15
 1.295000 0.15
 1.296000 0.15
 1.297000 0.15
 1.298000 0.15
 1.299000 0.15
 1.300000 0.15
 1.301000 0.15
 1.302000 0.15
 1.303000 0.15
 1.304000 0.15
 1.305000 0.15
 1.306000 0.15
 1.307000 0.15
 1.308000 0.15
 1.309000 0.15
 1.310000 0.15
 1.311000 0.15
 1.312000 0.15
 1.313000 0.15
 1.314000 0.15
 1.315000 0.15
 1.316000 0.15
 1.317000 0.15
 1.318000 0.15
 1.319000 0.15
 1.320000 0.15
 1.321000 0.15
 1.322000 0.15
 1.323000 0.15
 1.324000 0.15
 1.325000 0.15
 1.326000 0.15
 1.327000 0.15
 1.328000 0.15
 1.329000 0.15
 1.330000 0.15
 1.331000 0.15
 1.332000 0.15
 1.333000 0.15
 1.334000 0.15
 1.335000 0.15
 1.336000 0.15
 1.337000 0.15
 1.338000 0.15
 1.339000 0.15
 1.340000 0.15
 1.341000 0.15
 1.342000 0.15
 1.343000 0.15
 1.344000 0.15
 1.345000 0.15
 1.346000 0.15
 1.347000 0.15
 1.348000 0.15
 1.349000 0.15
 1.350000 0.15
 1.351000 0.15
 1.352000 0.15
 1.353000 0.15
 1.354000 0.15
 1.355000 0.15
 1.356000 0.15
 1.357000 0.15
 1.358000 0.15
 1.359000 0.15
 1.360000 0.15
 1.361000 0.15
 1.362000 0.15
 1.363000 0.15
 1.364000 0.15
 1.365000 0.15
 1.366000 0.15
 1.367000 0.15
 1.368000 0.15
 1.369000 0.15
 1.370000 0.15
 1.371000 0.15
 1.372000 0.15
 1.373000 0.15
 1.374000 0.15
 1.375000 0.15
 1.376000 0.15
 1.377000 0.15
 1.378000 0.15
 1.379000 0.15
 1.380000 0.15
 1.381000 0.15
 1.382000 0.15
 1.383000 0.15
 1.384000 0.15
 1.385000 0.15
 1.386000 0.15
 1.387000 0.15
 1.388000 0.15
 1.389000 0.15
 1.390000 0.15
 1.391000 0.15
 1.392000 0.15
 1.393000 0.15
 1.394000 0.15
 1.395000 0.15
 1.396000 0.15
 1.397000 0.15
 1.398000 0.15
 1.399000 0.15
 1.400000 0.15
 1.401000 0.15
 1.402000 0.15
 1.403000 0.15
 1.404000 0.15
 1.405000 0.15
 1.406000 0.15
 1.407000 0.15
 1.408000 0.15
 1.409000 0.15
 1.410000 0.15
 1.411000 0.15
 1.412000 0.15
 1.413000 0.15
 1.414000 0.15
 1.415000 0.15
 1.416000 0.15
 1.417000 0.15
 1.418000 0.15
 1.419000 0.15
 1.420000 0.15
 1.421000 0.15
 1.422000 0.15
 1.423000 0.15
 1.424000 0.15
 1.425000 0.15
 1.426000 0.15
 1.427000 0.15
 1.428000 0.15
 1.429000 0.15
 1.430000 0.15
 1.431000 0.15
 1.432000 0.15
 1.433000 0.15
 1.434000 0.15
 1.435000 0.15
 1.436000 0.15
 1.437000 0.15
 1.438000 0.15
 1.439000 0.15
 1.440000 0.15
 1.441000 0.15
 1.442000 0.15
 1.443000 0.15
 1.444000 0.15
 1.445000 0.15
 1.446000 0.15
 1.447000 0.15
 1.448000 0.15
 1.449000 0.15
 1.450000 0.15
 1.451000 0.15
 1.452000 0.15
 1.453000 0.15
 1.454000 0.15
 1.455000 0.15
 1.456000 0.15
 1.457000 0.15
 1.458000 0.15
 1.459000 0.15
 1.460000 0.15
 1.461000 0.15
 1.462000 0.15
 1.463000 0.15
 1.464000 0.15
 1.465000 0.15
 1.466000 0.15
 1.467000 0.15
 1.468000 0.15
 1.469000 0.15
 1.470000 0.15
 1.471000 0.15
 1.472000 0.15
 1.473000 0.15
 1.474000 0.15
 1.475000 0.15
 1.476000 0.15
 1.477000 0.15
 1.478000 0.15
 1.479000 0.15
 1.480000 0.15
 1.481000 0.15
 1.482000 0.15
 1.483000 0.15
 1.484000 0.15
 1.485000 0.15
 1.486000 0.15
 1.487000 0.15
 1.488000 0.15
 1.489000 0.15
 1.490000 0.15
 1.491000 0.15
 1.492000 0.15
 1.493000 0.15
 1.494000 0.15
 1.495000 0.15
 1.496000 0.15
 1.497000 0.15
 1.498000 0.15
 1.499000 0.15
 1.500000 0.15
