0.0 1.5 1.0
Linear 1 explicit
 0.000000 0.0
 0.001000 0.0
 0.002000 0.0
 0.003000 0.0
 0.004000 0.0
 0.005000 0.0
 0.006000 0.0
 0.007000 0.0
 0.008000 0.0
 0.009000 0.0
 0.010000 0.0
 0.011000 0.0
 0.012000 0.0
 0.013000 0.0
 0.014000 0.0
 0.015000 0.0
 0.016000 0.0
 0.017000 0.0
 0.018000 0.0
 0.019000 0.0
 0.020000 0.0
 0.021000 0.0
 0.022000 0.0
 0.023000 0.0
 0.024000 0.0
 0.025000 0.0
 0.026000 0.0
 0.027000 0.0
 0.028000 0.0
 0.029000 0.0
 0.030000 0.0
 0.031000 0.0
 0.032000 0.0
 0.033000 0.0
 0.034000 0.0
 0.035000 0.0
 0.036000 0.0
 0.037000 0.0
 0.038000 0.0
 0.039000 0.0
 0.040000 0.0
 0.041000 0.0
 0.042000 0.0
 0.043000 0.0
 0.044000 0.0
 0.045000 0.0
 0.046000 0.0
 0.047000 0.0
 0.048000 0.0
 0.049000 0.0
 0.050000 0.0
 0.051000 0.0
 0.052000 0.0
 0.053000 0.0
 0.054000 0.0
 0.055000 0.0
 0.056000 0.0
 0.057000 0.0
 0.058000 0.0
 0.059000 0.0
 0.060000 0.0
 0.061000 0.0
 0.062000 0.0
 0.063000 0.0
 0.064000 0.0
 0.065000 0.0
 0.066000 0.0
 0.067000 0.0
 0.068000 0.0
 0.069000 0.0
 0.070000 0.0
 0.071000 0.0
 0.072000 0.0
 0.073000 0.0
 0.074000 0.0
 0.075000 0.0
 0.076000 0.0
 0.077000 0.0
 0.078000 0.0
 0.079000 0.0
 0.080000 0.0
 0.081000 0.0
 0.082000 0.0
 0.083000 0.0
 0.084000 0.0
 0.085000 0.0
 0.086000 0.0
 0.087000 0.0
 0.088000 0.0
 0.089000 0.0
 0.090000 0.0
 0.091000 0.0
 0.092000 0.0
 0.093000 0.0
 0.094000 0.0
 0.095000 0.0
 0.096000 0.0
 0.097000 0.0
 0.098000 0.0
 0.099000 0.0
 0.100000 0.0
 0.101000 0.0
 0.102000 0.0
 0.103000 0.0
 0.104000 0.0
 0.105000 0.0
 0.106000 0.0
 0.107000 0.0
 0.108000 0.0
 0.109000 0.0
 0.110000 0.0
 0.111000 0.0
 0.112000 0.0
 0.113000 0.0
 0.114000 0.0
 0.115000 0.0
 0.116000 0.0
 0.117000 0.0
 0.118000 0.0
 0.119000 0.0
 0.120000 0.0
 0.121000 0.0
 0.122000 0.0
 0.123000 0.0
 0.124000 0.0
 0.125000 0.0
 0.126000 0.0
 0.127000 0.0
 0.128000 0.0
 0.129000 0.0
 0.130000 0.0
 0.131000 0.0
 0.132000 0.0
 0.133000 0.0
 0.134000 0.0
 0.135000 0.0
 0.136000 0.0
 0.137000 0.0
 0.138000 0.0
 0.139000 0.0
 0.140000 0.0
 0.141000 0.0
 0.142000 0.0
 0.143000 0.0
 0.144000 0.0
 0.145000 0.0
 0.146000 0.0
 0.147000 0.0
 0.148000 0.0
 0.149000 0.0
 0.150000 0.0
 0.151000 0.0
 0.152000 0.0
 0.153000 0.0
 0.154000 0.0
 0.155000 0.0
 0.156000 0.0
 0.157000 0.0
 0.158000 0.0
 0.159000 0.0
 0.160000 0.0
 0.161000 0.0
 0.162000 0.0
 0.163000 0.0
 0.164000 0.0
 0.165000 0.0
 0.166000 0.0
 0.167000 0.0
 0.168000 0.0
 0.169000 0.0
 0.170000 0.0
 0.171000 0.0
 0.172000 0.0
 0.173000 0.0
 0.174000 0.0
 0.175000 0.0
 0.176000 0.0
 0.177000 0.0
 0.178000 0.0
 0.179000 0.0
 0.180000 0.0
 0.181000 0.0
 0.182000 0.0
 0.183000 0.0
 0.184000 0.0
 0.185000 0.0
 0.186000 0.0
 0.187000 0.0
 0.188000 0.0
 0.189000 0.0
 0.190000 0.0
 0.191000 0.0
 0.192000 0.0
 0.193000 0.0
 0.194000 0.0
 0.195000 0.0
 0.196000 0.0
 0.197000 0.0
 0.198000 0.0
 0.199000 0.0
 0.200000 0.0
 0.201000 0.0
 0.202000 0.0
 0.203000 0.0
 0.204000 0.0
 0.205000 0.0
 0.206000 0.0
 0.207000 0.0
 0.208000 0.0
 0.209000 0.0
 0.210000 0.0
 0.211000 0.0
 0.212000 0.0
 0.213000 0.0
 0.214000 0.0
 0.215000 0.0
 0.216000 0.0
 0.217000 0.0
 0.218000 0.0
 0.219000 0.0
 0.220000 0.0
 0.221000 0.0
 0.222000 0.0
 0.223000 0.0
 0.224000 0.0
 0.225000 0.0
 0.226000 0.0
 0.227000 0.0
 0.228000 0.0
 0.229000 0.0
 0.230000 0.0
 0.231000 0.0
 0.232000 0.0
 0.233000 0.0
 0.234000 0.0
 0.235000 0.0
 0.236000 0.0
 0.237000 0.0
 0.238000 0.0
 0.239000 0.0
 0.240000 0.0
 0.241000 0.0
 0.242000 0.0
 0.243000 0.0
 0.244000 0.0
 0.245000 0.0
 0.246000 0.0
 0.247000 0.0
 0.248000 0.0
 0.249000 0.0
 0.250000 0.0
 0.251000 0.0
 0.252000 0.0
 0.253000 0.0
 0.254000 0.0
 0.255000 0.0
 0.256000 0.0
 0.257000 0.0
 0.258000 0.0
 0.259000 0.0
 0.260000 0.0
 0.261000 0.0
 0.262000 0.0
 0.263000 0.0
 0.264000 0.0
 0.265000 0.0
 0.266000 0.0
 0.267000 0.0
 0.268000 0.0
 0.269000 0.0
 0.270000 0.0
 0.271000 0.0
 0.272000 0.0
 0.273000 0.0
 0.274000 0.0
 0.275000 0.0
 0.276000 0.0
 0.277000 0.0
 0.278000 0.0
 0.279000 0.0
 0.280000 0.0
 0.281000 0.0
 0.282000 0.0
 0.283000 0.0
 0.284000 0.0
 0.285000 0.0
 0.286000 0.0
 0.287000 0.0
 0.288000 0.0
 0.289000 0.0
 0.290000 0.0
 0.291000 0.0
 0.292000 0.0
 0.293000 0.0
 0.294000 0.0
 0.295000 0.0
 0.296000 0.0
 0.297000 0.0
 0.298000 0.0
 0.299000 0.0
 0.300000 0.0
 0.301000 0.0
 0.302000 0.0
 0.303000 0.0
 0.304000 0.0
 0.305000 0.0
 0.306000 0.0
 0.307000 0.0
 0.308000 0.0
 0.309000 0.0
 0.310000 0.0
 0.311000 0.0
 0.312000 0.0
 0.313000 0.0
 0.314000 0.0
 0.315000 0.0
 0.316000 0.0
 0.317000 0.0
 0.318000 0.0
 0.319000 0.0
 0.320000 0.0
 0.321000 0.0
 0.322000 0.0
 0.323000 0.0
 0.324000 0.0
 0.325000 0.0
 0.326000 0.0
 0.327000 0.0
 0.328000 0.0
 0.329000 0.0
 0.330000 0.0
 0.331000 0.0
 0.332000 0.0
 0.333000 0.0
 0.334000 0.0
 0.335000 0.0
 0.336000 0.0
 0.337000 0.0
 0.338000 0.0
 0.339000 0.0
 0.340000 0.0
 0.341000 0.0
 0.342000 0.0
 0.343000 0.0
 0.344000 0.0
 0.345000 0.0
 0.346000 0.0
 0.347000 0.0
 0.348000 0.0
 0.349000 0.0
 0.350000 0.0
 0.351000 0.0
 0.352000 0.0
 0.353000 0.0
 0.354000 0.0
 0.355000 0.0
 0.356000 0.0
 0.357000 0.0
 0.358000 0.0
 0.359000 0.0
 0.360000 0.0
 0.361000 0.0
 0.362000 0.0
 0.363000 0.0
 0.364000 0.0
 0.365000 0.0
 0.366000 0.0
 0.367000 0.0
 0.368000 0.0
 0.369000 0.0
 0.370000 0.0
 0.371000 0.0
 0.372000 0.0
 0.373000 0.0
 0.374000 0.0
 0.375000 0.0
 0.376000 0.0
 0.377000 0.0
 0.378000 0.0
 0.379000 0.0
 0.380000 0.0
 0.381000 0.0
 0.382000 0.0
 0.383000 0.0
 0.384000 0.0
 0.385000 0.0
 0.386000 0.0
 0.387000 0.0
 0.388000 0.0
 0.389000 0.0
 0.390000 0.0
 0.391000 0.0
 0.392000 0.0
 0.393000 0.0
 0.394000 0.0
 0.395000 0.0
 0.396000 0.0
 0.397000 0.0
 0.398000 0.0
 0.399000 0.0
 0.400000 0.0
 0.401000 0.0
 0.402000 0.0
 0.403000 0.0
 0.404000 0.0
 0.405000 0.0
 0.406000 0.0
 0.407000 0.0
 0.408000 0.0
 0.409000 0.0
 0.410000 0.0
 0.411000 0.0
 0.412000 0.0
 0.413000 0.0
 0.414000 0.0
 0.415000 0.0
 0.416000 0.0
 0.417000 0.0
 0.418000 0.0
 0.419000 0.0
 0.420000 0.0
 0.421000 0.0
 0.422000 0.0
 0.423000 0.0
 0.424000 0.0
 0.425000 0.0
 0.426000 0.0
 0.427000 0.0
 0.428000 0.0
 0.429000 0.0
 0.430000 0.0
 0.431000 0.0
 0.432000 0.0
 0.433000 0.0
 0.434000 0.0
 0.435000 0.0
 0.436000 0.0
 0.437000 0.0
 0.438000 0.0
 0.439000 0.0
 0.440000 0.0
 0.441000 0.0
 0.442000 0.0
 0.443000 0.0
 0.444000 0.0
 0.445000 0.0
 0.446000 0.0
 0.447000 0.0
 0.448000 0.0
 0.449000 0.0
 0.450000 0.0
 0.451000 0.0
 0.452000 0.0
 0.453000 0.0
 0.454000 0.0
 0.455000 0.0
 0.456000 0.0
 0.457000 0.0
 0.458000 0.0
 0.459000 0.0
 0.460000 0.0
 0.461000 0.0
 0.462000 0.0
 0.463000 0.0
 0.464000 0.0
 0.465000 0.0
 0.466000 0.0
 0.467000 0.0
 0.468000 0.0
 0.469000 0.0
 0.470000 0.0
 0.471000 0.0
 0.472000 0.0
 0.473000 0.0
 0.474000 0.0
 0.475000 0.0
 0.476000 0.0
 0.477000 0.0
 0.478000 0.0
 0.479000 0.0
 0.480000 0.0
 0.481000 0.0
 0.482000 0.0
 0.483000 0.0
 0.484000 0.0
 0.485000 0.0
 0.486000 0.0
 0.487000 0.0
 0.488000 0.0
 0.489000 0.0
 0.490000 0.0
 0.491000 0.0
 0.492000 0.0
 0.493000 0.0
 0.494000 0.0
 0.495000 0.0
 0.496000 0.0
 0.497000 0.0
 0.498000 0.0
 0.499000 0.0
 0.500000 0.0
 0.501000 0.0
 0.502000 0.0
 0.503000 5.992000000000011E-7
 0.504000 2.393600000000004E-6
 0.505000 5.37840000000001E-6
 0.506000 9.548800000000018E-6
 0.507000 1.4900000000000027E-5
 0.508000 2.1427200000000038E-5
 0.509000 2.912560000000005E-5
 0.510000 3.799040000000007E-5
 0.511000 4.8016800000000085E-5
 0.512000 5.920000000000011E-5
 0.513000 7.153520000000013E-5
 0.514000 8.501760000000015E-5
 0.515000 9.964240000000017E-5
 0.516000 1.1540480000000021E-4
 0.517000 1.323000000000002E-4
 0.518000 1.5032320000000026E-4
 0.519000 1.694696000000003E-4
 0.520000 1.8973440000000035E-4
 0.521000 2.111128000000004E-4
 0.522000 2.336000000000004E-4
 0.523000 2.571912000000005E-4
 0.524000 2.8188160000000047E-4
 0.525000 3.076664000000006E-4
 0.526000 3.3454080000000063E-4
 0.527000 3.625000000000006E-4
 0.528000 3.915392000000007E-4
 0.529000 4.2165360000000077E-4
 0.530000 4.528384000000009E-4
 0.531000 4.850888000000008E-4
 0.532000 5.184000000000009E-4
 0.533000 5.527672000000011E-4
 0.534000 5.881856000000011E-4
 0.535000 6.24650400000001E-4
 0.536000 6.621568000000013E-4
 0.537000 7.007000000000011E-4
 0.538000 7.402752000000014E-4
 0.539000 7.808776000000014E-4
 0.540000 8.225024000000016E-4
 0.541000 8.651448000000016E-4
 0.542000 9.088000000000015E-4
 0.543000 9.534632000000017E-4
 0.544000 9.991296000000018E-4
 0.545000 0.0010457944000000017
 0.546000 0.0010934528000000018
 0.547000 0.0011421000000000018
 0.548000 0.0011917312000000021
 0.549000 0.0012423416000000023
 0.550000 0.0012939264000000022
 0.551000 0.0013464808000000024
 0.552000 0.0014000000000000026
 0.553000 0.0014544792000000025
 0.554000 0.0015099136000000027
 0.555000 0.0015662984000000026
 0.556000 0.001623628800000003
 0.557000 0.0016819000000000029
 0.558000 0.0017411072000000029
 0.559000 0.0018012456000000032
 0.560000 0.0018623104000000034
 0.561000 0.0019242968000000036
 0.562000 0.0019872000000000036
 0.563000 0.0020510151999999964
 0.564000 0.0021157375999999966
 0.565000 0.0021813623999999963
 0.566000 0.0022478847999999963
 0.567000 0.0023152999999999967
 0.568000 0.002383603199999997
 0.569000 0.0024527895999999967
 0.570000 0.0025228543999999964
 0.571000 0.0025937927999999965
 0.572000 0.0026655999999999967
 0.573000 0.0027382711999999966
 0.574000 0.002811801599999997
 0.575000 0.002886186399999997
 0.576000 0.0029614207999999966
 0.577000 0.003037499999999997
 0.578000 0.0031144191999999964
 0.579000 0.0031921735999999967
 0.580000 0.003270758399999997
 0.581000 0.003350168799999997
 0.582000 0.0034303999999999966
 0.583000 0.0035114471999999975
 0.584000 0.0035933055999999974
 0.585000 0.0036759703999999973
 0.586000 0.003759436799999997
 0.587000 0.003843699999999997
 0.588000 0.003928755199999997
 0.589000 0.0040145975999999976
 0.590000 0.004101222399999997
 0.591000 0.004188624799999997
 0.592000 0.004276799999999997
 0.593000 0.004365743199999997
 0.594000 0.004455449599999998
 0.595000 0.004545914399999997
 0.596000 0.004637132799999998
 0.597000 0.004729099999999997
 0.598000 0.004821811199999998
 0.599000 0.004915261599999998
 0.600000 0.005009446399999997
 0.601000 0.005104360799999999
 0.602000 0.005199999999999998
 0.603000 0.005296359199999998
 0.604000 0.005393433599999998
 0.605000 0.005491218399999998
 0.606000 0.005589708799999999
 0.607000 0.005688899999999999
 0.608000 0.005788787199999999
 0.609000 0.005889365599999998
 0.610000 0.005990630399999999
 0.611000 0.006092576799999998
 0.612000 0.006195199999999999
 0.613000 0.006298495199999999
 0.614000 0.006402457599999999
 0.615000 0.006507082399999999
 0.616000 0.006612364799999999
 0.617000 0.0067183
 0.618000 0.0068248831999999995
 0.619000 0.0069321096
 0.620000 0.0070399744
 0.621000 0.0071484728
 0.622000 0.0072576
 0.623000 0.0073673512
 0.624000 0.007477721600000001
 0.625000 0.007588706399999999
 0.626000 0.0077003008000000005
 0.627000 0.0078125
 0.628000 0.0079252992
 0.629000 0.008038693599999999
 0.630000 0.0081526784
 0.631000 0.0082672488
 0.632000 0.008382400000000002
 0.633000 0.008498127200000002
 0.634000 0.008614425600000001
 0.635000 0.008731290400000001
 0.636000 0.008848716800000002
 0.637000 0.008966700000000001
 0.638000 0.009085235200000001
 0.639000 0.009204317600000001
 0.640000 0.009323942400000002
 0.641000 0.009444104800000002
 0.642000 0.009564800000000002
 0.643000 0.009686023200000001
 0.644000 0.009807769600000002
 0.645000 0.009930034400000003
 0.646000 0.010052812800000003
 0.647000 0.010176100000000004
 0.648000 0.010299891200000003
 0.649000 0.010424181600000004
 0.650000 0.010548966400000004
 0.651000 0.010674240800000004
 0.652000 0.010800000000000004
 0.653000 0.010926239200000005
 0.654000 0.011052953600000004
 0.655000 0.011180138400000005
 0.656000 0.011307788800000003
 0.657000 0.011435900000000006
 0.658000 0.011564467200000005
 0.659000 0.011693485600000005
 0.660000 0.011822950400000004
 0.661000 0.011952856800000005
 0.662000 0.012083200000000004
 0.663000 0.012213975200000005
 0.664000 0.012345177600000005
 0.665000 0.012476802400000006
 0.666000 0.012608844800000005
 0.667000 0.012741300000000006
 0.668000 0.012874163200000005
 0.669000 0.013007429600000007
 0.670000 0.013141094400000006
 0.671000 0.013275152800000004
 0.672000 0.013409600000000006
 0.673000 0.013544431200000005
 0.674000 0.013679641600000007
 0.675000 0.013815226400000005
 0.676000 0.013951180800000008
 0.677000 0.014087500000000006
 0.678000 0.014224179200000006
 0.679000 0.01436121360000001
 0.680000 0.014498598400000007
 0.681000 0.014636328800000008
 0.682000 0.014774400000000007
 0.683000 0.01491280720000001
 0.684000 0.015051545600000008
 0.685000 0.015190610400000007
 0.686000 0.015329996800000007
 0.687000 0.01546970000000001
 0.688000 0.015609715199999994
 0.689000 0.015750037599999996
 0.690000 0.015890662399999995
 0.691000 0.016031584799999995
 0.692000 0.016172799999999994
 0.693000 0.01631430319999999
 0.694000 0.016456089599999994
 0.695000 0.016598154399999992
 0.696000 0.016740492799999993
 0.697000 0.016883099999999995
 0.698000 0.017025971199999993
 0.699000 0.017169101599999993
 0.700000 0.017312486399999993
 0.701000 0.017456120799999995
 0.702000 0.017599999999999994
 0.703000 0.017744119199999995
 0.704000 0.017888473599999993
 0.705000 0.018033058399999993
 0.706000 0.018177868799999993
 0.707000 0.018322899999999996
 0.708000 0.018468147199999993
 0.709000 0.018613605599999996
 0.710000 0.018759270399999996
 0.711000 0.018905136799999996
 0.712000 0.019051199999999997
 0.713000 0.019197455199999994
 0.714000 0.019343897599999996
 0.715000 0.019490522399999995
 0.716000 0.019637324799999994
 0.717000 0.019784299999999998
 0.718000 0.019931443199999996
 0.719000 0.020078749599999998
 0.720000 0.020226214399999998
 0.721000 0.020373832799999998
 0.722000 0.020521599999999997
 0.723000 0.020669511199999997
 0.724000 0.020817561599999996
 0.725000 0.0209657464
 0.726000 0.0211140608
 0.727000 0.0212625
 0.728000 0.0214110592
 0.729000 0.0215597336
 0.730000 0.0217085184
 0.731000 0.0218574088
 0.732000 0.0220064
 0.733000 0.0221554872
 0.734000 0.0223046656
 0.735000 0.022453930400000002
 0.736000 0.0226032768
 0.737000 0.0227527
 0.738000 0.0229021952
 0.739000 0.0230517576
 0.740000 0.023201382399999998
 0.741000 0.0233510648
 0.742000 0.023500800000000002
 0.743000 0.023650583200000002
 0.744000 0.023800409600000003
 0.745000 0.0239502744
 0.746000 0.0241001728
 0.747000 0.0242501
 0.748000 0.0244000512
 0.749000 0.0245500216
 0.750000 0.024700006400000002
 0.751000 0.0248500008
 0.752000 0.025
 0.753000 0.025149999200000002
 0.754000 0.0252999936
 0.755000 0.025449978400000003
 0.756000 0.025599948800000008
 0.757000 0.025749900000000006
 0.758000 0.0258998272
 0.759000 0.026049725600000004
 0.760000 0.0261995904
 0.761000 0.026349416800000004
 0.762000 0.026499200000000007
 0.763000 0.0266489352
 0.764000 0.026798617600000005
 0.765000 0.026948242400000003
 0.766000 0.027097804800000003
 0.767000 0.027247300000000002
 0.768000 0.0273967232
 0.769000 0.0275460696
 0.770000 0.027695334400000007
 0.771000 0.027844512800000006
 0.772000 0.027993600000000004
 0.773000 0.028142591200000008
 0.774000 0.0282914816
 0.775000 0.028440266400000004
 0.776000 0.028588940800000007
 0.777000 0.0287375
 0.778000 0.028885939200000002
 0.779000 0.029034253600000004
 0.780000 0.029182438400000007
 0.781000 0.029330488800000006
 0.782000 0.029478400000000002
 0.783000 0.02962616720000001
 0.784000 0.02977378560000001
 0.785000 0.029921250400000005
 0.786000 0.030068556800000007
 0.787000 0.03021570000000001
 0.788000 0.03036267520000001
 0.789000 0.0305094776
 0.790000 0.03065610240000001
 0.791000 0.030802544800000012
 0.792000 0.030948800000000012
 0.793000 0.031094863200000003
 0.794000 0.031240729600000003
 0.795000 0.03138639440000001
 0.796000 0.03153185280000001
 0.797000 0.03167710000000001
 0.798000 0.031822131200000006
 0.799000 0.03196694160000001
 0.800000 0.03211152640000001
 0.801000 0.032255880800000004
 0.802000 0.032400000000000005
 0.803000 0.03254387920000001
 0.804000 0.03268751360000001
 0.805000 0.03283089840000001
 0.806000 0.03297402880000001
 0.807000 0.03311690000000001
 0.808000 0.03325950720000001
 0.809000 0.03340184560000001
 0.810000 0.03354391040000001
 0.811000 0.033685696800000005
 0.812000 0.0338272
 0.813000 0.03396841519999999
 0.814000 0.0341093376
 0.815000 0.03424996239999999
 0.816000 0.0343902848
 0.817000 0.03453029999999999
 0.818000 0.034670003199999994
 0.819000 0.03480938959999999
 0.820000 0.034948454399999995
 0.821000 0.03508719279999999
 0.822000 0.035225599999999996
 0.823000 0.035363671199999995
 0.824000 0.035501401599999996
 0.825000 0.0356387864
 0.826000 0.0357758208
 0.827000 0.0359125
 0.828000 0.03604881919999999
 0.829000 0.0361847736
 0.830000 0.036320358399999995
 0.831000 0.0364555688
 0.832000 0.036590399999999995
 0.833000 0.0367248472
 0.834000 0.0368589056
 0.835000 0.036992570399999994
 0.836000 0.03712583679999999
 0.837000 0.0372587
 0.838000 0.0373911552
 0.839000 0.0375231976
 0.840000 0.037654822399999996
 0.841000 0.037786024800000005
 0.842000 0.0379168
 0.843000 0.0380471432
 0.844000 0.0381770496
 0.845000 0.0383065144
 0.846000 0.038435532800000005
 0.847000 0.0385641
 0.848000 0.03869221119999999
 0.849000 0.0388198616
 0.850000 0.0389470464
 0.851000 0.039073760799999996
 0.852000 0.0392
 0.853000 0.039325759200000004
 0.854000 0.0394510336
 0.855000 0.0395758184
 0.856000 0.0397001088
 0.857000 0.039823899999999995
 0.858000 0.039947187200000005
 0.859000 0.04006996560000001
 0.860000 0.0401922304
 0.861000 0.0403139768
 0.862000 0.040435200000000004
 0.863000 0.0405558952
 0.864000 0.0406760576
 0.865000 0.040795682400000005
 0.866000 0.0409147648
 0.867000 0.0410333
 0.868000 0.0411512832
 0.869000 0.0412687096
 0.870000 0.04138557440000001
 0.871000 0.0415018728
 0.872000 0.041617600000000005
 0.873000 0.0417327512
 0.874000 0.0418473216
 0.875000 0.0419613064
 0.876000 0.0420747008
 0.877000 0.0421875
 0.878000 0.042299699200000006
 0.879000 0.042411293600000004
 0.880000 0.0425222784
 0.881000 0.042632648800000006
 0.882000 0.04274240000000001
 0.883000 0.0428515272
 0.884000 0.04296002560000001
 0.885000 0.0430678904
 0.886000 0.0431751168
 0.887000 0.043281700000000006
 0.888000 0.043387635199999997
 0.889000 0.0434929176
 0.890000 0.0435975424
 0.891000 0.043701504800000006
 0.892000 0.043804800000000005
 0.893000 0.043907423200000004
 0.894000 0.0440093696
 0.895000 0.04411063440000001
 0.896000 0.044211212800000003
 0.897000 0.0443111
 0.898000 0.04441029120000001
 0.899000 0.0445087816
 0.900000 0.044606566400000006
 0.901000 0.04470364080000001
 0.902000 0.0448
 0.903000 0.044895639200000004
 0.904000 0.044990553600000004
 0.905000 0.045084738400000005
 0.906000 0.045178188800000005
 0.907000 0.0452709
 0.908000 0.04536286720000001
 0.909000 0.045454085600000006
 0.910000 0.0455445504
 0.911000 0.04563425680000001
 0.912000 0.045723200000000006
 0.913000 0.045811375200000004
 0.914000 0.0458987776
 0.915000 0.04598540240000001
 0.916000 0.04607124480000001
 0.917000 0.04615630000000001
 0.918000 0.0462405632
 0.919000 0.046324029600000004
 0.920000 0.04640669440000001
 0.921000 0.046488552800000006
 0.922000 0.04656960000000001
 0.923000 0.046649831200000005
 0.924000 0.0467292416
 0.925000 0.0468078264
 0.926000 0.0468855808
 0.927000 0.046962500000000004
 0.928000 0.047038579200000014
 0.929000 0.0471138136
 0.930000 0.047188198400000006
 0.931000 0.04726172880000001
 0.932000 0.047334400000000006
 0.933000 0.04740620720000001
 0.934000 0.047477145600000006
 0.935000 0.04754721040000001
 0.936000 0.0476163968
 0.937000 0.0476847
 0.938000 0.0477521152
 0.939000 0.0478186376
 0.940000 0.047884262399999995
 0.941000 0.047948984800000004
 0.942000 0.048012799999999994
 0.943000 0.0480757032
 0.944000 0.0481376896
 0.945000 0.0481987544
 0.946000 0.0482588928
 0.947000 0.0483181
 0.948000 0.0483763712
 0.949000 0.0484337016
 0.950000 0.04849008639999999
 0.951000 0.048545520800000005
 0.952000 0.048600000000000004
 0.953000 0.048653519199999995
 0.954000 0.048706073600000004
 0.955000 0.048757658399999994
 0.956000 0.0488082688
 0.957000 0.0488579
 0.958000 0.048906547200000004
 0.959000 0.04895420560000001
 0.960000 0.0490008704
 0.961000 0.0490465368
 0.962000 0.0490912
 0.963000 0.0491348552
 0.964000 0.0491774976
 0.965000 0.0492191224
 0.966000 0.04925972480000001
 0.967000 0.0492993
 0.968000 0.04933784320000001
 0.969000 0.0493753496
 0.970000 0.049411814400000004
 0.971000 0.049447232800000004
 0.972000 0.0494816
 0.973000 0.0495149112
 0.974000 0.0495471616
 0.975000 0.0495783464
 0.976000 0.049608460800000004
 0.977000 0.0496375
 0.978000 0.049665459200000005
 0.979000 0.0496923336
 0.980000 0.0497181184
 0.981000 0.0497428088
 0.982000 0.049766399999999995
 0.983000 0.0497888872
 0.984000 0.04981026560000001
 0.985000 0.049830530399999996
 0.986000 0.0498496768
 0.987000 0.0498677
 0.988000 0.0498845952
 0.989000 0.0499003576
 0.990000 0.0499149824
 0.991000 0.049928464799999996
 0.992000 0.04994080000000001
 0.993000 0.0499519832
 0.994000 0.049962009599999996
 0.995000 0.049970874400000004
 0.996000 0.0499785728
 0.997000 0.049985100000000005
 0.998000 0.04999045120000001
 0.999000 0.0499946216
 1.000000 0.049997606400000005
 1.001000 0.0499994008
 1.002000 0.05
 1.003000 0.05
 1.004000 0.05
 1.005000 0.05
 1.006000 0.05
 1.007000 0.05
 1.008000 0.05
 1.009000 0.05
 1.010000 0.05
 1.011000 0.05
 1.012000 0.05
 1.013000 0.05
 1.014000 0.05
 1.015000 0.05
 1.016000 0.05
 1.017000 0.05
 1.018000 0.05
 1.019000 0.05
 1.020000 0.05
 1.021000 0.05
 1.022000 0.05
 1.023000 0.05
 1.024000 0.05
 1.025000 0.05
 1.026000 0.05
 1.027000 0.05
 1.028000 0.05
 1.029000 0.05
 1.030000 0.05
 1.031000 0.05
 1.032000 0.05
 1.033000 0.05
 1.034000 0.05
 1.035000 0.05
 1.036000 0.05
 1.037000 0.05
 1.038000 0.05
 1.039000 0.05
 1.040000 0.05
 1.041000 0.05
 1.042000 0.05
 1.043000 0.05
 1.044000 0.05
 1.045000 0.05
 1.046000 0.05
 1.047000 0.05
 1.048000 0.05
 1.049000 0.05
 1.050000 0.05
 1.051000 0.05
 1.052000 0.05
 1.053000 0.05
 1.054000 0.05
 1.055000 0.05
 1.056000 0.05
 1.057000 0.05
 1.058000 0.05
 1.059000 0.05
 1.060000 0.05
 1.061000 0.05
 1.062000 0.05
 1.063000 0.05
 1.064000 0.05
 1.065000 0.05
 1.066000 0.05
 1.067000 0.05
 1.068000 0.05
 1.069000 0.05
 1.070000 0.05
 1.071000 0.05
 1.072000 0.05
 1.073000 0.05
 1.074000 0.05
 1.075000 0.05
 1.076000 0.05
 1.077000 0.05
 1.078000 0.05
 1.079000 0.05
 1.080000 0.05
 1.081000 0.05
 1.082000 0.05
 1.083000 0.05
 1.084000 0.05
 1.085000 0.05
 1.086000 0.05
 1.087000 0.05
 1.088000 0.05
 1.089000 0.05
 1.090000 0.05
 1.091000 0.05
 1.092000 0.05
 1.093000 0.05
 1.094000 0.05
 1.095000 0.05
 1.096000 0.05
 1.097000 0.05
 1.098000 0.05
 1.099000 0.05
 1.100000 0.05
 1.101000 0.05
 1.102000 0.05
 1.103000 0.05
 1.104000 0.05
 1.105000 0.05
 1.106000 0.05
 1.107000 0.05
 1.108000 0.05
 1.109000 0.05
 1.110000 0.05
 1.111000 0.05
 1.112000 0.05
 1.113000 0.05
 1.114000 0.05
 1.115000 0.05
 1.116000 0.05
 1.117000 0.05
 1.118000 0.05
 1.119000 0.05
 1.120000 0.05
 1.121000 0.05
 1.122000 0.05
 1.123000 0.05
 1.124000 0.05
 1.125000 0.05
 1.126000 0.05
 1.127000 0.05
 1.128000 0.05
 1.129000 0.05
 1.130000 0.05
 1.131000 0.05
 1.132000 0.05
 1.133000 0.05
 1.134000 0.05
 1.135000 0.05
 1.136000 0.05
 1.137000 0.05
 1.138000 0.05
 1.139000 0.05
 1.140000 0.05
 1.141000 0.05
 1.142000 0.05
 1.143000 0.05
 1.144000 0.05
 1.145000 0.05
 1.146000 0.05
 1.147000 0.05
 1.148000 0.05
 1.149000 0.05
 1.150000 0.05
 1.151000 0.05
 1.152000 0.05
 1.153000 0.05
 1.154000 0.05
 1.155000 0.05
 1.156000 0.05
 1.157000 0.05
 1.158000 0.05
 1.159000 0.05
 1.160000 0.05
 1.161000 0.05
 1.162000 0.05
 1.163000 0.05
 1.164000 0.05
 1.165000 0.05
 1.166000 0.05
 1.167000 0.05
 1.168000 0.05
 1.169000 0.05
 1.170000 0.05
 1.171000 0.05
 1.172000 0.05
 1.173000 0.05
 1.174000 0.05
 1.175000 0.05
 1.176000 0.05
 1.177000 0.05
 1.178000 0.05
 1.179000 0.05
 1.180000 0.05
 1.181000 0.05
 1.182000 0.05
 1.183000 0.05
 1.184000 0.05
 1.185000 0.05
 1.186000 0.05
 1.187000 0.05
 1.188000 0.05
 1.189000 0.05
 1.190000 0.05
 1.191000 0.05
 1.192000 0.05
 1.193000 0.05
 1.194000 0.05
 1.195000 0.05
 1.196000 0.05
 1.197000 0.05
 1.198000 0.05
 1.199000 0.05
 1.200000 0.05
 1.201000 0.05
 1.202000 0.05
 1.203000 0.05
 1.204000 0.05
 1.205000 0.05
 1.206000 0.05
 1.207000 0.05
 1.208000 0.05
 1.209000 0.05
 1.210000 0.05
 1.211000 0.05
 1.212000 0.05
 1.213000 0.05
 1.214000 0.05
 1.215000 0.05
 1.216000 0.05
 1.217000 0.05
 1.218000 0.05
 1.219000 0.05
 1.220000 0.05
 1.221000 0.05
 1.222000 0.05
 1.223000 0.05
 1.224000 0.05
 1.225000 0.05
 1.226000 0.05
 1.227000 0.05
 1.228000 0.05
 1.229000 0.05
 1.230000 0.05
 1.231000 0.05
 1.232000 0.05
 1.233000 0.05
 1.234000 0.05
 1.235000 0.05
 1.236000 0.05
 1.237000 0.05
 1.238000 0.05
 1.239000 0.05
 1.240000 0.05
 1.241000 0.05
 1.242000 0.05
 1.243000 0.05
 1.244000 0.05
 1.245000 0.05
 1.246000 0.05
 1.247000 0.05
 1.248000 0.05
 1.249000 0.05
 1.250000 0.05
 1.251000 0.05
 1.252000 0.05
 1.253000 0.05
 1.254000 0.05
 1.255000 0.05
 1.256000 0.05
 1.257000 0.05
 1.258000 0.05
 1.259000 0.05
 1.260000 0.05
 1.261000 0.05
 1.262000 0.05
 1.263000 0.05
 1.264000 0.05
 1.265000 0.05
 1.266000 0.05
 1.267000 0.05
 1.268000 0.05
 1.269000 0.05
 1.270000 0.05
 1.271000 0.05
 1.272000 0.05
 1.273000 0.05
 1.274000 0.05
 1.275000 0.05
 1.276000 0.05
 1.277000 0.05
 1.278000 0.05
 1.279000 0.05
 1.280000 0.05
 1.281000 0.05
 1.282000 0.05
 1.283000 0.05
 1.284000 0.05
 1.285000 0.05
 1.286000 0.05
 1.287000 0.05
 1.288000 0.05
 1.289000 0.05
 1.290000 0.05
 1.291000 0.05
 1.292000 0.05
 1.293000 0.05
 1.294000 0.05
 1.295000 0.05
 1.296000 0.05
 1.297000 0.05
 1.298000 0.05
 1.299000 0.05
 1.300000 0.05
 1.301000 0.05
 1.302000 0.05
 1.303000 0.05
 1.304000 0.05
 1.305000 0.05
 1.306000 0.05
 1.307000 0.05
 1.308000 0.05
 1.309000 0.05
 1.310000 0.05
 1.311000 0.05
 1.312000 0.05
 1.313000 0.05
 1.314000 0.05
 1.315000 0.05
 1.316000 0.05
 1.317000 0.05
 1.318000 0.05
 1.319000 0.05
 1.320000 0.05
 1.321000 0.05
 1.322000 0.05
 1.323000 0.05
 1.324000 0.05
 1.325000 0.05
 1.326000 0.05
 1.327000 0.05
 1.328000 0.05
 1.329000 0.05
 1.330000 0.05
 1.331000 0.05
 1.332000 0.05
 1.333000 0.05
 1.334000 0.05
 1.335000 0.05
 1.336000 0.05
 1.337000 0.05
 1.338000 0.05
 1.339000 0.05
 1.340000 0.05
 1.341000 0.05
 1.342000 0.05
 1.343000 0.05
 1.344000 0.05
 1.345000 0.05
 1.346000 0.05
 1.347000 0.05
 1.348000 0.05
 1.349000 0.05
 1.350000 0.05
 1.351000 0.05
 1.352000 0.05
 1.353000 0.05
 1.354000 0.05
 1.355000 0.05
 1.356000 0.05
 1.357000 0.05
 1.358000 0.05
 1.359000 0.05
 1.360000 0.05
 1.361000 0.05
 1.362000 0.05
 1.363000 0.05
 1.364000 0.05
 1.365000 0.05
 1.366000 0.05
 1.367000 0.05
 1.368000 0.05
 1.369000 0.05
 1.370000 0.05
 1.371000 0.05
 1.372000 0.05
 1.373000 0.05
 1.374000 0.05
 1.375000 0.05
 1.376000 0.05
 1.377000 0.05
 1.378000 0.05
 1.379000 0.05
 1.380000 0.05
 1.381000 0.05
 1.382000 0.05
 1.383000 0.05
 1.384000 0.05
 1.385000 0.05
 1.386000 0.05
 1.387000 0.05
 1.388000 0.05
 1.389000 0.05
 1.390000 0.05
 1.391000 0.05
 1.392000 0.05
 1.393000 0.05
 1.394000 0.05
 1.395000 0.05
 1.396000 0.05
 1.397000 0.05
 1.398000 0.05
 1.399000 0.05
 1.400000 0.05
 1.401000 0.05
 1.402000 0.05
 1.403000 0.05
 1.404000 0.05
 1.405000 0.05
 1.406000 0.05
 1.407000 0.05
 1.408000 0.05
 1.409000 0.05
 1.410000 0.05
 1.411000 0.05
 1.412000 0.05
 1.413000 0.05
 1.414000 0.05
 1.415000 0.05
 1.416000 0.05
 1.417000 0.05
 1.418000 0.05
 1.419000 0.05
 1.420000 0.05
 1.421000 0.05
 1.422000 0.05
 1.423000 0.05
 1.424000 0.05
 1.425000 0.05
 1.426000 0.05
 1.427000 0.05
 1.428000 0.05
 1.429000 0.05
 1.430000 0.05
 1.431000 0.05
 1.432000 0.05
 1.433000 0.05
 1.434000 0.05
 1.435000 0.05
 1.436000 0.05
 1.437000 0.05
 1.438000 0.05
 1.439000 0.05
 1.440000 0.05
 1.441000 0.05
 1.442000 0.05
 1.443000 0.05
 1.444000 0.05
 1.445000 0.05
 1.446000 0.05
 1.447000 0.05
 1.448000 0.05
 1.449000 0.05
 1.450000 0.05
 1.451000 0.05
 1.452000 0.05
 1.453000 0.05
 1.454000 0.05
 1.455000 0.05
 1.456000 0.05
 1.457000 0.05
 1.458000 0.05
 1.459000 0.05
 1.460000 0.05
 1.461000 0.05
 1.462000 0.05
 1.463000 0.05
 1.464000 0.05
 1.465000 0.05
 1.466000 0.05
 1.467000 0.05
 1.468000 0.05
 1.469000 0.05
 1.470000 0.05
 1.471000 0.05
 1.472000 0.05
 1.473000 0.05
 1.474000 0.05
 1.475000 0.05
 1.476000 0.05
 1.477000 0.05
 1.478000 0.05
 1.479000 0.05
 1.480000 0.05
 1.481000 0.05
 1.482000 0.05
 1.483000 0.05
 1.484000 0.05
 1.485000 0.05
 1.486000 0.05
 1.487000 0.05
 1.488000 0.05
 1.489000 0.05
 1.490000 0.05
 1.491000 0.05
 1.492000 0.05
 1.493000 0.05
 1.494000 0.05
 1.495000 0.05
 1.496000 0.05
 1.497000 0.05
 1.498000 0.05
 1.499000 0.05
 1.500000 0.05
