0.0 1.5 1.0
Linear 1 explicit
 0.000000 0.0
 0.001000 0.0
 0.002000 0.0
 0.003000 0.0
 0.004000 0.0
 0.005000 0.0
 0.006000 0.0
 0.007000 0.0
 0.008000 0.0
 0.009000 0.0
 0.010000 0.0
 0.011000 0.0
 0.012000 0.0
 0.013000 0.0
 0.014000 0.0
 0.015000 0.0
 0.016000 0.0
 0.017000 0.0
 0.018000 0.0
 0.019000 0.0
 0.020000 0.0
 0.021000 0.0
 0.022000 0.0
 0.023000 0.0
 0.024000 0.0
 0.025000 0.0
 0.026000 0.0
 0.027000 0.0
 0.028000 0.0
 0.029000 0.0
 0.030000 0.0
 0.031000 0.0
 0.032000 0.0
 0.033000 0.0
 0.034000 0.0
 0.035000 0.0
 0.036000 0.0
 0.037000 0.0
 0.038000 0.0
 0.039000 0.0
 0.040000 0.0
 0.041000 0.0
 0.042000 0.0
 0.043000 0.0
 0.044000 0.0
 0.045000 0.0
 0.046000 0.0
 0.047000 0.0
 0.048000 0.0
 0.049000 0.0
 0.050000 0.0
 0.051000 0.0
 0.052000 0.0
 0.053000 0.0
 0.054000 0.0
 0.055000 0.0
 0.056000 0.0
 0.057000 0.0
 0.058000 0.0
 0.059000 0.0
 0.060000 0.0
 0.061000 0.0
 0.062000 0.0
 0.063000 0.0
 0.064000 0.0
 0.065000 0.0
 0.066000 0.0
 0.067000 0.0
 0.068000 0.0
 0.069000 0.0
 0.070000 0.0
 0.071000 0.0
 0.072000 0.0
 0.073000 0.0
 0.074000 0.0
 0.075000 0.0
 0.076000 0.0
 0.077000 0.0
 0.078000 0.0
 0.079000 0.0
 0.080000 0.0
 0.081000 0.0
 0.082000 0.0
 0.083000 0.0
 0.084000 0.0
 0.085000 0.0
 0.086000 0.0
 0.087000 0.0
 0.088000 0.0
 0.089000 0.0
 0.090000 0.0
 0.091000 0.0
 0.092000 0.0
 0.093000 0.0
 0.094000 0.0
 0.095000 0.0
 0.096000 0.0
 0.097000 0.0
 0.098000 0.0
 0.099000 0.0
 0.100000 0.0
 0.101000 0.0
 0.102000 0.0
 0.103000 0.0
 0.104000 0.0
 0.105000 0.0
 0.106000 0.0
 0.107000 0.0
 0.108000 0.0
 0.109000 0.0
 0.110000 0.0
 0.111000 0.0
 0.112000 0.0
 0.113000 0.0
 0.114000 0.0
 0.115000 0.0
 0.116000 0.0
 0.117000 0.0
 0.118000 0.0
 0.119000 0.0
 0.120000 0.0
 0.121000 0.0
 0.122000 0.0
 0.123000 0.0
 0.124000 0.0
 0.125000 0.0
 0.126000 0.0
 0.127000 0.0
 0.128000 0.0
 0.129000 0.0
 0.130000 0.0
 0.131000 0.0
 0.132000 0.0
 0.133000 0.0
 0.134000 0.0
 0.135000 0.0
 0.136000 0.0
 0.137000 0.0
 0.138000 0.0
 0.139000 0.0
 0.140000 0.0
 0.141000 0.0
 0.142000 0.0
 0.143000 0.0
 0.144000 0.0
 0.145000 0.0
 0.146000 0.0
 0.147000 0.0
 0.148000 0.0
 0.149000 0.0
 0.150000 0.0
 0.151000 0.0
 0.152000 0.0
 0.153000 0.0
 0.154000 0.0
 0.155000 0.0
 0.156000 0.0
 0.157000 0.0
 0.158000 0.0
 0.159000 0.0
 0.160000 0.0
 0.161000 0.0
 0.162000 0.0
 0.163000 0.0
 0.164000 0.0
 0.165000 0.0
 0.166000 0.0
 0.167000 0.0
 0.168000 0.0
 0.169000 0.0
 0.170000 0.0
 0.171000 0.0
 0.172000 0.0
 0.173000 0.0
 0.174000 0.0
 0.175000 0.0
 0.176000 0.0
 0.177000 0.0
 0.178000 0.0
 0.179000 0.0
 0.180000 0.0
 0.181000 0.0
 0.182000 0.0
 0.183000 0.0
 0.184000 0.0
 0.185000 0.0
 0.186000 0.0
 0.187000 0.0
 0.188000 0.0
 0.189000 0.0
 0.190000 0.0
 0.191000 0.0
 0.192000 0.0
 0.193000 0.0
 0.194000 0.0
 0.195000 0.0
 0.196000 0.0
 0.197000 0.0
 0.198000 0.0
 0.199000 0.0
 0.200000 0.0
 0.201000 0.0
 0.202000 0.0
 0.203000 0.0
 0.204000 0.0
 0.205000 0.0
 0.206000 0.0
 0.207000 0.0
 0.208000 0.0
 0.209000 0.0
 0.210000 0.0
 0.211000 0.0
 0.212000 0.0
 0.213000 0.0
 0.214000 0.0
 0.215000 0.0
 0.216000 0.0
 0.217000 0.0
 0.218000 0.0
 0.219000 0.0
 0.220000 0.0
 0.221000 0.0
 0.222000 0.0
 0.223000 0.0
 0.224000 0.0
 0.225000 0.0
 0.226000 0.0
 0.227000 0.0
 0.228000 0.0
 0.229000 0.0
 0.230000 0.0
 0.231000 0.0
 0.232000 0.0
 0.233000 0.0
 0.234000 0.0
 0.235000 0.0
 0.236000 0.0
 0.237000 0.0
 0.238000 0.0
 0.239000 0.0
 0.240000 0.0
 0.241000 0.0
 0.242000 0.0
 0.243000 0.0
 0.244000 0.0
 0.245000 0.0
 0.246000 0.0
 0.247000 0.0
 0.248000 0.0
 0.249000 0.0
 0.250000 0.0
 0.251000 0.0
 0.252000 0.0
 0.253000 0.0
 0.254000 0.0
 0.255000 0.0
 0.256000 0.0
 0.257000 0.0
 0.258000 0.0
 0.259000 0.0
 0.260000 0.0
 0.261000 0.0
 0.262000 0.0
 0.263000 0.0
 0.264000 0.0
 0.265000 0.0
 0.266000 0.0
 0.267000 0.0
 0.268000 0.0
 0.269000 0.0
 0.270000 0.0
 0.271000 0.0
 0.272000 0.0
 0.273000 0.0
 0.274000 0.0
 0.275000 0.0
 0.276000 0.0
 0.277000 0.0
 0.278000 0.0
 0.279000 0.0
 0.280000 0.0
 0.281000 0.0
 0.282000 0.0
 0.283000 0.0
 0.284000 0.0
 0.285000 0.0
 0.286000 0.0
 0.287000 0.0
 0.288000 0.0
 0.289000 0.0
 0.290000 0.0
 0.291000 0.0
 0.292000 0.0
 0.293000 0.0
 0.294000 0.0
 0.295000 0.0
 0.296000 0.0
 0.297000 0.0
 0.298000 0.0
 0.299000 0.0
 0.300000 0.0
 0.301000 0.0
 0.302000 0.0
 0.303000 0.0
 0.304000 0.0
 0.305000 0.0
 0.306000 0.0
 0.307000 0.0
 0.308000 0.0
 0.309000 0.0
 0.310000 0.0
 0.311000 0.0
 0.312000 0.0
 0.313000 0.0
 0.314000 0.0
 0.315000 0.0
 0.316000 0.0
 0.317000 0.0
 0.318000 0.0
 0.319000 0.0
 0.320000 0.0
 0.321000 0.0
 0.322000 0.0
 0.323000 0.0
 0.324000 0.0
 0.325000 0.0
 0.326000 0.0
 0.327000 0.0
 0.328000 0.0
 0.329000 0.0
 0.330000 0.0
 0.331000 0.0
 0.332000 0.0
 0.333000 0.0
 0.334000 0.0
 0.335000 0.0
 0.336000 0.0
 0.337000 0.0
 0.338000 0.0
 0.339000 0.0
 0.340000 0.0
 0.341000 0.0
 0.342000 0.0
 0.343000 0.0
 0.344000 0.0
 0.345000 0.0
 0.346000 0.0
 0.347000 0.0
 0.348000 0.0
 0.349000 0.0
 0.350000 0.0
 0.351000 0.0
 0.352000 0.0
 0.353000 0.0
 0.354000 0.0
 0.355000 0.0
 0.356000 0.0
 0.357000 0.0
 0.358000 0.0
 0.359000 0.0
 0.360000 0.0
 0.361000 0.0
 0.362000 0.0
 0.363000 0.0
 0.364000 0.0
 0.365000 0.0
 0.366000 0.0
 0.367000 0.0
 0.368000 0.0
 0.369000 0.0
 0.370000 0.0
 0.371000 0.0
 0.372000 0.0
 0.373000 0.0
 0.374000 0.0
 0.375000 0.0
 0.376000 0.0
 0.377000 0.0
 0.378000 0.0
 0.379000 0.0
 0.380000 0.0
 0.381000 0.0
 0.382000 0.0
 0.383000 0.0
 0.384000 0.0
 0.385000 0.0
 0.386000 0.0
 0.387000 0.0
 0.388000 0.0
 0.389000 0.0
 0.390000 0.0
 0.391000 0.0
 0.392000 0.0
 0.393000 0.0
 0.394000 0.0
 0.395000 0.0
 0.396000 0.0
 0.397000 0.0
 0.398000 0.0
 0.399000 0.0
 0.400000 0.0
 0.401000 0.0
 0.402000 0.0
 0.403000 0.0
 0.404000 0.0
 0.405000 0.0
 0.406000 0.0
 0.407000 0.0
 0.408000 0.0
 0.409000 0.0
 0.410000 0.0
 0.411000 0.0
 0.412000 0.0
 0.413000 0.0
 0.414000 0.0
 0.415000 0.0
 0.416000 0.0
 0.417000 0.0
 0.418000 0.0
 0.419000 0.0
 0.420000 0.0
 0.421000 0.0
 0.422000 0.0
 0.423000 0.0
 0.424000 0.0
 0.425000 0.0
 0.426000 0.0
 0.427000 0.0
 0.428000 0.0
 0.429000 0.0
 0.430000 0.0
 0.431000 0.0
 0.432000 0.0
 0.433000 0.0
 0.434000 0.0
 0.435000 0.0
 0.436000 0.0
 0.437000 0.0
 0.438000 0.0
 0.439000 0.0
 0.440000 0.0
 0.441000 0.0
 0.442000 0.0
 0.443000 0.0
 0.444000 0.0
 0.445000 0.0
 0.446000 0.0
 0.447000 0.0
 0.448000 0.0
 0.449000 0.0
 0.450000 0.0
 0.451000 0.0
 0.452000 0.0
 0.453000 0.0
 0.454000 0.0
 0.455000 0.0
 0.456000 0.0
 0.457000 0.0
 0.458000 0.0
 0.459000 0.0
 0.460000 0.0
 0.461000 0.0
 0.462000 0.0
 0.463000 0.0
 0.464000 0.0
 0.465000 0.0
 0.466000 0.0
 0.467000 0.0
 0.468000 0.0
 0.469000 0.0
 0.470000 0.0
 0.471000 0.0
 0.472000 0.0
 0.473000 0.0
 0.474000 0.0
 0.475000 0.0
 0.476000 0.0
 0.477000 0.0
 0.478000 0.0
 0.479000 0.0
 0.480000 0.0
 0.481000 0.0
 0.482000 0.0
 0.483000 0.0
 0.484000 0.0
 0.485000 0.0
 0.486000 0.0
 0.487000 0.0
 0.488000 0.0
 0.489000 0.0
 0.490000 0.0
 0.491000 0.0
 0.492000 0.0
 0.493000 0.0
 0.494000 0.0
 0.495000 0.0
 0.496000 0.0
 0.497000 0.0
 0.498000 0.0
 0.499000 0.0
 0.500000 0.0
 0.501000 0.0
 0.502000 0.0
 0.503000 0.0
 0.504000 0.0
 0.505000 0.0
 0.506000 0.0
 0.507000 0.0
 0.508000 0.0
 0.509000 0.0
 0.510000 0.0
 0.511000 0.0
 0.512000 0.0
 0.513000 0.0
 0.514000 0.0
 0.515000 0.0
 0.516000 0.0
 0.517000 0.0
 0.518000 0.0
 0.519000 0.0
 0.520000 0.0
 0.521000 0.0
 0.522000 0.0
 0.523000 0.0
 0.524000 0.0
 0.525000 0.0
 0.526000 0.0
 0.527000 0.0
 0.528000 0.0
 0.529000 0.0
 0.530000 0.0
 0.531000 0.0
 0.532000 0.0
 0.533000 0.0
 0.534000 0.0
 0.535000 0.0
 0.536000 0.0
 0.537000 0.0
 0.538000 0.0
 0.539000 0.0
 0.540000 0.0
 0.541000 0.0
 0.542000 0.0
 0.543000 0.0
 0.544000 0.0
 0.545000 0.0
 0.546000 0.0
 0.547000 0.0
 0.548000 0.0
 0.549000 0.0
 0.550000 0.0
 0.551000 0.0
 0.552000 0.0
 0.553000 0.0
 0.554000 0.0
 0.555000 0.0
 0.556000 0.0
 0.557000 0.0
 0.558000 0.0
 0.559000 0.0
 0.560000 0.0
 0.561000 0.0
 0.562000 0.0
 0.563000 0.0
 0.564000 0.0
 0.565000 0.0
 0.566000 0.0
 0.567000 0.0
 0.568000 0.0
 0.569000 0.0
 0.570000 0.0
 0.571000 0.0
 0.572000 0.0
 0.573000 0.0
 0.574000 0.0
 0.575000 0.0
 0.576000 0.0
 0.577000 0.0
 0.578000 0.0
 0.579000 0.0
 0.580000 0.0
 0.581000 0.0
 0.582000 0.0
 0.583000 0.0
 0.584000 0.0
 0.585000 0.0
 0.586000 0.0
 0.587000 0.0
 0.588000 0.0
 0.589000 0.0
 0.590000 0.0
 0.591000 0.0
 0.592000 0.0
 0.593000 0.0
 0.594000 0.0
 0.595000 0.0
 0.596000 0.0
 0.597000 0.0
 0.598000 0.0
 0.599000 0.0
 0.600000 0.0
 0.601000 0.0
 0.602000 0.0
 0.603000 0.0
 0.604000 0.0
 0.605000 0.0
 0.606000 0.0
 0.607000 0.0
 0.608000 0.0
 0.609000 0.0
 0.610000 0.0
 0.611000 0.0
 0.612000 0.0
 0.613000 0.0
 0.614000 0.0
 0.615000 0.0
 0.616000 0.0
 0.617000 0.0
 0.618000 0.0
 0.619000 0.0
 0.620000 0.0
 0.621000 0.0
 0.622000 0.0
 0.623000 0.0
 0.624000 0.0
 0.625000 0.0
 0.626000 0.0
 0.627000 0.0
 0.628000 0.0
 0.629000 0.0
 0.630000 0.0
 0.631000 0.0
 0.632000 0.0
 0.633000 0.0
 0.634000 0.0
 0.635000 0.0
 0.636000 0.0
 0.637000 0.0
 0.638000 0.0
 0.639000 0.0
 0.640000 0.0
 0.641000 0.0
 0.642000 0.0
 0.643000 0.0
 0.644000 0.0
 0.645000 0.0
 0.646000 0.0
 0.647000 0.0
 0.648000 0.0
 0.649000 0.0
 0.650000 0.0
 0.651000 0.0
 0.652000 0.0
 0.653000 0.0
 0.654000 0.0
 0.655000 0.0
 0.656000 0.0
 0.657000 0.0
 0.658000 0.0
 0.659000 0.0
 0.660000 0.0
 0.661000 0.0
 0.662000 0.0
 0.663000 0.0
 0.664000 0.0
 0.665000 0.0
 0.666000 0.0
 0.667000 0.0
 0.668000 0.0
 0.669000 0.0
 0.670000 0.0
 0.671000 0.0
 0.672000 0.0
 0.673000 0.0
 0.674000 0.0
 0.675000 0.0
 0.676000 0.0
 0.677000 0.0
 0.678000 0.0
 0.679000 0.0
 0.680000 0.0
 0.681000 0.0
 0.682000 0.0
 0.683000 0.0
 0.684000 0.0
 0.685000 0.0
 0.686000 0.0
 0.687000 0.0
 0.688000 0.0
 0.689000 0.0
 0.690000 0.0
 0.691000 0.0
 0.692000 0.0
 0.693000 0.0
 0.694000 0.0
 0.695000 0.0
 0.696000 0.0
 0.697000 0.0
 0.698000 0.0
 0.699000 0.0
 0.700000 0.0
 0.701000 0.0
 0.702000 0.0
 0.703000 0.0
 0.704000 0.0
 0.705000 0.0
 0.706000 0.0
 0.707000 0.0
 0.708000 0.0
 0.709000 0.0
 0.710000 0.0
 0.711000 0.0
 0.712000 0.0
 0.713000 0.0
 0.714000 0.0
 0.715000 0.0
 0.716000 0.0
 0.717000 0.0
 0.718000 0.0
 0.719000 0.0
 0.720000 0.0
 0.721000 0.0
 0.722000 20.983164813873913
 0.723000 35.215461076669634
 0.724000 31.17135461170946
 0.725000 31.64034115941167
 0.726000 32.200099616583394
 0.727000 32.94819450028197
 0.728000 33.580034745189394
 0.729000 33.751848516796215
 0.730000 34.6319125181046
 0.731000 35.37851957913141
 0.732000 36.119884766692735
 0.733000 36.85647373517496
 0.734000 37.59425683440258
 0.735000 38.206301721261696
 0.736000 38.91768956080974
 0.737000 39.537406100171665
 0.738000 121.55952165985734
 0.739000 97.05272413819002
 0.740000 95.53090455461428
 0.741000 95.19829465282646
 0.742000 95.42884531414099
 0.743000 95.98247917211815
 0.744000 96.74704320836622
 0.745000 97.6623106449669
 0.746000 98.69221551464929
 0.747000 100.11865128718034
 0.748000 101.31844548165905
 0.749000 103.42988656859859
 0.750000 104.09351966220774
 0.751000 105.4673937167496
 0.752000 106.78260529586463
 0.753000 108.31092241064496
 0.754000 109.66479305713437
 0.755000 111.02906702052397
 0.756000 110.62355627669001
 0.757000 115.03076266870383
 0.758000 115.13918071374874
 0.759000 117.0585193591591
 0.760000 118.5772167843568
 0.761000 119.70637190850861
 0.762000 121.66338007956047
 0.763000 119.54816942446551
 0.764000 122.65921405534513
 0.765000 124.76243644247168
 0.766000 126.77913101280689
 0.767000 127.28941170467172
 0.768000 129.6310861089604
 0.769000 95.43012035798131
 0.770000 92.86530038391615
 0.771000 140.88061962813825
 0.772000 133.1306758238641
 0.773000 135.0008044068223
 0.774000 135.63265211584604
 0.775000 136.86960854903833
 0.776000 138.5780088863857
 0.777000 140.2150334729052
 0.778000 141.78819255917276
 0.779000 144.36888875921082
 0.780000 144.59858418984095
 0.781000 145.65081370981267
 0.782000 146.47902119802265
 0.783000 147.99616996779864
 0.784000 150.72941794497973
 0.785000 152.1332332061774
 0.786000 153.5145798544901
 0.787000 154.8812606559685
 0.788000 156.8685585742648
 0.789000 158.25203933946244
 0.790000 159.59481903030698
 0.791000 160.91516370236525
 0.792000 162.20645576635576
 0.793000 163.53003841565925
 0.794000 164.83028392190076
 0.795000 166.11217255347424
 0.796000 167.3659640585725
 0.797000 168.59753798747494
 0.798000 124.70390954972791
 0.799000 119.69181749769339
 0.800000 187.19976636737997
 0.801000 175.17512212718813
 0.802000 175.81194918440485
 0.803000 176.75888691694107
 0.804000 177.84823518334463
 0.805000 178.9872573428626
 0.806000 180.1372270630318
 0.807000 181.2864018871891
 0.808000 183.8650821403999
 0.809000 185.36636211899332
 0.810000 186.6833744590959
 0.811000 187.96671562857216
 0.812000 189.23181576153763
 0.813000 190.1939274761155
 0.814000 191.36916737197623
 0.815000 192.53432998421212
 0.816000 193.68292135429428
 0.817000 194.81598498499392
 0.818000 195.93447515540478
 0.819000 197.03842829353758
 0.820000 198.1863707845732
 0.821000 199.2052158464556
 0.822000 200.24942549543334
 0.823000 201.29126853196985
 0.824000 202.3636791545443
 0.825000 203.32235900161817
 0.826000 204.3342972762647
 0.827000 205.35298234593887
 0.828000 206.3061986934319
 0.829000 207.2498378042901
 0.830000 207.64824071226224
 0.831000 208.91949748917887
 0.832000 209.9486305885641
 0.833000 210.9581073906155
 0.834000 211.95380222980708
 0.835000 213.03230616690018
 0.836000 214.2591797856697
 0.837000 214.91765157930317
 0.838000 215.85355624051468
 0.839000 216.79756550806053
 0.840000 217.73586430898126
 0.841000 218.6675972919355
 0.842000 219.56800482925814
 0.843000 220.07745968110873
 0.844000 221.3176135737267
 0.845000 222.32460886921115
 0.846000 222.84442046849884
 0.847000 223.77115468295995
 0.848000 224.6193769452577
 0.849000 225.45436876678508
 0.850000 226.28552473150398
 0.851000 227.11363434069233
 0.852000 227.93806532787207
 0.853000 228.7580695747428
 0.854000 229.57303477704792
 0.855000 230.38250762146612
 0.856000 231.18616619928258
 0.857000 231.9837865247882
 0.858000 232.76993765873942
 0.859000 233.5494086932151
 0.860000 234.31922254891822
 0.861000 234.1419046221215
 0.862000 236.07613686796125
 0.863000 236.58624872867512
 0.864000 237.28527695090457
 0.865000 238.01319864710064
 0.866000 238.73923235688483
 0.867000 239.56743971430114
 0.868000 241.54763456147765
 0.869000 242.0836662726128
 0.870000 242.85865267446835
 0.871000 243.65847400184848
 0.872000 244.44355428205353
 0.873000 245.40132352906164
 0.874000 246.13289184454953
 0.875000 247.07645077817398
 0.876000 265.1502705369574
 0.877000 260.1135614540104
 0.878000 260.55441456324763
 0.879000 261.2214471120939
 0.880000 261.9708941867395
 0.881000 262.75525502018894
 0.882000 263.55524274713173
 0.883000 264.25415892781194
 0.884000 264.9800958058867
 0.885000 265.7547831486888
 0.886000 266.54175826475876
 0.887000 267.3375703489769
 0.888000 268.1344893837988
 0.889000 268.9330521371273
 0.890000 269.7286346489523
 0.891000 270.5213749139532
 0.892000 271.2168556848245
 0.893000 271.90015363773153
 0.894000 272.6449101151902
 0.895000 273.39697326875324
 0.896000 274.1495849370385
 0.897000 274.2554084199254
 0.898000 274.9866766094004
 0.899000 275.708028897212
 0.900000 276.4265310468322
 0.901000 277.1419242471291
 0.902000 277.85356458098494
 0.903000 278.5609358962392
 0.904000 279.26357679707644
 0.905000 279.78313875441756
 0.906000 281.09111869468535
 0.907000 281.6425454479684
 0.908000 284.0454430662648
 0.909000 283.58700011691053
 0.910000 285.1658136481539
 0.911000 284.8700406259409
 0.912000 285.5113132011862
 0.913000 286.1545119667729
 0.914000 286.7911421453551
 0.915000 287.42120976405215
 0.916000 288.04478882321513
 0.917000 288.6618113156011
 0.918000 288.52336485898024
 0.919000 289.1423998311996
 0.920000 289.72646069735094
 0.921000 290.35469847147715
 0.922000 290.9340068830592
 0.923000 291.49912274979806
 0.924000 292.0550929081804
 0.925000 292.60294997679574
 0.926000 293.673455874975
 0.927000 293.89469629146777
 0.928000 294.37606938614556
 0.929000 294.83160499304597
 0.930000 295.2997106106912
 0.931000 295.7737818541106
 0.932000 296.25016468591696
 0.933000 296.7264996322422
 0.934000 297.2015197783819
 0.935000 297.676298833033
 0.936000 298.14774139970325
 0.937000 298.6150620751438
 0.938000 301.0960284845773
 0.939000 301.28756363195737
 0.940000 301.7660841501146
 0.941000 302.4600063203942
 0.942000 303.04504855155676
 0.943000 303.6059835852563
 0.944000 304.1414244522332
 0.945000 304.65266733471
 0.946000 305.1419984103494
 0.947000 305.61165608154096
 0.948000 306.0635889316355
 0.949000 306.49945614468436
 0.950000 306.92067233943465
 0.951000 307.32844894955053
 0.952000 307.72350523867294
 0.953000 308.1070727189749
 0.954000 308.4799366779954
 0.955000 308.8427235342109
 0.956000 309.1959813461481
 0.957000 309.5401693818224
 0.958000 309.87566735580293
 0.959000 310.2027849121756
 0.960000 310.52177040299995
 0.961000 310.83281892395223
 0.962000 311.13607963084667
 0.963000 311.43166235699465
 0.964000 311.71964355135714
 0.965000 312.0000715623353
 0.966000 312.27297129973994
 0.967000 312.5383483141397
 0.968000 312.79619233932084
 0.969000 313.34760129340367
 0.970000 313.6544008187048
 0.971000 313.622605330946
 0.972000 313.8141416115632
 0.973000 314.0298283674938
 0.974000 315.1129252428176
 0.975000 314.8473449191422
 0.976000 314.81339763333864
 0.977000 314.16022994833446
 0.978000 315.29717269541106
 0.979000 314.46082221326606
 0.980000 315.63911224753934
 0.981000 315.4981726529979
 0.982000 314.78376461956736
 0.983000 315.96695755241916
 0.984000 315.8298986956523
 0.985000 315.1067193314546
 0.986000 316.3062566790979
 0.987000 316.1513628878432
 0.988000 315.3934814986106
 0.989000 316.5981290925253
 0.990000 316.4192310178417
 0.991000 315.6241361884911
 0.992000 316.825506737408
 0.993000 316.61963727825645
 0.994000 315.78776481760895
 0.995000 316.9783221771165
 0.996000 316.74416930612904
 0.997000 316.6654087395686
 0.998000 315.8275174960199
 0.999000 316.999325251689
 1.000000 316.74116014432616
 1.001000 315.8455493663777
 1.002000 317.0087234551181
 1.003000 316.7341833741022
 1.004000 316.625232000345
 1.005000 315.75862383015806
 1.006000 316.9267861998174
 1.007000 316.6642804045804
 1.008000 315.7650263313077
 1.009000 316.93776080856526
 1.010000 316.6664509664798
 1.011000 316.5616906041966
 1.012000 315.69480743887146
 1.013000 316.87366098623295
 1.014000 316.61555053428276
 1.015000 315.7176749964254
 1.016000 316.9028554175432
 1.017000 316.6395357878512
 1.018000 316.5437465358658
 1.019000 315.68084135329286
 1.020000 316.87500385651794
 1.021000 316.62478618337184
 1.022000 316.5370387849998
 1.023000 315.6771640534147
 1.024000 316.8786766807703
 1.025000 316.6302749085186
 1.026000 315.73276272885795
 1.027000 316.9349524442949
 1.028000 316.67384978061705
 1.029000 316.58004591700114
 1.030000 315.7109681803543
 1.031000 316.91444824370774
 1.032000 316.6627922489882
 1.033000 316.5745265909524
 1.034000 315.707946197644
 1.035000 316.9167101921059
 1.036000 316.66683285274814
 1.037000 315.76316791823814
 1.038000 316.97203333391224
 1.039000 316.70981375671187
 1.040000 316.615742541749
 1.041000 315.741483569423
 1.042000 316.95117516964666
 1.043000 316.698827670365
 1.044000 316.6105411589522
 1.045000 315.73947622952767
 1.046000 316.95394455116974
 1.047000 316.70361773463117
 1.048000 315.7961653523988
 1.049000 317.0098794373955
 1.050000 316.74729863284074
 1.051000 316.6532850020202
 1.052000 315.77529565817383
 1.053000 316.9897055651377
 1.054000 316.73702228297975
 1.055000 316.6487375496703
 1.056000 315.77422652519067
 1.057000 316.9928743483683
 1.058000 316.74220133379237
 1.059000 316.6557958134669
 1.060000 315.78139798960046
 1.061000 317.0032333264144
 1.062000 316.7529897753033
 1.063000 316.6673362141613
 1.064000 315.7921425798426
 1.065000 317.01642136007166
 1.066000 316.76604506777704
 1.067000 315.8532007996569
 1.068000 317.07570883357516
 1.069000 316.8123502029154
 1.070000 316.7185588757495
 1.071000 315.83524254980233
 1.072000 317.05662785667806
 1.073000 316.80276877987603
 1.074000 316.71419915259037
 1.075000 315.8344396702894
 1.076000 317.05895517602914
 1.077000 316.8069508528739
 1.078000 316.71998923963463
 1.079000 315.84059475904553
 1.080000 317.0674301706977
 1.081000 316.8158375135344
 1.082000 316.729493427703
 1.083000 315.8496261630933
 1.084000 317.0782109567848
 1.085000 316.82653439940105
 1.086000 315.9094144225773
 1.087000 317.13555780833633
 1.088000 316.87095756339556
 1.089000 316.776394936547
 1.090000 315.8889897817372
 1.091000 317.11374518918996
 1.092000 316.8587215208868
 1.093000 316.7693799465345
 1.094000 315.88585039718123
 1.095000 317.1133189686028
 1.096000 316.86023621586276
 1.097000 316.772515759964
 1.098000 315.8896452882755
 1.099000 317.11907597418104
 1.100000 316.8664855943695
 1.101000 316.77940161641914
 1.102000 315.8963272876838
 1.103000 317.127197162741
 1.104000 316.87459661713
 1.105000 316.7877262344229
 1.106000 315.9041317901518
 1.107000 317.1360746129661
 1.108000 316.8832510385703
 1.109000 316.79638618493874
 1.110000 315.9121647688276
 1.111000 317.144928297269
 1.112000 316.89180126024894
 1.113000 315.97055724056577
 1.114000 317.20010861403614
 1.115000 316.93403040286506
 1.116000 316.8385637924718
 1.117000 315.94711404116555
 1.118000 317.17493305054944
 1.119000 316.9184701146102
 1.120000 316.8281842629716
 1.121000 315.94090234407264
 1.122000 317.17099090577614
 1.123000 316.9165659559084
 1.124000 316.82791556290397
 1.125000 315.9415955076763
 1.126000 317.17328866884793
 1.127000 316.91946767463077
 1.128000 316.83149155748316
 1.129000 315.9452571140247
 1.130000 317.17809401759763
 1.131000 316.92437276984236
 1.132000 316.83665658484085
 1.133000 315.95016885689
 1.134000 317.18382983974044
 1.135000 316.9299870785549
 1.136000 316.8423242455614
 1.137000 315.95545163209334
 1.138000 317.1897207249634
 1.139000 316.9356656766935
 1.140000 316.8479568727245
 1.141000 315.96066734448544
 1.142000 317.1953995299432
 1.143000 316.9411077743717
 1.144000 316.8533113761881
 1.145000 315.9656203681065
 1.146000 317.2007166531145
 1.147000 316.94619580068047
 1.148000 316.8582997476668
 1.149000 315.97024219998485
 1.150000 317.20563288834114
 1.151000 316.95090379221284
 1.152000 316.86290981019204
 1.153000 315.9745256505055
 1.154000 317.21015978473406
 1.155000 316.95524682520454
 1.156000 316.0299098279517
 1.157000 317.26215793652347
 1.158000 316.9943896914639
 1.159000 316.8978204088212
 1.160000 316.00280836005084
 1.161000 317.23278314469917
 1.162000 316.97480936622986
 1.163000 316.88349150788764
 1.164000 315.99297753180826
 1.165000 317.2249259631199
 1.166000 316.96914609139174
 1.167000 316.8795352588339
 1.168000 315.99028058874245
 1.169000 317.223587848429
 1.170000 316.9685515397945
 1.171000 316.8796836365113
 1.172000 315.99077934076445
 1.173000 317.22502285218445
 1.174000 316.9702086686081
 1.175000 316.88166389661336
 1.176000 315.99274121025195
 1.177000 317.2276313656348
 1.178000 316.9728022722303
 1.179000 316.88436828730414
 1.180000 315.99526968571615
 1.181000 317.2306148447518
 1.182000 316.9756665095782
 1.183000 316.8872387746154
 1.184000 315.99791015154426
 1.185000 317.2335854790187
 1.186000 316.97848211729274
 1.187000 316.8900145460269
 1.188000 316.00045255642465
 1.189000 317.2363761140896
 1.190000 316.9811158570207
 1.191000 316.8925926150213
 1.192000 316.0028160929692
 1.193000 317.238932789457
 1.194000 316.98352853610027
 1.195000 316.8949481269311
 1.196000 316.00498302131666
 1.197000 317.24125452089976
 1.198000 316.9857239031128
 1.199000 316.89709067977265
 1.200000 316.0069628298921
 1.201000 317.24336138856313
 1.202000 316.9877220019038
 1.203000 316.89904198798075
 1.204000 316.00877422966056
 1.205000 317.24527896052103
 1.206000 316.9895464579364
 1.207000 316.90082552017884
 1.208000 316.01043698396427
 1.209000 317.247031582877
 1.210000 316.99121919540187
 1.211000 316.9024624046359
 1.212000 316.01196878119043
 1.213000 317.24864012291215
 1.214000 316.99275880480224
 1.215000 316.06563819216177
 1.216000 317.298595065345
 1.217000 317.0299471872007
 1.218000 316.9327168550399
 1.219000 316.03595092002456
 1.220000 317.2667012549962
 1.221000 317.0079279484762
 1.222000 316.9159969541588
 1.223000 316.02385924898897
 1.224000 317.25651033837886
 1.225000 317.00000786499885
 1.226000 316.9098287189387
 1.227000 316.0190906068941
 1.228000 317.2530110434751
 1.229000 316.99732109163006
 1.230000 316.90792576986115
 1.231000 316.01766340718206
 1.232000 317.2524425112775
 1.233000 316.99703517682053
 1.234000 316.9080000736503
 1.235000 316.0178319049997
 1.236000 317.25319008840427
 1.237000 316.99782126476816
 1.238000 316.90893083557285
 1.239000 316.0186884029162
 1.240000 317.2544426328699
 1.241000 316.99900205746866
 1.242000 316.91014905080476
 1.243000 316.0197687834905
 1.244000 317.2558016831296
 1.245000 317.00024853752143
 1.246000 316.9113845184689
 1.247000 316.0208547717617
 1.248000 317.2570908967561
 1.249000 317.0014189849417
 1.250000 316.9125260442719
 1.251000 316.021858294041
 1.252000 317.258248221164
 1.253000 317.0024666802529
 1.254000 316.913541456198
 1.255000 316.02275507269457
 1.256000 317.25926541844746
 1.257000 317.0033885796369
 1.258000 316.91443372533723
 1.259000 316.02354863011226
 1.260000 317.26015597776006
 1.261000 317.00419852018564
 1.262000 316.91521849547894
 1.263000 316.0242521775956
 1.264000 317.2609394205157
 1.265000 317.0049144061559
 1.266000 316.9159136300672
 1.267000 316.02488037377424
 1.268000 317.26163450923895
 1.269000 317.0055528577046
 1.270000 316.916535055267
 1.271000 316.0254461481959
 1.272000 317.2622569334707
 1.273000 317.0061275301027
 1.274000 316.9170956248188
 1.275000 316.02595989794713
 1.276000 317.2628190200819
 1.277000 317.0066490418083
 1.278000 316.91760525867005
 1.279000 316.0264296544209
 1.280000 317.26333020860426
 1.281000 317.00712547552826
 1.282000 316.918071497151
 1.283000 316.02686154823846
 1.284000 317.26379770297
 1.285000 317.00756298183313
 1.286000 316.91850009342625
 1.287000 316.02726028750493
 1.288000 317.2642270632683
 1.289000 317.00796630538116
 1.290000 316.91889550897133
 1.291000 316.0276295517165
 1.292000 317.26462266889973
 1.293000 317.00833918870813
 1.294000 316.08045964053343
 1.295000 317.3137426138714
 1.296000 317.0447190450535
 1.297000 316.9472141749182
 1.298000 316.049796636029
 1.299000 317.2807894602279
 1.300000 317.02168041611566
 1.301000 316.9294963304518
 1.302000 316.03675789762883
 1.303000 317.26962514247015
 1.304000 317.01281846025284
 1.305000 316.92240457808805
 1.306000 316.0311163284351
 1.307000 317.2652240118076
 1.308000 317.00925801003183
 1.309000 316.9196447110544
 1.310000 316.02887776817954
 1.311000 317.26381898477626
 1.312000 317.0081605737963
 1.313000 316.91892281955626
 1.314000 316.0282912502505
 1.315000 317.2637896953076
 1.316000 317.0081920531189
 1.317000 316.9191130660458
 1.318000 316.0284445848069
 1.319000 317.2643200929677
 1.320000 317.00867062180237
 1.321000 316.919642070962
 1.322000 316.0288697295093
 1.323000 317.26500742690456
 1.324000 317.0092632813852
 1.325000 316.92023577081596
 1.326000 316.0293449206357
 1.327000 317.2656715449093
 1.328000 317.0098247556949
 1.329000 316.92077950889734
 1.330000 316.0297789384503
 1.331000 317.26624696522134
 1.332000 317.0103051076609
 1.333000 316.921237972148
 1.334000 316.0301446362579
 1.335000 317.26672233176447
 1.336000 317.01069835465336
 1.337000 316.92161125730195
 1.338000 316.0304428988218
 1.339000 317.2671082779045
 1.340000 317.0110156315538
 1.341000 316.92191236184834
 1.342000 316.0306844990747
 1.343000 317.26742169649475
 1.344000 317.01127234705297
 1.345000 316.9221567032627
 1.346000 316.0308818336301
 1.347000 317.2676789227182
 1.348000 317.01148280969187
 1.349000 316.92235794086923
 1.350000 316.03104572871376
 1.351000 317.2678933994806
 1.352000 317.01165852968444
 1.353000 316.92252682416347
 1.354000 316.031184623421
 1.355000 317.26807537167065
 1.356000 317.01180813291097
 1.357000 316.92267131818596
 1.358000 316.03130472504375
 1.359000 317.2682323473787
 1.360000 317.01193784961225
 1.361000 316.92279714537256
 1.362000 316.031410464128
 1.363000 317.2683697376552
 1.364000 317.01205210732815
 1.365000 316.9229083680962
 1.366000 316.03150496403464
 1.367000 317.26849143760484
 1.368000 317.0121540479144
 1.369000 316.9230078748245
 1.370000 316.0315904269195
 1.371000 317.268600279708
 1.372000 317.01224592212714
 1.373000 316.92309774401764
 1.374000 316.0316684210949
 1.375000 317.2686983616308
 1.376000 317.01232937173387
 1.377000 316.08433194468944
 1.378000 317.3176055549384
 1.379000 317.04850471974885
 1.380000 316.9509323052333
 1.381000 316.053413350796
 1.382000 317.28438883008533
 1.383000 317.0252098116319
 1.384000 316.9329631205013
 1.385000 316.04009472544146
 1.386000 317.2729854629021
 1.387000 317.01611175899467
 1.388000 316.9256387975563
 1.389000 316.03423032871683
 1.390000 317.26835784526963
 1.391000 317.01233021552366
 1.392000 316.9226618457851
 1.393000 316.03178383694103
 1.394000 317.26674182468315
 1.395000 317.01102671637864
 1.396000 316.9217376335662
 1.397000 316.0310034027664
 1.398000 317.26651598533664
 1.399000 317.0108661304207
 1.400000 316.92173929555724
 1.401000 316.0309758718468
 1.402000 317.2668632512797
 1.403000 317.0111656521485
 1.404000 316.92209249264397
 1.405000 316.03123230536005
 1.406000 317.2673799263912
 1.407000 317.0115913795895
 1.408000 316.92252227634754
 1.409000 316.031550110885
 1.410000 317.26788498713114
 1.411000 317.011997201742
 1.412000 316.9229131714915
 1.413000 316.0318373004307
 1.414000 317.26831214608325
 1.415000 317.0123324077907
 1.416000 316.9232291060282
 1.417000 316.0320660131498
 1.418000 317.26864930042734
 1.419000 317.01259029646417
 1.420000 316.9234694715102
 1.421000 316.03223646892934
 1.422000 317.2689063903831
 1.423000 317.01278133439047
 1.424000 316.92364660961994
 1.425000 316.0323588212701
 1.426000 317.2690996649131
 1.427000 317.01292030853745
 1.428000 316.92377532749276
 1.429000 316.0324448893613
 1.430000 317.2692448606176
 1.431000 317.0130209487178
 1.432000 316.92386871649086
 1.433000 316.0325049613269
 1.434000 317.2693548642236
 1.435000 317.01309422667094
 1.436000 316.9239369974828
 1.437000 316.0325469746663
 1.438000 317.26943940318745
 1.439000 317.013148266796
 1.440000 316.9239876432382
 1.441000 316.03257666916784
 1.442000 317.2695055045753
 1.443000 317.01318883251224
 1.444000 316.9240259181003
 1.445000 316.0325980396251
 1.446000 317.26955813200965
 1.447000 317.0132199168552
 1.448000 316.92405545781736
 1.449000 316.0326138033379
 1.450000 317.26960076440025
 1.451000 317.0132442570134
 1.452000 316.9240787536527
 1.453000 316.0326257839182
 1.454000 317.26963584688724
 1.455000 317.01326372687424
 1.456000 316.9240975140303
 1.457000 316.03263519677637
 1.458000 317.2696651166733
 1.459000 317.01327961715623
 1.460000 316.92411291970654
 1.461000 316.0326428500342
 1.462000 317.2696898281137
 1.463000 317.01329282691796
 1.464000 316.0852282337102
 1.465000 317.3185497390998
 1.466000 317.04942056225923
 1.467000 316.95183121576576
 1.468000 316.05425309559354
 1.469000 317.28526863906905
 1.470000 317.02606407462054
 1.471000 316.9338016758333
 1.472000 316.04090125049623
 1.473000 317.2738027738092
 1.474000 317.0169076761888
 1.475000 316.92642060654174
 1.476000 316.0349830186859
 1.477000 317.2691196834217
 1.478000 317.01307270576126
 1.479000 316.9233912387997
 1.480000 316.03248657912815
 1.481000 317.26745225162733
 1.482000 317.0117195858788
 1.483000 316.92241831845763
 1.484000 316.03165964923437
 1.485000 317.26717866090405
 1.486000 317.0115128403133
 1.487000 316.9223746587922
 1.488000 316.03158879175083
 1.489000 317.2674815273803
 1.490000 317.01176938391006
 1.491000 316.9226856509383
 1.492000 316.0318048257536
 1.493000 317.2679568875945
 1.494000 317.0121550697744
 1.495000 316.9230761086689
 1.496000 316.0320849438822
 1.497000 317.26842348096716
 1.498000 317.0125235683788
 1.499000 316.9234303441069
 1.500000 316.03233696445227
