0.0 1.5 1.0
Linear 1 explicit
 0.000000 0.0
 0.001000 0.0
 0.002000 0.0
 0.003000 0.0
 0.004000 0.0
 0.005000 0.0
 0.006000 0.0
 0.007000 0.0
 0.008000 0.0
 0.009000 0.0
 0.010000 0.0
 0.011000 0.0
 0.012000 0.0
 0.013000 0.0
 0.014000 0.0
 0.015000 0.0
 0.016000 0.0
 0.017000 0.0
 0.018000 0.0
 0.019000 0.0
 0.020000 0.0
 0.021000 0.0
 0.022000 0.0
 0.023000 0.0
 0.024000 0.0
 0.025000 0.0
 0.026000 0.0
 0.027000 0.0
 0.028000 0.0
 0.029000 0.0
 0.030000 0.0
 0.031000 0.0
 0.032000 0.0
 0.033000 0.0
 0.034000 0.0
 0.035000 0.0
 0.036000 0.0
 0.037000 0.0
 0.038000 0.0
 0.039000 0.0
 0.040000 0.0
 0.041000 0.0
 0.042000 0.0
 0.043000 0.0
 0.044000 0.0
 0.045000 0.0
 0.046000 0.0
 0.047000 0.0
 0.048000 0.0
 0.049000 0.0
 0.050000 0.0
 0.051000 0.0
 0.052000 0.0
 0.053000 0.0
 0.054000 0.0
 0.055000 0.0
 0.056000 0.0
 0.057000 0.0
 0.058000 0.0
 0.059000 0.0
 0.060000 0.0
 0.061000 0.0
 0.062000 0.0
 0.063000 0.0
 0.064000 0.0
 0.065000 0.0
 0.066000 0.0
 0.067000 0.0
 0.068000 0.0
 0.069000 0.0
 0.070000 0.0
 0.071000 0.0
 0.072000 0.0
 0.073000 0.0
 0.074000 0.0
 0.075000 0.0
 0.076000 0.0
 0.077000 0.0
 0.078000 0.0
 0.079000 0.0
 0.080000 0.0
 0.081000 0.0
 0.082000 0.0
 0.083000 0.0
 0.084000 0.0
 0.085000 0.0
 0.086000 0.0
 0.087000 0.0
 0.088000 0.0
 0.089000 0.0
 0.090000 0.0
 0.091000 0.0
 0.092000 0.0
 0.093000 0.0
 0.094000 0.0
 0.095000 0.0
 0.096000 0.0
 0.097000 0.0
 0.098000 0.0
 0.099000 0.0
 0.100000 0.0
 0.101000 0.0
 0.102000 0.0
 0.103000 0.0
 0.104000 0.0
 0.105000 0.0
 0.106000 0.0
 0.107000 0.0
 0.108000 0.0
 0.109000 0.0
 0.110000 0.0
 0.111000 0.0
 0.112000 0.0
 0.113000 0.0
 0.114000 0.0
 0.115000 0.0
 0.116000 0.0
 0.117000 0.0
 0.118000 0.0
 0.119000 0.0
 0.120000 0.0
 0.121000 0.0
 0.122000 0.0
 0.123000 0.0
 0.124000 0.0
 0.125000 0.0
 0.126000 0.0
 0.127000 0.0
 0.128000 0.0
 0.129000 0.0
 0.130000 0.0
 0.131000 0.0
 0.132000 0.0
 0.133000 0.0
 0.134000 0.0
 0.135000 0.0
 0.136000 0.0
 0.137000 0.0
 0.138000 0.0
 0.139000 0.0
 0.140000 0.0
 0.141000 0.0
 0.142000 0.0
 0.143000 0.0
 0.144000 0.0
 0.145000 0.0
 0.146000 0.0
 0.147000 0.0
 0.148000 0.0
 0.149000 0.0
 0.150000 0.0
 0.151000 0.0
 0.152000 0.0
 0.153000 0.0
 0.154000 0.0
 0.155000 0.0
 0.156000 0.0
 0.157000 0.0
 0.158000 0.0
 0.159000 0.0
 0.160000 0.0
 0.161000 0.0
 0.162000 0.0
 0.163000 0.0
 0.164000 0.0
 0.165000 0.0
 0.166000 0.0
 0.167000 0.0
 0.168000 0.0
 0.169000 0.0
 0.170000 0.0
 0.171000 0.0
 0.172000 0.0
 0.173000 0.0
 0.174000 0.0
 0.175000 0.0
 0.176000 0.0
 0.177000 0.0
 0.178000 0.0
 0.179000 0.0
 0.180000 0.0
 0.181000 0.0
 0.182000 0.0
 0.183000 0.0
 0.184000 0.0
 0.185000 0.0
 0.186000 0.0
 0.187000 0.0
 0.188000 0.0
 0.189000 0.0
 0.190000 0.0
 0.191000 0.0
 0.192000 0.0
 0.193000 0.0
 0.194000 0.0
 0.195000 0.0
 0.196000 0.0
 0.197000 0.0
 0.198000 0.0
 0.199000 0.0
 0.200000 0.0
 0.201000 0.0
 0.202000 0.0
 0.203000 0.0
 0.204000 0.0
 0.205000 0.0
 0.206000 0.0
 0.207000 0.0
 0.208000 0.0
 0.209000 0.0
 0.210000 0.0
 0.211000 0.0
 0.212000 0.0
 0.213000 0.0
 0.214000 0.0
 0.215000 0.0
 0.216000 0.0
 0.217000 0.0
 0.218000 0.0
 0.219000 0.0
 0.220000 0.0
 0.221000 0.0
 0.222000 0.0
 0.223000 0.0
 0.224000 0.0
 0.225000 0.0
 0.226000 0.0
 0.227000 0.0
 0.228000 0.0
 0.229000 0.0
 0.230000 0.0
 0.231000 0.0
 0.232000 0.0
 0.233000 0.0
 0.234000 0.0
 0.235000 0.0
 0.236000 0.0
 0.237000 0.0
 0.238000 0.0
 0.239000 0.0
 0.240000 0.0
 0.241000 0.0
 0.242000 0.0
 0.243000 0.0
 0.244000 0.0
 0.245000 0.0
 0.246000 0.0
 0.247000 0.0
 0.248000 0.0
 0.249000 0.0
 0.250000 0.0
 0.251000 0.0
 0.252000 0.0
 0.253000 0.0
 0.254000 0.0
 0.255000 0.0
 0.256000 0.0
 0.257000 0.0
 0.258000 0.0
 0.259000 0.0
 0.260000 0.0
 0.261000 0.0
 0.262000 0.0
 0.263000 0.0
 0.264000 0.0
 0.265000 0.0
 0.266000 0.0
 0.267000 0.0
 0.268000 0.0
 0.269000 0.0
 0.270000 0.0
 0.271000 0.0
 0.272000 0.0
 0.273000 0.0
 0.274000 0.0
 0.275000 0.0
 0.276000 0.0
 0.277000 0.0
 0.278000 0.0
 0.279000 0.0
 0.280000 0.0
 0.281000 0.0
 0.282000 0.0
 0.283000 0.0
 0.284000 0.0
 0.285000 0.0
 0.286000 0.0
 0.287000 0.0
 0.288000 0.0
 0.289000 0.0
 0.290000 0.0
 0.291000 0.0
 0.292000 0.0
 0.293000 0.0
 0.294000 0.0
 0.295000 0.0
 0.296000 0.0
 0.297000 0.0
 0.298000 0.0
 0.299000 0.0
 0.300000 0.0
 0.301000 0.0
 0.302000 0.0
 0.303000 0.0
 0.304000 0.0
 0.305000 0.0
 0.306000 0.0
 0.307000 0.0
 0.308000 0.0
 0.309000 0.0
 0.310000 0.0
 0.311000 0.0
 0.312000 0.0
 0.313000 0.0
 0.314000 0.0
 0.315000 0.0
 0.316000 0.0
 0.317000 0.0
 0.318000 0.0
 0.319000 0.0
 0.320000 0.0
 0.321000 0.0
 0.322000 0.0
 0.323000 0.0
 0.324000 0.0
 0.325000 0.0
 0.326000 0.0
 0.327000 0.0
 0.328000 0.0
 0.329000 0.0
 0.330000 0.0
 0.331000 0.0
 0.332000 0.0
 0.333000 0.0
 0.334000 0.0
 0.335000 0.0
 0.336000 0.0
 0.337000 0.0
 0.338000 0.0
 0.339000 0.0
 0.340000 0.0
 0.341000 0.0
 0.342000 0.0
 0.343000 0.0
 0.344000 0.0
 0.345000 0.0
 0.346000 0.0
 0.347000 0.0
 0.348000 0.0
 0.349000 0.0
 0.350000 0.0
 0.351000 0.0
 0.352000 0.0
 0.353000 0.0
 0.354000 0.0
 0.355000 0.0
 0.356000 0.0
 0.357000 0.0
 0.358000 0.0
 0.359000 0.0
 0.360000 0.0
 0.361000 0.0
 0.362000 0.0
 0.363000 0.0
 0.364000 0.0
 0.365000 0.0
 0.366000 0.0
 0.367000 0.0
 0.368000 0.0
 0.369000 0.0
 0.370000 0.0
 0.371000 0.0
 0.372000 0.0
 0.373000 0.0
 0.374000 0.0
 0.375000 0.0
 0.376000 0.0
 0.377000 0.0
 0.378000 0.0
 0.379000 0.0
 0.380000 0.0
 0.381000 0.0
 0.382000 0.0
 0.383000 0.0
 0.384000 0.0
 0.385000 0.0
 0.386000 0.0
 0.387000 0.0
 0.388000 0.0
 0.389000 0.0
 0.390000 0.0
 0.391000 0.0
 0.392000 0.0
 0.393000 0.0
 0.394000 0.0
 0.395000 0.0
 0.396000 0.0
 0.397000 0.0
 0.398000 0.0
 0.399000 0.0
 0.400000 0.0
 0.401000 0.0
 0.402000 0.0
 0.403000 0.0
 0.404000 0.0
 0.405000 0.0
 0.406000 0.0
 0.407000 0.0
 0.408000 0.0
 0.409000 0.0
 0.410000 0.0
 0.411000 0.0
 0.412000 0.0
 0.413000 0.0
 0.414000 0.0
 0.415000 0.0
 0.416000 0.0
 0.417000 0.0
 0.418000 0.0
 0.419000 0.0
 0.420000 0.0
 0.421000 0.0
 0.422000 0.0
 0.423000 0.0
 0.424000 0.0
 0.425000 0.0
 0.426000 0.0
 0.427000 0.0
 0.428000 0.0
 0.429000 0.0
 0.430000 0.0
 0.431000 0.0
 0.432000 0.0
 0.433000 0.0
 0.434000 0.0
 0.435000 0.0
 0.436000 0.0
 0.437000 0.0
 0.438000 0.0
 0.439000 0.0
 0.440000 0.0
 0.441000 0.0
 0.442000 0.0
 0.443000 0.0
 0.444000 0.0
 0.445000 0.0
 0.446000 0.0
 0.447000 0.0
 0.448000 0.0
 0.449000 0.0
 0.450000 0.0
 0.451000 0.0
 0.452000 0.0
 0.453000 0.0
 0.454000 0.0
 0.455000 0.0
 0.456000 0.0
 0.457000 0.0
 0.458000 0.0
 0.459000 0.0
 0.460000 0.0
 0.461000 0.0
 0.462000 0.0
 0.463000 0.0
 0.464000 0.0
 0.465000 0.0
 0.466000 0.0
 0.467000 0.0
 0.468000 0.0
 0.469000 0.0
 0.470000 0.0
 0.471000 0.0
 0.472000 0.0
 0.473000 0.0
 0.474000 0.0
 0.475000 0.0
 0.476000 0.0
 0.477000 0.0
 0.478000 0.0
 0.479000 0.0
 0.480000 0.0
 0.481000 0.0
 0.482000 0.0
 0.483000 0.0
 0.484000 0.0
 0.485000 0.0
 0.486000 0.0
 0.487000 0.0
 0.488000 0.0
 0.489000 0.0
 0.490000 0.0
 0.491000 0.0
 0.492000 0.0
 0.493000 0.0
 0.494000 0.0
 0.495000 0.0
 0.496000 0.0
 0.497000 0.0
 0.498000 0.0
 0.499000 0.0
 0.500000 0.0
 0.501000 0.0
 0.502000 0.0
 0.503000 0.0
 0.504000 0.0
 0.505000 0.0
 0.506000 0.0
 0.507000 0.0
 0.508000 0.0
 0.509000 0.0
 0.510000 0.0
 0.511000 0.0
 0.512000 0.0
 0.513000 0.0
 0.514000 0.0
 0.515000 0.0
 0.516000 0.0
 0.517000 0.0
 0.518000 0.0
 0.519000 0.0
 0.520000 0.0
 0.521000 0.0
 0.522000 0.0
 0.523000 0.0
 0.524000 0.0
 0.525000 0.0
 0.526000 0.0
 0.527000 0.0
 0.528000 0.0
 0.529000 0.0
 0.530000 0.0
 0.531000 0.0
 0.532000 0.0
 0.533000 0.0
 0.534000 0.0
 0.535000 0.0
 0.536000 0.0
 0.537000 0.0
 0.538000 0.0
 0.539000 0.0
 0.540000 0.0
 0.541000 0.0
 0.542000 0.0
 0.543000 0.0
 0.544000 0.0
 0.545000 0.0
 0.546000 0.0
 0.547000 0.0
 0.548000 0.0
 0.549000 0.0
 0.550000 0.0
 0.551000 0.0
 0.552000 0.0
 0.553000 0.0
 0.554000 0.0
 0.555000 0.0
 0.556000 0.0
 0.557000 0.0
 0.558000 0.0
 0.559000 0.0
 0.560000 0.0
 0.561000 0.0
 0.562000 0.0
 0.563000 0.0
 0.564000 0.0
 0.565000 0.0
 0.566000 0.0
 0.567000 0.0
 0.568000 0.0
 0.569000 0.0
 0.570000 0.0
 0.571000 0.0
 0.572000 0.0
 0.573000 0.0
 0.574000 0.0
 0.575000 0.0
 0.576000 0.0
 0.577000 0.0
 0.578000 0.0
 0.579000 0.0
 0.580000 0.0
 0.581000 0.0
 0.582000 0.0
 0.583000 0.0
 0.584000 0.0
 0.585000 0.0
 0.586000 0.0
 0.587000 0.0
 0.588000 0.0
 0.589000 0.0
 0.590000 0.0
 0.591000 0.0
 0.592000 0.0
 0.593000 0.0
 0.594000 0.0
 0.595000 0.0
 0.596000 0.0
 0.597000 0.0
 0.598000 0.0
 0.599000 0.0
 0.600000 0.0
 0.601000 0.0
 0.602000 0.0
 0.603000 0.0
 0.604000 0.0
 0.605000 0.0
 0.606000 0.0
 0.607000 0.0
 0.608000 0.0
 0.609000 0.0
 0.610000 0.0
 0.611000 0.0
 0.612000 0.0
 0.613000 0.0
 0.614000 0.0
 0.615000 0.0
 0.616000 0.0
 0.617000 0.0
 0.618000 0.0
 0.619000 0.0
 0.620000 0.0
 0.621000 0.0
 0.622000 0.0
 0.623000 0.0
 0.624000 0.0
 0.625000 0.0
 0.626000 0.0
 0.627000 0.0
 0.628000 0.0
 0.629000 0.0
 0.630000 0.0
 0.631000 0.0
 0.632000 0.0
 0.633000 0.0
 0.634000 0.0
 0.635000 0.0
 0.636000 0.0
 0.637000 0.0
 0.638000 0.0
 0.639000 0.0
 0.640000 0.0
 0.641000 0.0
 0.642000 0.0
 0.643000 0.0
 0.644000 0.0
 0.645000 0.0
 0.646000 0.0
 0.647000 0.0
 0.648000 0.0
 0.649000 0.0
 0.650000 0.0
 0.651000 0.0
 0.652000 0.0
 0.653000 0.0
 0.654000 0.0
 0.655000 0.0
 0.656000 0.0
 0.657000 0.0
 0.658000 0.0
 0.659000 0.0
 0.660000 0.0
 0.661000 0.0
 0.662000 0.0
 0.663000 0.0
 0.664000 0.0
 0.665000 0.0
 0.666000 0.0
 0.667000 0.0
 0.668000 0.0
 0.669000 0.0
 0.670000 0.0
 0.671000 0.0
 0.672000 0.0
 0.673000 0.0
 0.674000 0.0
 0.675000 0.0
 0.676000 0.0
 0.677000 0.0
 0.678000 0.0
 0.679000 0.0
 0.680000 0.0
 0.681000 0.0
 0.682000 0.0
 0.683000 0.0
 0.684000 0.0
 0.685000 0.0
 0.686000 0.0
 0.687000 0.0
 0.688000 0.0
 0.689000 0.0
 0.690000 0.0
 0.691000 0.0
 0.692000 0.0
 0.693000 0.0
 0.694000 0.0
 0.695000 0.0
 0.696000 0.0
 0.697000 0.0
 0.698000 0.0
 0.699000 0.0
 0.700000 0.0
 0.701000 0.0
 0.702000 0.0
 0.703000 0.0
 0.704000 0.0
 0.705000 0.0
 0.706000 0.0
 0.707000 0.0
 0.708000 0.0
 0.709000 0.0
 0.710000 0.0
 0.711000 0.0
 0.712000 0.0
 0.713000 0.0
 0.714000 0.0
 0.715000 0.0
 0.716000 0.0
 0.717000 0.0
 0.718000 0.0
 0.719000 0.0
 0.720000 0.0
 0.721000 0.0
 0.722000 0.095161507586856
 0.723000 0.1582968979438269
 0.724000 0.13911257420106726
 0.725000 0.14010571632701768
 0.726000 0.14148935557620135
 0.727000 0.14367677997654493
 0.728000 0.14532651322432544
 0.729000 0.14497000310823463
 0.730000 0.14763041568735522
 0.731000 0.14969156290607846
 0.732000 0.15170379568524162
 0.733000 0.15367413503202138
 0.734000 0.15564002641168298
 0.735000 0.1570677169514567
 0.736000 0.1588754786299118
 0.737000 0.1602775029872074
 0.738000 0.4894498598761433
 0.739000 0.38949582596528565
 0.740000 0.38193843323765364
 0.741000 0.3792231713676468
 0.742000 0.37880190064797525
 0.743000 0.37969608468174637
 0.744000 0.381447060274348
 0.745000 0.38380737196482184
 0.746000 0.38662374395551347
 0.747000 0.39098495255441423
 0.748000 0.39443702179054446
 0.749000 0.401387386417338
 0.750000 0.4026957655796659
 0.751000 0.4067593052756684
 0.752000 0.4105940167807172
 0.753000 0.4152381865586719
 0.754000 0.4192028519948137
 0.755000 0.42319631417188885
 0.756000 0.42045175896736464
 0.757000 0.43597445140081276
 0.758000 0.4351697664844311
 0.759000 0.44121408387381056
 0.760000 0.44573451261810265
 0.761000 0.44878057270966404
 0.762000 0.4549208092855064
 0.763000 0.4458467186605191
 0.764000 0.4561657633551783
 0.765000 0.4626777717856749
 0.766000 0.46883186925607995
 0.767000 0.4694001154250413
 0.768000 0.4767607311330457
 0.769000 0.35004404532673383
 0.770000 0.33974216608765107
 0.771000 0.5135376996849802
 0.772000 0.48419671850855545
 0.773000 0.48960876998413255
 0.774000 0.4905218884729934
 0.775000 0.4936236720109453
 0.776000 0.49840235764732654
 0.777000 0.50290704068617
 0.778000 0.5071700530858954
 0.779000 0.5150176694209172
 0.780000 0.5144898718696649
 0.781000 0.5168900290354279
 0.782000 0.5184989590084641
 0.783000 0.5225354424319687
 0.784000 0.5308461532610015
 0.785000 0.5344462580625108
 0.786000 0.537959946983995
 0.787000 0.5414170237473992
 0.788000 0.5470333461564475
 0.789000 0.5505326474416531
 0.790000 0.5538869981195819
 0.791000 0.5571628472151092
 0.792000 0.5603383713944058
 0.793000 0.5636266408625465
 0.794000 0.5668340163031765
 0.795000 0.5699790429940773
 0.796000 0.5730290816739056
 0.797000 0.5760036425458861
 0.798000 0.4251375757882732
 0.799000 0.40718602095876755
 0.800000 0.6346221299394335
 0.801000 0.5931956984313504
 0.802000 0.5940503447396813
 0.803000 0.5959632486787992
 0.804000 0.5983635526550536
 0.805000 0.6009356198780454
 0.806000 0.6035479368270912
 0.807000 0.6061609955520778
 0.808000 0.6135479733706165
 0.809000 0.6173899090824146
 0.810000 0.6205818300681304
 0.811000 0.6236627388225743
 0.812000 0.6266932269767279
 0.813000 0.628734830733531
 0.814000 0.6314884203985043
 0.815000 0.6342139964664658
 0.816000 0.6368907149905569
 0.817000 0.6395219657138967
 0.818000 0.6421112613750798
 0.819000 0.6446591985308716
 0.820000 0.647357135064397
 0.821000 0.6496387546419942
 0.822000 0.6520100692438494
 0.823000 0.6543826205250773
 0.824000 0.6568626828293832
 0.825000 0.6589819187192043
 0.826000 0.6612826618741134
 0.827000 0.66361418168454
 0.828000 0.6657429265340057
 0.829000 0.6678503533067028
 0.830000 0.6682130601043501
 0.831000 0.6713724476034197
 0.832000 0.6737565061041723
 0.833000 0.6760832948406567
 0.834000 0.6783728330378118
 0.835000 0.6809342576687737
 0.836000 0.6839785234847916
 0.837000 0.6852159839814203
 0.838000 0.6873436083393207
 0.839000 0.6895035733754387
 0.840000 0.6916524689647037
 0.841000 0.6937880168916021
 0.842000 0.6958317725813327
 0.843000 0.6966459787583084
 0.844000 0.6997552706534501
 0.845000 0.7021276903470659
 0.846000 0.7029668577636403
 0.847000 0.7051163041079529
 0.848000 0.7070297122553534
 0.849000 0.7089101937343024
 0.850000 0.7107866445020016
 0.851000 0.7126610109855748
 0.852000 0.7145309688710886
 0.853000 0.7163938041070561
 0.854000 0.7182474066879135
 0.855000 0.7200903912348176
 0.856000 0.721921739566257
 0.857000 0.7237402744218865
 0.858000 0.7255289317636987
 0.859000 0.7273027396727958
 0.860000 0.7290520237635731
 0.861000 0.7278629685844972
 0.862000 0.733247641067432
 0.863000 0.7342098990730033
 0.864000 0.7357622069051203
 0.865000 0.7374075376005351
 0.866000 0.7390510469783825
 0.867000 0.7410150230031298
 0.868000 0.7465428262958791
 0.869000 0.7476563497741238
 0.870000 0.7495166375340162
 0.871000 0.7514592566015373
 0.872000 0.7533605230872343
 0.873000 0.7557971975394602
 0.874000 0.7575385638856647
 0.875000 0.7599214068665481
 0.876000 0.8149421852255735
 0.877000 0.7988825487251193
 0.878000 0.7997137041162875
 0.879000 0.8012514748545088
 0.880000 0.8030493317810752
 0.881000 0.8049590335827036
 0.882000 0.8069210225494189
 0.883000 0.8085783229752976
 0.884000 0.8103291746931398
 0.885000 0.8122361618882887
 0.886000 0.8141858015989822
 0.887000 0.8161667171547823
 0.888000 0.8181551464536996
 0.889000 0.8201521506954768
 0.890000 0.8221437425335094
 0.891000 0.8241298801136882
 0.892000 0.82582316673687
 0.893000 0.8274805386448619
 0.894000 0.8293277171343817
 0.895000 0.83120066417732
 0.896000 0.833078846210424
 0.897000 0.8329960436774426
 0.898000 0.8348204581440128
 0.899000 0.8366192208957611
 0.900000 0.8384129769529493
 0.901000 0.840200761140137
 0.902000 0.8419805352837992
 0.903000 0.8437506789316415
 0.904000 0.8455097746405268
 0.905000 0.8467180477367843
 0.906000 0.8503096035553513
 0.907000 0.8516110420278492
 0.908000 0.858508882707153
 0.909000 0.856755535416071
 0.910000 0.861161114669414
 0.911000 0.8599054159451508
 0.912000 0.8614850268082029
 0.913000 0.8630751578132284
 0.914000 0.8646493648520952
 0.915000 0.8662073841882318
 0.916000 0.8677493204009173
 0.917000 0.8692748967641476
 0.918000 0.8685296464408606
 0.919000 0.8700683562930015
 0.920000 0.8715053050888758
 0.921000 0.8730782680646231
 0.922000 0.8745063512869851
 0.923000 0.875894812445473
 0.924000 0.8772591814384997
 0.925000 0.878602683173707
 0.926000 0.8815185525513868
 0.927000 0.8819267330399331
 0.928000 0.8831150211748825
 0.929000 0.8842290149048047
 0.930000 0.885383993859827
 0.931000 0.8865602588294315
 0.932000 0.8877464473760835
 0.933000 0.8889356271397042
 0.934000 0.89012354144388
 0.935000 0.8913134465187301
 0.936000 0.8924960177281946
 0.937000 0.893668856825491
 0.938000 0.9008690177655229
 0.939000 0.9012084820251116
 0.940000 0.9024010936901923
 0.941000 0.9042397075934743
 0.942000 0.9057531010609478
 0.943000 0.9071952970678727
 0.944000 0.908562697307694
 0.945000 0.9098595805006423
 0.946000 0.9110930892490342
 0.947000 0.9122701488485128
 0.948000 0.9133968104221848
 0.949000 0.9144782158887171
 0.950000 0.9155186873498359
 0.951000 0.916521922781791
 0.952000 0.9174901328994943
 0.953000 0.918427044085598
 0.954000 0.919335097607409
 0.955000 0.9202162629961681
 0.956000 0.9210721785736324
 0.957000 0.9219042113467881
 0.958000 0.9227133523800465
 0.959000 0.9235004296803284
 0.960000 0.9242661960784528
 0.961000 0.9250112437834977
 0.962000 0.9257360485047719
 0.963000 0.9264409547408822
 0.964000 0.9271261941328858
 0.965000 0.9277919134581801
 0.966000 0.928438188743622
 0.967000 0.929065037603619
 0.968000 0.9296724297658289
 0.969000 0.9311551173881032
 0.970000 0.931915556792783
 0.971000 0.9316755714348482
 0.972000 0.9320992112446708
 0.973000 0.9325955662596879
 0.974000 0.9356698680036076
 0.975000 0.9348089245089584
 0.976000 0.9346356069034469
 0.977000 0.9326305639347643
 0.978000 0.9358992099973148
 0.979000 0.9333521900194323
 0.980000 0.9367401760524684
 0.981000 0.9362653372667081
 0.982000 0.9340893846044072
 0.983000 0.9374996222428644
 0.984000 0.9370413441751221
 0.985000 0.9348453482352794
 0.986000 0.9383088744161142
 0.987000 0.9378027518785422
 0.988000 0.9355094380222575
 0.989000 0.9389917887129436
 0.990000 0.9384203904941111
 0.991000 0.9360221875085374
 0.992000 0.9394977172087919
 0.993000 0.9388530700301274
 0.994000 0.9363513029792404
 0.995000 0.9397973978520419
 0.996000 0.9390761319551444
 0.997000 0.9388126648096387
 0.998000 0.9363025290754236
 0.999000 0.9397036245284411
 1.000000 0.9389155660243594
 1.001000 0.9362380147340454
 1.002000 0.9396145697066864
 1.003000 0.9387854996174909
 1.004000 0.9384444964208718
 1.005000 0.9358615015227448
 1.006000 0.9392622760484691
 1.007000 0.9384725577764799
 1.008000 0.9357952837726522
 1.009000 0.9392092892305647
 1.010000 0.9383997693996986
 1.011000 0.9380803459081879
 1.012000 0.9355056568675042
 1.013000 0.9389453931745094
 1.014000 0.9381771651906399
 1.015000 0.9355118732603774
 1.016000 0.9389690761632666
 1.017000 0.9381905150266505
 1.018000 0.9379041494766013
 1.019000 0.9353476593504575
 1.020000 0.938837397760997
 1.021000 0.9380988822611537
 1.022000 0.9378392927602772
 1.023000 0.9352945116805991
 1.024000 0.9388102874337823
 1.025000 0.9380772782253471
 1.026000 0.9354206510018545
 1.027000 0.9389352238402631
 1.028000 0.9381690791372727
 1.029000 0.9378947034443452
 1.030000 0.9353259869935578
 1.031000 0.9388487675523033
 1.032000 0.9381109423232623
 1.033000 0.9378548066259691
 1.034000 0.9352951298045936
 1.035000 0.9388365360726151
 1.036000 0.9381035760682831
 1.037000 0.9354330362509442
 1.038000 0.9389707557864518
 1.039000 0.9382053716947708
 1.040000 0.9379337681775931
 1.041000 0.935353248888035
 1.042000 0.9388969103694649
 1.043000 0.9381606914728668
 1.044000 0.9379074216664115
 1.045000 0.9353373687760096
 1.046000 0.9388974207852648
 1.047000 0.9381664223625169
 1.048000 0.9354871709467949
 1.049000 0.9390408025931973
 1.050000 0.9382771319922925
 1.051000 0.938007754529428
 1.052000 0.9354182211698823
 1.053000 0.9389766380064511
 1.054000 0.938242184604571
 1.055000 0.9379905870364773
 1.056000 0.9354119753908823
 1.057000 0.9389847715302697
 1.058000 0.9382552573811173
 1.059000 0.9380095501585427
 1.060000 0.9354315522584622
 1.061000 0.9390151496749822
 1.062000 0.938285945751785
 1.063000 0.938042648179827
 1.064000 0.9354624556914121
 1.065000 0.9390543403770822
 1.066000 0.9383239267275795
 1.067000 0.9356304120869969
 1.068000 0.9392119386227591
 1.069000 0.9384470079217382
 1.070000 0.9381796418187367
 1.071000 0.9355756458633331
 1.072000 0.9391560901210697
 1.073000 0.9384190247663162
 1.074000 0.938167631543407
 1.075000 0.9355744944152433
 1.076000 0.9391654554587356
 1.077000 0.9384329563704713
 1.078000 0.9381864139328251
 1.079000 0.9355944062023951
 1.080000 0.939193139518589
 1.081000 0.9384609701707083
 1.082000 0.9382162531987962
 1.083000 0.9356228261825501
 1.084000 0.9392274300569161
 1.085000 0.938494250128803
 1.086000 0.9357885704645862
 1.087000 0.9393807504994529
 1.088000 0.9386131148593373
 1.089000 0.9383438529574417
 1.090000 0.9357281233355037
 1.091000 0.9393180676220272
 1.092000 0.9385786916666597
 1.093000 0.9383253015957957
 1.094000 0.9357212786851568
 1.095000 0.9393203273204613
 1.096000 0.938585786075473
 1.097000 0.9383372074751081
 1.098000 0.9357351093500923
 1.099000 0.9393407388249847
 1.100000 0.9386067686561522
 1.101000 0.9383600104127047
 1.102000 0.9357572305179536
 1.103000 0.9393677171745451
 1.104000 0.9386329480474748
 1.105000 0.9383867410930145
 1.106000 0.9357823330510864
 1.107000 0.9393964622316727
 1.108000 0.9386603881953938
 1.109000 0.9384141164219368
 1.110000 0.9358077669667108
 1.111000 0.9394246899386867
 1.112000 0.9386871864486527
 1.113000 0.9359692385679029
 1.114000 0.9395713989106657
 1.115000 0.9387993706894058
 1.116000 0.9385273608741362
 1.117000 0.9358995777214716
 1.118000 0.9394981475942967
 1.119000 0.9387548051067321
 1.120000 0.9384985346764416
 1.121000 0.9358833139715876
 1.122000 0.9394895252300468
 1.123000 0.9387514424344846
 1.124000 0.9385000206155377
 1.125000 0.9358876185939373
 1.126000 0.9394992433053123
 1.127000 0.9387621691501599
 1.128000 0.9385126791205222
 1.129000 0.9359004540628338
 1.130000 0.9395159846709946
 1.131000 0.938778518161174
 1.132000 0.9385297192477863
 1.133000 0.9359166604777374
 1.134000 0.9395350460136132
 1.135000 0.9387966345856997
 1.136000 0.938547917148428
 1.137000 0.9359336399183513
 1.138000 0.9395541596133399
 1.139000 0.938814630172391
 1.140000 0.9385657077550883
 1.141000 0.9359501263443336
 1.142000 0.9395722861933384
 1.143000 0.938831650665543
 1.144000 0.9385824092837447
 1.145000 0.9359655794437508
 1.146000 0.939589034303459
 1.147000 0.9388473873063322
 1.148000 0.9385978003537587
 1.149000 0.9359798350719889
 1.150000 0.9396043362634877
 1.151000 0.9388618002746915
 1.152000 0.9386118810727924
 1.153000 0.9359929070246528
 1.154000 0.9396182689999226
 1.155000 0.9388749669599444
 1.156000 0.936144633001529
 1.157000 0.9397544696664956
 1.158000 0.9389772408285016
 1.159000 0.9387017301403238
 1.160000 0.9360631729848542
 1.161000 0.939667794257361
 1.162000 0.938919876241291
 1.163000 0.9386603490758791
 1.164000 0.9360353685489977
 1.165000 0.9396466502269785
 1.166000 0.938904626001137
 1.167000 0.9386501905271523
 1.168000 0.9360289417081923
 1.169000 0.9396448323247099
 1.170000 0.9389043666051126
 1.171000 0.9386520938843527
 1.172000 0.9360318345465528
 1.173000 0.9396509624211097
 1.174000 0.9389105735016827
 1.175000 0.9386592035433506
 1.176000 0.9360388312005331
 1.177000 0.939660252477086
 1.178000 0.9389193166173782
 1.179000 0.9386682198909948
 1.180000 0.9360472700424187
 1.181000 0.9396703505490444
 1.182000 0.9389286343668614
 1.183000 0.9386775064697835
 1.184000 0.9360558253666409
 1.185000 0.9396801425159929
 1.186000 0.9389376077065934
 1.187000 0.9386863192027409
 1.188000 0.9360639046176883
 1.189000 0.9396891730452039
 1.190000 0.9389458725121657
 1.191000 0.9386943836142905
 1.192000 0.9360712987180313
 1.193000 0.9396973203101063
 1.194000 0.9389533417625816
 1.195000 0.9387016544420037
 1.196000 0.9360779826048952
 1.197000 0.9397046148896997
 1.198000 0.9389600520923971
 1.199000 0.9387081847086812
 1.200000 0.9360840079670573
 1.201000 0.9397111446172772
 1.202000 0.9389660844277303
 1.203000 0.9387140593708349
 1.204000 0.9360894499198035
 1.205000 0.9397170087757944
 1.206000 0.9389715266182046
 1.207000 0.9387193650112381
 1.208000 0.9360943832604601
 1.209000 0.9397222989013271
 1.210000 0.93897645832664
 1.211000 0.9387241782691085
 1.212000 0.9360988737714725
 1.213000 0.939727092820068
 1.214000 0.9389809467512463
 1.215000 0.9362452672521184
 1.216000 0.9398570885446895
 1.217000 0.9390772099969186
 1.218000 0.9387996821086981
 1.219000 0.9361558895890417
 1.220000 0.9397625377193475
 1.221000 0.9390124094957795
 1.222000 0.9387510258018226
 1.223000 0.936121213869208
 1.224000 0.9397342604875277
 1.225000 0.9389903359317924
 1.226000 0.9387341925255768
 1.227000 0.936108543295439
 1.228000 0.9397259168182729
 1.229000 0.9389838017483692
 1.230000 0.9387299555907336
 1.231000 0.9361056801466157
 1.232000 0.9397260514518385
 1.233000 0.9389842270652888
 1.234000 0.9387314047604706
 1.235000 0.9361073605616328
 1.236000 0.939729821340896
 1.237000 0.9389876330436178
 1.238000 0.9387351937466537
 1.239000 0.9361108820369543
 1.240000 0.9397348282871409
 1.241000 0.9389920169779162
 1.242000 0.9387396466589045
 1.243000 0.936114884040108
 1.244000 0.9397399189486273
 1.245000 0.9389964247250472
 1.246000 0.9387439856157066
 1.247000 0.9361187438797713
 1.248000 0.9397446041798974
 1.249000 0.9390004616675521
 1.250000 0.9387479066427172
 1.251000 0.9361222259579337
 1.252000 0.9397487325088602
 1.253000 0.9390040138443728
 1.254000 0.9387513383173435
 1.255000 0.9361252815261181
 1.256000 0.9397523081472312
 1.257000 0.939007093756566
 1.258000 0.9387543101585758
 1.259000 0.9361279408715424
 1.260000 0.9397553952136369
 1.261000 0.9390097604833162
 1.262000 0.938756885801566
 1.263000 0.9361302596062171
 1.264000 0.9397580714888597
 1.265000 0.9390120819488897
 1.266000 0.9387591323548792
 1.267000 0.9361322946468745
 1.268000 0.9397604089013221
 1.269000 0.9390141195500318
 1.270000 0.9387611085879468
 1.271000 0.9361340953166173
 1.272000 0.9397624673272764
 1.273000 0.9390159236823941
 1.274000 0.9387628620636816
 1.275000 0.9361357014450253
 1.276000 0.9397642943142172
 1.277000 0.9390175339684883
 1.278000 0.9387644299699099
 1.279000 0.9361371442609742
 1.280000 0.939765926961266
 1.281000 0.939018981096496
 1.282000 0.9387658410951819
 1.283000 0.9361384480837069
 1.284000 0.9397673942181581
 1.285000 0.9390202888835146
 1.286000 0.9387671178420312
 1.287000 0.9361396319813041
 1.288000 0.9397687189214659
 1.289000 0.9390214760459381
 1.290000 0.9387682778934769
 1.291000 0.9361407111239725
 1.292000 0.9397699193855751
 1.293000 0.9390225575597473
 1.294000 0.9362846607935852
 1.295000 0.93989743866548
 1.296000 0.9391164797865066
 1.297000 0.9388381618128635
 1.298000 0.9361924747985968
 1.299000 0.939799839106797
 1.300000 0.9390487519617696
 1.301000 0.9387866461418601
 1.302000 0.9361550943093306
 1.303000 0.9397687571055819
 1.304000 0.9390239981835814
 1.305000 0.938767190429516
 1.306000 0.9361399540396855
 1.307000 0.9397578443704184
 1.308000 0.9390149991012166
 1.309000 0.9387605407950558
 1.310000 0.9361348151814266
 1.311000 0.9397556183524314
 1.312000 0.9390131535869288
 1.313000 0.9387597663727628
 1.314000 0.9361343953196968
 1.315000 0.9397572154378602
 1.316000 0.9390144644506319
 1.317000 0.9387615032310226
 1.318000 0.9361359760553969
 1.319000 0.939760219829592
 1.320000 0.9390169132108988
 1.321000 0.938764060257271
 1.322000 0.936138183067205
 1.323000 0.9397634629205458
 1.324000 0.9390195319621153
 1.325000 0.9387666462433261
 1.326000 0.9361403815308056
 1.327000 0.9397664421470652
 1.328000 0.9390219139188383
 1.329000 0.9387689453972603
 1.330000 0.9361423250414177
 1.331000 0.9397689941103076
 1.332000 0.9390239342420458
 1.333000 0.9387708757072982
 1.334000 0.9361439551298119
 1.335000 0.9397711123270079
 1.336000 0.9390255956255585
 1.337000 0.9387724571290237
 1.338000 0.9361452932744598
 1.339000 0.9397728512627068
 1.340000 0.9390269482508781
 1.341000 0.9387737446105324
 1.342000 0.9361463870615901
 1.343000 0.9397742799433497
 1.344000 0.9390280519341916
 1.345000 0.938774797337488
 1.346000 0.9361472860682851
 1.347000 0.9397754623298252
 1.348000 0.9390289606596817
 1.349000 0.9387756668317933
 1.350000 0.9361480328869113
 1.351000 0.9397764510283232
 1.352000 0.9390297180313919
 1.353000 0.9387763940130616
 1.354000 0.9361486611642221
 1.355000 0.9397772869411952
 1.356000 0.9390303574396455
 1.357000 0.9387770099716427
 1.358000 0.9361491964420047
 1.359000 0.9397780010841782
 1.360000 0.9390309038463158
 1.361000 0.9387775378915936
 1.362000 0.936149657803119
 1.363000 0.9397786168315029
 1.364000 0.9390313758017963
 1.365000 0.9387779950205394
 1.366000 0.9361500594907624
 1.367000 0.9397791519048683
 1.368000 0.9390317871757151
 1.369000 0.9387783942965364
 1.370000 0.9361504122267111
 1.371000 0.9397796199218658
 1.372000 0.9390321484792233
 1.373000 0.9387787455705213
 1.374000 0.9361507241984482
 1.375000 0.9397800315273375
 1.376000 0.9390324678210463
 1.377000 0.9362942507983091
 1.378000 0.9399070155493677
 1.379000 0.9391258532256029
 1.380000 0.9388473587372396
 1.381000 0.9362013992570432
 1.382000 0.9398087268378341
 1.383000 0.9390574569279804
 1.384000 0.9387951885450682
 1.385000 0.9361632787647705
 1.386000 0.939776995602913
 1.387000 0.9390320928751177
 1.388000 0.9387751322223271
 1.389000 0.936147565738244
 1.390000 0.9397654983791394
 1.391000 0.9390225249691778
 1.392000 0.9387679248350841
 1.393000 0.9361418952172285
 1.394000 0.93976273110005
 1.395000 0.939020152044533
 1.396000 0.9387666332633741
 1.397000 0.9361409820675557
 1.398000 0.9397638268610273
 1.399000 0.9390209737623704
 1.400000 0.938767890450489
 1.401000 0.9361421049615469
 1.402000 0.9397663666977786
 1.403000 0.9390229686891428
 1.404000 0.9387700023985881
 1.405000 0.9361438868875162
 1.406000 0.9397691791200619
 1.407000 0.9390251662255634
 1.408000 0.9387721752677849
 1.409000 0.9361456905629948
 1.410000 0.9397717589395043
 1.411000 0.9390271571246188
 1.412000 0.9387740908589424
 1.413000 0.9361472673303086
 1.414000 0.9397739403600434
 1.415000 0.9390288142903632
 1.416000 0.9387756649519012
 1.417000 0.9361485566491465
 1.418000 0.9397757147029224
 1.419000 0.9390301383422024
 1.420000 0.9387769154715377
 1.421000 0.9361495780901525
 1.422000 0.9397771344190605
 1.423000 0.9390311775518695
 1.424000 0.9387778954960662
 1.425000 0.9361503774800555
 1.426000 0.9397782666834453
 1.427000 0.9390319899756198
 1.428000 0.9387786624872194
 1.429000 0.9361510027714568
 1.430000 0.9397791737542436
 1.431000 0.9390326279742466
 1.432000 0.9387792663771044
 1.433000 0.9361514950566802
 1.434000 0.9397799066713589
 1.435000 0.9390331336543932
 1.436000 0.9387797466182599
 1.437000 0.9361518865963019
 1.438000 0.9397805048937856
 1.439000 0.9390335390232711
 1.440000 0.9387801329459586
 1.441000 0.9361522016507876
 1.442000 0.9397809981076755
 1.443000 0.9390338677653388
 1.444000 0.9387804472931107
 1.445000 0.9361524581180714
 1.446000 0.9397814084612187
 1.447000 0.9390341372509142
 1.448000 0.938780705750692
 1.449000 0.9361526691453862
 1.450000 0.939781752545099
 1.451000 0.9390343602584161
 1.452000 0.9387809201875255
 1.453000 0.9361528444400843
 1.454000 0.939782042932515
 1.455000 0.9390345462896198
 1.456000 0.9387810994650831
 1.457000 0.936152991250317
 1.458000 0.9397822893036999
 1.459000 0.9390347025191251
 1.460000 0.9387812503066015
 1.461000 0.9361531150671978
 1.462000 0.9397824992395566
 1.463000 0.9390348344575107
 1.464000 0.9362964253645865
 1.465000 0.9399093344248389
 1.466000 0.9391280949851222
 1.467000 0.9388495559365005
 1.468000 0.9362034279535676
 1.469000 0.9398108768524391
 1.470000 0.9390595378912097
 1.471000 0.9387972285038001
 1.472000 0.936165230465031
 1.473000 0.9397789964142661
 1.474000 0.939034021825151
 1.475000 0.9387770248324339
 1.476000 0.9361493785757549
 1.477000 0.9397673528872584
 1.478000 0.93902431625499
 1.479000 0.938769682662881
 1.480000 0.9361435804122827
 1.481000 0.9397644514109045
 1.482000 0.9390218165680129
 1.483000 0.9387682668928096
 1.484000 0.9361425494228451
 1.485000 0.9397654237115948
 1.486000 0.9390225212926917
 1.487000 0.9387694094098573
 1.488000 0.9361435633446434
 1.489000 0.9397678497712133
 1.490000 0.9390244080835913
 1.491000 0.9387714153390664
 1.492000 0.9361452443761547
 1.493000 0.9397705571964756
 1.494000 0.9390265055544122
 1.495000 0.9387734900792667
 1.496000 0.9361469545455688
 1.497000 0.939773040011144
 1.498000 0.9390284037674073
 1.499000 0.9387753147614887
 1.500000 0.9361484445852706
