0.0 1.0 1.0
Linear 11 explicit
 0.000000 0.0 0.0 0.0 0.0 0.0 0.0 0.0 0.0 0.0 0.0 0.0
 0.010000 0.011969077045381865 0.024997443542409604 0.002757338958394246 0.007778804279996861 0.00593674104532953 -2.0816681711721685E-17 9.848123734867297E-4 0.002438079904802903 0.0010809766576291928 0.0018672624291240546 0.004437711803593999
 0.020000 6.938893903907228E-18 0.05472034417504227 0.008043629346940653 0.011186983741946507 0.0 0.02277265068284974 4.306799078714141E-4 0.002637716302351649 0.00867308269781835 0.001812062769575972 0.006867648903837589
 0.030000 0.0 0.08054464583269216 0.015711981832402952 0.014406266187597508 -6.938893903907228E-18 0.044568847874881856 7.566149067621893E-4 0.008239243496207367 0.01087990629846719 0.004575938641429661 0.010437430953787814
 0.040000 -2.0816681711721685E-17 0.10158238932650199 0.0211948736347414 0.01685230432544596 3.469446951953614E-18 0.06743380168337659 0.0012599593295609243 0.018864893946678542 0.01100392524887532 0.007808502114000762 0.013984593518800034
 0.050000 4.8759945402315763E-4 0.12034099975898513 0.0246111902220581 0.01944667535676685 -6.938893903907228E-18 0.08836328397390669 0.0018181992224021821 0.03144917759806997 0.010069952767770368 0.010156310076289199 0.017202698455465806
 0.060000 0.001417159659699005 0.13916041162368684 0.026646772327848983 0.022504546579105354 -1.734723475976807E-18 0.10770234728412462 0.0023807000388933576 0.04501431093289099 0.008858935127902312 0.011210198709132424 0.020099830475913384
 0.070000 0.0016986395692753786 0.15986236925263952 0.027641507785094444 0.026193194899332667 -6.938893903907228E-18 0.12632307596914857 0.002862648563967469 0.0604927896891171 0.0074708474389584 0.011139561892627575 0.022745032581547954
 0.080000 0.0014627464017372277 0.18340882440582743 0.02788070337789153 0.03055327213064881 0.0 0.14452666606307402 0.003259727223580244 0.07864900327715302 0.005902626625502616 0.010303559544316235 0.025273563719572623
 0.090000 9.686461344090846E-4 0.20991391952633304 0.027407404142036768 0.03551100936437909 1.3877787807814457E-17 0.1621899038598708 0.0036010385228815427 0.0998635133610911 0.003951840547291391 0.009010690228920697 0.027779698690061527
 0.100000 3.621782528562545E-4 0.23900224928001768 0.02622632094841143 0.040932710813406305 0.0 0.17885765599861345 0.003907983343482747 0.12412433257032221 0.0015371765890616618 0.0075024579576056585 0.030293102185669094
 0.110000 0.0 0.27653542296655137 0.025589419612827916 0.049264340965398445 0.0 0.19862245982881177 0.004271780993140083 0.158275296635516 0.0 0.005695796799332853 0.03451292467757319
 0.120000 0.0 0.30563065099976905 0.02440484343060692 0.05511166469594729 -1.3877787807814457E-17 0.21005820822025395 0.004437521933312573 0.1880794929949065 1.3877787807814457E-17 0.005032093276360495 0.037984473453085144
 0.130000 -1.3877787807814457E-17 0.330244388215794 0.02381736420177144 0.059334285753976354 1.3877787807814457E-17 0.21787071572291722 0.004483251270110325 0.21229010320114292 2.7755575615628914E-17 0.0051787786259160536 0.04057010482855576
 0.140000 -6.938893903907228E-18 0.35342444926352434 0.023903579537120412 0.06318919683032706 -6.938893903907228E-18 0.22752076144665354 0.004534385567634873 0.2346662368544033 0.0 0.005802271787714206 0.043143039004135714
 0.150000 8.673617379884035E-18 0.37703483187471065 0.024609744171936027 0.06742989963698241 5.724587470723463E-17 0.23914572827554995 0.0046057369901253845 0.2576472015481915 1.3877787807814457E-17 0.006364283188654061 0.04611149361305647
 0.160000 -6.938893903907228E-18 0.4012973090935493 0.025560224663829137 0.07195445427259997 1.3877787807814457E-17 0.2502983453028704 0.004673659643006366 0.2810959565493461 -1.9081958235744878E-17 0.006742187586472652 0.04933830773988738
 0.170000 -1.0408340855860843E-17 0.4260704520207113 0.026955078971799787 0.07680249141392773 3.469446951953614E-17 0.26197836283532155 0.004679964270389485 0.3055048816290369 -1.3877787807814457E-17 0.006874958550052985 0.05284783827986558
 0.180000 -4.163336342344337E-17 0.4510089122140085 0.028591628735755215 0.0817592485801239 -2.7755575615628914E-17 0.27363230420810647 0.004648733176866311 0.33012473165220496 6.938893903907228E-18 0.0068705437672449375 0.05654395933095365
 0.190000 8.326672684688674E-17 0.47576671739721127 0.0303912580556807 0.0866451233754566 1.3877787807814457E-17 0.2849313447956102 0.004587170464807974 0.3543916625187613 0.0 0.006851685372978315 0.06030306851054843
 0.200000 4.163336342344337E-17 0.5001069661072786 0.03231941570361635 0.09139553774293946 -1.1102230246251565E-16 0.29591258331529524 0.004507732664157649 0.37803503090219814 0.0 0.006879329389734436 0.06408107797912876
 0.210000 2.7755575615628914E-17 0.523917984319638 0.03438025004134421 0.09601563303830458 8.326672684688674E-17 0.30662694010324487 0.004416580085633061 0.400961614057487 0.0 0.0069504519450068435 0.06787437700330974
 0.220000 1.3877787807814457E-16 0.5471459921576616 0.03658725336499735 0.10052728779368812 -5.551115123125783E-17 0.3170767179114998 0.004314260782819244 0.4231395589007412 2.7755575615628914E-17 0.0070325881278528735 0.07168815911366176
 0.230000 -1.3877787807814457E-16 0.5697550035913574 0.03894423062948427 0.10494270112598551 0.0 0.3272382059320941 0.004199555007238601 0.44454818060106593 -2.7755575615628914E-17 0.007094709642527397 0.07552165440846831
 0.240000 1.6653345369377348E-16 0.5917143118420496 0.04144058902139863 0.1092610175365733 2.7755575615628914E-16 0.3370883473543942 0.004072159578927811 0.4651714198495236 -5.551115123125783E-17 0.007121204816348321 0.07936659753384159
 0.250000 -5.551115123125783E-17 0.6129980474636426 0.04405622172902335 0.11347446186875146 5.551115123125783E-17 0.3466125986201634 0.003933288170921558 0.4850019504510195 5.551115123125783E-17 0.007111222047296625 0.08321072905208282
 0.260000 0.0 0.6335860010949119 0.046768370579881646 0.1175744219926922 -1.1102230246251565E-16 0.35580207013970366 0.0037850825901850384 0.5040415863028131 0.0 0.007071624268218134 0.08704105436585755
 0.270000 5.551115123125783E-17 0.653462712475691 0.049555847216502746 0.1215542534825158 2.7755575615628914E-16 0.3646496723764795 0.003629858285960675 0.52229771890113 -5.551115123125783E-17 0.007010373334580246 0.0908452481015139
 0.280000 0.0 0.6726156664465093 0.05239993793917613 0.12540938570218974 0.0 0.3731486807798809 0.003469676632399766 0.5397793393361763 1.1102230246251565E-16 0.006933205520668187 0.09461164843979325
 0.290000 -1.6653345369377348E-16 0.6910338242544115 0.055283438263331375 0.12913632800293787 -2.220446049250313E-16 0.3812930558996374 0.0033062655112391162 0.5564947166250157 5.551115123125783E-17 0.006843299785477486 0.09832875735532387
 0.300000 -3.3306690738754696E-16 0.7087068935882851 0.05818940764661029 0.1327317293066322 1.1102230246251565E-16 0.3890780964500853 0.0031411175484136813 0.5724507493014159 1.1102230246251565E-16 0.006742375771449677 0.10198484671968028
 0.310000 -5.551115123125783E-17 0.725625111109497 0.061100455793433706 0.1361919050378677 -2.220446049250313E-16 0.39650069402834554 0.0029756099556475166 0.5876531360117134 1.1102230246251565E-16 0.006631857017977652 0.10556783629262417
 0.320000 0.0 0.7417791834837444 0.06399862174871529 0.13951276439337995 -1.1102230246251565E-16 0.40355915459286507 0.0028110751133814324 0.6021066351999425 -1.1102230246251565E-16 0.006513483749753066 0.10906535825168684
 0.330000 0.0 0.7571601839751267 0.06686556643050523 0.1426899210401873 -3.3306690738754696E-16 0.4102528225546347 0.0026488192657256743 0.6158151238069118 1.1102230246251565E-16 0.006389382521275605 0.112464872903
 0.340000 0.0 0.7717593727318331 0.06968280685438799 0.1457188179512196 3.3306690738754696E-16 0.416581709433521 0.002490113847858237 0.6287814823870044 2.220446049250313E-16 0.006261863044350072 0.11575375481457639
 0.350000 -2.220446049250313E-16 0.7855679882140729 0.07243186640545085 0.14859479670376396 1.1102230246251565E-16 0.4225462072431293 0.002336181893199847 0.6410074319493146 1.1102230246251565E-16 0.0061331922296637975 0.11891933516422126
 0.360000 1.1102230246251565E-16 0.7985770553065511 0.07509434095206025 0.15131311272498132 1.1102230246251565E-16 0.42814688008337265 0.0021881899771532334 0.6524934096660917 -1.1102230246251565E-16 0.006005464589371234 0.12194892110890643
 0.370000 3.3306690738754696E-16 0.8107772238605979 0.07765193083191813 0.15386892359357396 4.440892098500626E-16 0.4333842994078303 0.002047246539219172 0.6632385022625911 0.0 0.005880574700871902 0.12482981552179595
 0.380000 5.551115123125783E-16 0.8221586272476438 0.0800864810705737 0.1562572732265951 -4.440892098500626E-16 0.43825889597662027 0.0019144035783120184 0.6732404145393753 0.0 0.005760246850409739 0.1275493476854045
 0.390000 4.440892098500626E-16 0.8327107444566998 0.08238004464072324 0.15847308135760657 0.0 0.44277081751944325 0.001790658939642295 0.6824954436095382 1.1102230246251565E-16 0.005646077347567127 0.13009491321007582
 0.400000 -7.771561172376096E-16 0.8424222549542312 0.08451496278455384 0.1605111377069553 -2.220446049250313E-16 0.44691979140404214 0.001676957966778983 0.6909984410834589 -1.1102230246251565E-16 0.005539566339670801 0.13245401628506348
 0.410000 5.551115123125783E-16 0.8512808833245731 0.0864739501567644 0.1623660967612593 2.220446049250313E-16 0.4507049940708373 0.0015741944742250907 0.6987427588516002 0.0 0.0054421355795878645 0.13461430852829948
 0.420000 1.1102230246251565E-16 0.8592732351280801 0.08824017637596104 0.16403246995415743 -6.661338147750939E-16 0.45412492715598984 0.0014832113827621396 0.7057201812064139 -1.1102230246251565E-16 0.005355138029684167 0.13656362239619702
 0.430000 2.220446049250313E-16 0.8663846258251743 0.08979734214657697 0.16550461415429768 2.220446049250313E-16 0.4571772978049208 0.0014048012350529049 0.7119208466339467 0.0 0.005279865921643173 0.13829000021959004
 0.440000 1.1102230246251565E-16 0.8725989028661503 0.09112975267760381 0.16677671683820738 0.0 0.4598588994709325 0.0013397065649168316 0.7173331599545967 2.220446049250313E-16 0.005217560765774842 0.13978172125553945
 0.450000 2.220446049250313E-16 0.8778982590839868 0.09222239255951781 0.16784277874646414 0.0 0.46216548953908465 0.0012886199467239262 0.7219436926402757 0.0 0.005169425625400195 0.14102732900883175
 0.460000 -4.440892098500626E-16 0.8822630343060841 0.09306100565038822 0.16869659458358682 4.440892098500626E-16 0.46409166070517893 0.0012521835282563315 0.7257370674768705 0.0 0.005136638284987963 0.14201566034809088
 0.470000 2.220446049250313E-16 0.8856715016462227 0.09363218238061255 0.169331731930766 2.220446049250313E-16 0.4656307035194652 0.0012309878879191855 0.7286958232486231 2.220446049250313E-16 0.005120363629739916 0.14273587730879644
 0.480000 -2.220446049250313E-16 0.8880996348508798 0.0939234561588258 0.16974150827932755 -4.440892098500626E-16 0.4667744575880163 0.0012255700912110895 0.7308002551611757 4.440892098500626E-16 0.005121763901567836 0.1431775022118732
 0.490000 2.220446049250313E-16 0.8895208529681213 0.09392341046851027 0.16991896600328044 -2.220446049250313E-16 0.4675131486302472 0.0012364108232553739 0.7320282266973958 0.0 0.0051420058932589024 0.1433304567815178
 0.500000 0.0 0.8899057382916962 0.09362179857325392 0.16985684509177074 -4.440892098500626E-16 0.46783520805620005 0.0012639304456802808 0.7323549482042293 -2.220446049250313E-16 0.005182264315924584 0.14318510614707325
 0.510000 -6.661338147750939E-16 0.8892314128505296 0.09301259764841907 0.169550092418493 0.0 0.46773125318049535 0.001308291383108423 0.7317611031660775 -2.220446049250313E-16 0.005243349851046866 0.142735109293738
 0.520000 -2.220446049250313E-16 0.8875124390843898 0.0921045901321651 0.16900421557233147 2.220446049250313E-16 0.4672061940462202 0.001368708035277194 0.7302600695213208 0.0 0.005324491994762592 0.1419872347155252
 0.530000 6.661338147750939E-16 0.8847778255144199 0.09091793806024429 0.16822979825788298 2.220446049250313E-16 0.46626569304049315 0.0014437090422448062 0.727879265874178 0.0 0.005424246681454498 0.14095710880347145
 0.540000 -2.220446049250313E-16 0.8810536873463681 0.08947602394851684 0.16723674131955296 0.0 0.4649123673385829 0.001531744434005819 0.7246426748056974 -4.440892098500626E-16 0.005541606837178387 0.13966186793931623
 0.550000 -4.440892098500626E-16 0.8763609664623598 0.0878001740701484 0.1660327041204941 -4.440892098500626E-16 0.4631486388364394 0.00163153617395001 0.7205678340604196 2.220446049250313E-16 0.005676111640808265 0.13811673875009067
 0.560000 4.440892098500626E-16 0.8707171270497972 0.08590840293504343 0.16462362365682154 0.0 0.46097779506694525 0.0017421090494524893 0.7156680103203352 2.220446049250313E-16 0.005827481998044087 0.13633468380930414
 0.570000 0.0 0.8641375705001227 0.08381652698276931 0.163014631912202 2.220446049250313E-16 0.4584032631671986 0.001862662603093479 0.7099543158577849 0.0 0.0059953025704715945 0.1343272794681264
 0.580000 -2.220446049250313E-16 0.8566362096319088 0.08153978004860818 0.1612106781304123 0.0 0.4554276249924928 0.001992430481664309 0.7034366384755262 -2.220446049250313E-16 0.006178882351038487 0.13210568751342888
 0.590000 -4.440892098500626E-16 0.8482255781436843 0.07909394961026317 0.15921677403302392 -2.220446049250313E-16 0.45205207363779987 0.0021305923410336602 0.6961237351114556 -4.440892098500626E-16 0.006377241636059447 0.12968127988193845
 0.600000 2.220446049250313E-16 0.8389168185091317 0.07649584412148269 0.15703800529226736 -2.220446049250313E-16 0.44827632340147494 0.0022762425478088655 0.6880230059558236 -2.220446049250313E-16 0.006589146446213223 0.12706588603626823
 0.610000 1.1102230246251565E-16 0.8287197056008808 0.07376328364241003 0.15467945983180992 2.220446049250313E-16 0.4440987588593708 0.0024283940076593735 0.6791402619140638 2.220446049250313E-16 0.006813141051379479 0.12427179119679088
 0.620000 -4.440892098500626E-16 0.8176427392933174 0.07091487256402895 0.15214615911447693 2.220446049250313E-16 0.43951663549876574 0.0025859940179942115 0.6694795964991662 0.0 0.007047562234003851 0.1213116248907955
 0.630000 -1.1102230246251565E-16 0.805693288486342 0.06796973668591555 0.1494430197649747 2.220446049250313E-16 0.43452623676126656 0.002747937815288981 0.6590433600201216 1.1102230246251565E-16 0.0072905381662423385 0.11819823264328044
 0.640000 -1.1102230246251565E-16 0.7928777602267897 0.06494730764576762 0.14657484152680633 0.0 0.42912296558812024 0.002913074758220738 0.6478321946885682 -1.1102230246251565E-16 0.007539980811019503 0.11494457204245945
 0.650000 -5.551115123125783E-16 0.7792017750999498 0.061867168228237235 0.14354630854582423 2.220446049250313E-16 0.42330138486793134 0.00308020784353058 0.635845090260446 1.1102230246251565E-16 0.00779357946584569 0.11156363932333213
 0.660000 -2.220446049250313E-16 0.7646703403091057 0.058748940259600646 0.14036199309356212 -2.220446049250313E-16 0.417055230090038 0.003248089309076163 0.6230794351590155 0.0 0.00804879962868743 0.10806841647567278
 0.670000 -2.220446049250313E-16 0.7492880197850381 0.05561219146571039 0.13702635588535705 0.0 0.41037741320758847 0.003415414832828978 0.6095310536887794 1.1102230246251565E-16 0.008302888543015433 0.10447182609284189
 0.680000 1.1102230246251565E-16 0.7330591053956128 0.05247634486897346 0.13354374132223457 -2.220446049250313E-16 0.40326002942044203 0.0035808177529402935 0.5951942307255769 0.0 0.008552887334908249 0.1007866848790806
 0.690000 -1.1102230246251565E-16 0.715987795641106 0.049360584106320715 0.12991836841714993 2.220446049250313E-16 0.39569437332820645 0.003742863728174582 0.580061730821398 0.0 0.008795649319264354 0.09702565189502743
 0.700000 0.0 0.6980783893388736 0.04628375563775622 0.1261543192289032 -1.1102230246251565E-16 0.3876709690665624 0.0039000456674679676 0.5641248206864685 2.220446049250313E-16 0.009027864293116208 0.09320117167687203
 0.710000 1.1102230246251565E-16 0.6793355028371362 0.043264273055859226 0.1222555269537029 -3.3306690738754696E-16 0.37917962022748786 0.004050778556757416 0.5473733045700284 2.220446049250313E-16 0.009246089046795664 0.0893254146566983
 0.720000 0.0 0.6597643210853641 0.04032003034606846 0.11822576592315229 -1.1102230246251565E-16 0.3702094887127164 0.004193393841141313 0.5297955828269187 0.0 0.009446784726449622 0.08541021821798733
 0.730000 -1.1102230246251565E-16 0.6393708960073873 0.0374683312422569 0.11406864594906224 -1.1102230246251565E-16 0.3607492165302054 0.004326133131432153 0.5113787460510524 1.1102230246251565E-16 0.009626362067502933 0.08146703193308186
 0.740000 1.1102230246251565E-16 0.618162510533921 0.03472584181614047 0.10978761392346434 -4.440892098500626E-16 0.3507871107185978 0.004447141112568075 0.4921087213182579 0.0 0.009781235976990432 0.07750687064606826
 0.750000 5.551115123125783E-17 0.5961481338711361 0.03210857373348741 0.10538596644392886 2.220446049250313E-16 0.3403114193056086 0.004554457618552686 0.47197049398355606 0.0 0.00990789160061896 0.07354027945508973
 0.760000 -1.1102230246251565E-16 0.5733390038541911 0.02963190641442559 0.1008668786100711 0.0 0.32931073600643146 0.004646008930064033 0.4509484390793598 1.1102230246251565E-16 0.010002965010349543 0.06957731549374613
 0.770000 -2.7755575615628914E-16 0.5497493866672831 0.0273106575959835 0.0962334562118172 0.0 0.31777458392752134 0.00471959849869838 0.42902681227006284 0.0 0.010063343150384263 0.0656275528048702
 0.780000 5.551115123125783E-17 0.5253975843921262 0.02515921327654802 0.09148882161616084 1.1102230246251565E-16 0.3056942444866765 0.004772897580210839 0.4061904742150606 0.0 0.010086289871239745 0.0617001186417408
 0.790000 1.1102230246251565E-16 0.5003072889049566 0.023191729243800085 0.08663624826593767 0.0 0.2930639173696819 0.004803436776715419 0.38242595843276805 -5.551115123125783E-17 0.010069607982459539 0.05780377238536122
 0.800000 1.1102230246251565E-16 0.4745094191556992 0.021422416345471373 0.08167936561840536 1.6653345369377348E-16 0.27988231996613006 0.004808600416481901 0.35772304828846124 5.551115123125783E-17 0.010011851482975481 0.053947042163288966
 0.810000 5.551115123125783E-17 0.4480446303280737 0.01986591817690936 0.07662246672660908 -1.6653345369377348E-16 0.2661548576674265 0.004785627325362918 0.3320771145120697 0.0 0.00991260758797051 0.050138439422367787
 0.820000 -8.326672684688674E-17 0.42096674853016247 0.018537778273409855 0.07147096607633627 1.1102230246251565E-16 0.25189651280884445 0.004731624346243336 0.30549259774564075 0.0 0.009772874540441859 0.046386778144845764
 0.830000 -1.3877787807814457E-16 0.3933264320630797 0.01749520815355221 0.06623971634300423 -1.6653345369377348E-16 0.23728088040384793 0.004640857984368512 0.2780789772104665 1.6690930051055375E-4 0.009637389139537926 0.04273564202134747
 0.840000 -2.7755575615628914E-17 0.3649369323449362 0.017539898980538177 0.06109807339671827 0.0 0.22521694258580005 0.0044642164882136015 0.2517630874504505 0.003596304507584497 0.010312404060695453 0.03985164154614532
 0.850000 2.7755575615628914E-17 0.33789798472886323 0.01835418113132345 0.056163530759520734 -8.326672684688674E-17 0.21293633396209372 0.004244932953595607 0.22622135893178755 0.006194893426006903 0.011065948397242738 0.03729746214483559
 0.860000 -9.71445146547012E-17 0.3112571071948629 0.019121322021069115 0.051224626848108315 2.7755575615628914E-17 0.20037983436375445 0.004026321213641099 0.20085096846159184 0.008210978956209258 0.01162472631951817 0.03474177379697076
 0.870000 -1.3877787807814457E-17 0.2849065525315688 0.019940872097559847 0.04644306991133174 -2.7755575615628914E-17 0.18856315454335723 0.0037717625617812774 0.17624435670091393 0.009821596274462413 0.011948646183771082 0.032247638316556373
 0.880000 6.938893903907228E-17 0.2587479122246987 0.020380711422330805 0.041551628278885894 2.7755575615628914E-17 0.17560335432562887 0.003549392782407141 0.15172039766508658 0.010931652679870688 0.012145097445849483 0.029601493991335853
 0.890000 0.0 0.23267699197427008 0.0205730394171304 0.03665637069939373 0.0 0.16186454244904216 0.0033230361955112666 0.127693809435639 0.011851469305242876 0.012261200340222718 0.0268749242114139
 0.900000 -2.7755575615628914E-17 0.20800349403911877 0.02061421757441275 0.03244901205671387 -4.85722573273506E-17 0.1472795385927574 0.003076068460855292 0.10578473488880885 0.012094267915410694 0.012001576903593969 0.02439051374493931
 0.910000 0.0 0.17452418138755044 0.021070513894288153 0.02637105165120821 2.42861286636753E-17 0.13061741465993973 0.002689472240927447 0.08063408753989566 0.017173486013810278 0.01334949864770975 0.021797174054585512
 0.920000 -3.469446951953614E-18 0.14124636248445724 0.02203676548588955 0.02026676506727864 -1.0408340855860843E-17 0.11182101195831093 0.0022665700737131986 0.05686614274769253 0.020847015836385346 0.014713825198126829 0.01912022100825869
 0.930000 -3.469446951953614E-18 0.11101038791006802 0.021982871644023322 0.014879686359458303 3.469446951953614E-18 0.09186221872864458 0.001880676515452249 0.036758929195587674 0.021870616770058377 0.015061651711561496 0.016315240346646075
 0.940000 -3.469446951953614E-18 0.0841951974124596 0.02024467397657201 0.010488026829585276 3.469446951953614E-18 0.07137424400596107 0.001534589765286466 0.021264795147836735 0.02062647624936512 0.014189986217515065 0.013383152227696812
 0.950000 3.469446951953614E-18 0.0604899634013924 0.01682296470005544 0.007054834190452783 1.0408340855860843E-17 0.05079520613530882 0.0012047064323418971 0.01047770207629661 0.01812361707980875 0.01230881565390041 0.010360567004944327
 0.960000 2.0978523370424398E-4 0.039712086846203844 0.01172951562925259 0.004380305935391472 0.005749079543927202 0.032456098548542346 9.000922414498096E-4 0.0035329207065580006 0.01497886073722627 0.009487882630910716 0.007251722920022597
 0.970000 9.376312421497373E-4 0.02141599595189431 0.006024921152500737 0.0022723606806037337 0.012140719811991649 0.016493621105984464 6.716534601985948E-4 1.734723475976807E-18 0.011883578672585665 0.006273880256740966 0.004308600369744485
 0.980000 0.0197684342933701 2.168404344971009E-18 7.91967925961542E-4 0.0010712449084131965 0.020062595834926242 0.0072763548462691525 0.0024067714714319454 -2.2090619264392153E-18 0.005544769885542192 0.001506720208515873 0.0022424463647484883
 0.990000 -1.214306433183765E-17 -1.9081958235744878E-17 1.0408340855860843E-17 3.572186282749098E-4 0.021663647384284425 0.0051113472736026636 8.802920240043643E-4 2.233456475320139E-17 0.009327462444087702 0.0022521381300944082 0.0014240637265292315
 1.000000 2.6020852139652106E-18 -1.734723475976807E-18 -3.469446951953614E-18 6.380983670131726E-4 0.025040243570387734 2.7755575615628914E-17 5.264125007284645E-4 -1.3660947373317356E-17 0.015671737603875233 0.002705418464346061 0.0014757966279867665
