0 1.510600e+10 1.0
Linear 4 explicit
   0.0000000e+00   1.0000000e+00   0.0000000e+00   0.0000000e+00   0.0000000e+00
   1.5000000e-02   1.0000000e+00   0.0000000e+00   0.0000000e+00   1.0000000e-02
   3.0000000e-02   1.0000000e+00   0.0000000e+00   0.0000000e+00   2.0000000e-02
   4.5000000e-02   1.0000000e+00   0.0000000e+00   0.0000000e+00   3.0000000e-02
   5.9000000e-02   1.0000000e+00   0.0000000e+00   0.0000000e+00   4.0000000e-02
   7.4000000e-02   1.0000000e+00   0.0000000e+00   0.0000000e+00   4.0000000e-02
   8.9000000e-02   1.0000000e+00   0.0000000e+00   0.0000000e+00   4.0000000e-02
   1.0400000e-01   1.0000000e+00   0.0000000e+00   0.0000000e+00   5.0000000e-02
   1.1900000e-01   1.0000000e+00   0.0000000e+00   0.0000000e+00   5.0000000e-02
   1.3400000e-01   1.0000000e+00   0.0000000e+00   0.0000000e+00   6.0000000e-02
   1.4900000e-01   1.0000000e+00   0.0000000e+00   0.0000000e+00   6.0000000e-02
   1.6400000e-01   1.0000000e+00   0.0000000e+00   0.0000000e+00   7.0000000e-02
   1.7800000e-01   1.0000000e+00   0.0000000e+00   0.0000000e+00   7.0000000e-02
   1.9300000e-01   1.0000000e+00   0.0000000e+00   0.0000000e+00   8.0000000e-02
   2.0800000e-01   1.0000000e+00   0.0000000e+00   0.0000000e+00   8.0000000e-02
   2.2300000e-01   1.0000000e+00   0.0000000e+00   0.0000000e+00   8.0000000e-02
   2.3800000e-01   1.0000000e+00   0.0000000e+00   0.0000000e+00   8.0000000e-02
   2.5300000e-01   1.0000000e+00   0.0000000e+00   0.0000000e+00   8.0000000e-02
   2.6800000e-01   1.0000000e+00   0.0000000e+00   0.0000000e+00   9.0000000e-02
   2.8300000e-01   1.0000000e+00   0.0000000e+00   0.0000000e+00   8.0000000e-02
   2.9700000e-01   1.0000000e+00   0.0000000e+00   0.0000000e+00   8.0000000e-02
   3.1200000e-01   1.0000000e+00   0.0000000e+00   0.0000000e+00   8.0000000e-02
   3.2700000e-01   1.0000000e+00   0.0000000e+00   0.0000000e+00   8.0000000e-02
   3.4200000e-01   1.0000000e+00   0.0000000e+00   0.0000000e+00   8.0000000e-02
   3.5700000e-01   1.0000000e+00   0.0000000e+00   0.0000000e+00   8.0000000e-02
   3.7200000e-01   1.0000000e+00   0.0000000e+00   0.0000000e+00   8.0000000e-02
   3.8700000e-01   1.0000000e+00   0.0000000e+00   0.0000000e+00   8.0000000e-02
   4.0100000e-01   1.0000000e+00   0.0000000e+00   0.0000000e+00   8.0000000e-02
   4.1600000e-01   1.0000000e+00   0.0000000e+00   0.0000000e+00   8.0000000e-02
   4.3100000e-01   1.0000000e+00   0.0000000e+00   0.0000000e+00   8.0000000e-02
   4.4600000e-01   1.0000000e+00   0.0000000e+00   0.0000000e+00   7.0000000e-02
   4.6100000e-01   1.0000000e+00   0.0000000e+00   0.0000000e+00   7.0000000e-02
   4.7600000e-01   1.0000000e+00   0.0000000e+00   0.0000000e+00   7.0000000e-02
   4.9100000e-01   1.0000000e+00   0.0000000e+00   0.0000000e+00   7.0000000e-02
   5.0600000e-01   1.0000000e+00   0.0000000e+00   0.0000000e+00   7.0000000e-02
   5.2000000e-01   1.0000000e+00   0.0000000e+00   0.0000000e+00   7.0000000e-02
   5.3500000e-01   1.0000000e+00   0.0000000e+00   0.0000000e+00   7.0000000e-02
   5.5000000e-01   1.0000000e+00   0.0000000e+00   0.0000000e+00   7.0000000e-02
   5.6500000e-01   1.0000000e+00   0.0000000e+00   0.0000000e+00   6.0000000e-02
   5.8000000e-01   1.0000000e+00   0.0000000e+00   0.0000000e+00   6.0000000e-02
   5.9500000e-01   1.0000000e+00   0.0000000e+00   0.0000000e+00   6.0000000e-02
   6.1000000e-01   1.0000000e+00   0.0000000e+00   0.0000000e+00   6.0000000e-02
   6.2400000e-01   1.0000000e+00   0.0000000e+00   0.0000000e+00   6.0000000e-02
   6.3900000e-01   1.0000000e+00   0.0000000e+00   0.0000000e+00   6.0000000e-02
   6.5400000e-01   1.0000000e+00   0.0000000e+00   0.0000000e+00   6.0000000e-02
   6.6900000e-01   1.0000000e+00   0.0000000e+00   0.0000000e+00   6.0000000e-02
   6.8400000e-01   1.0000000e+00   0.0000000e+00   0.0000000e+00   7.0000000e-02
   6.9900000e-01   1.0000000e+00   0.0000000e+00   0.0000000e+00   7.0000000e-02
   7.1400000e-01   1.0000000e+00   0.0000000e+00   0.0000000e+00   7.0000000e-02
   7.2900000e-01   1.0000000e+00   0.0000000e+00   0.0000000e+00   7.0000000e-02
   7.4300000e-01   1.0000000e+00   0.0000000e+00   0.0000000e+00   7.0000000e-02
   7.5800000e-01   1.0000000e+00   0.0000000e+00   0.0000000e+00   8.0000000e-02
   7.7300000e-01   1.0000000e+00   0.0000000e+00   0.0000000e+00   8.0000000e-02
   7.8800000e-01   1.0000000e+00   0.0000000e+00   0.0000000e+00   8.0000000e-02
   8.0300000e-01   1.0000000e+00   0.0000000e+00   0.0000000e+00   8.0000000e-02
   8.1800000e-01   1.0000000e+00   0.0000000e+00   0.0000000e+00   9.0000000e-02
   8.3300000e-01   1.0000000e+00   0.0000000e+00   0.0000000e+00   9.0000000e-02
   8.4800000e-01   1.0000000e+00   0.0000000e+00   0.0000000e+00   1.0000000e-01
   8.6200000e-01   1.0000000e+00   0.0000000e+00   0.0000000e+00   1.0000000e-01
   8.7700000e-01   1.0000000e+00   0.0000000e+00   0.0000000e+00   1.1000000e-01
   8.9200000e-01   1.0000000e+00   0.0000000e+00   0.0000000e+00   1.1000000e-01
   9.0700000e-01   1.0000000e+00   0.0000000e+00   0.0000000e+00   1.0000000e-01
   9.2200000e-01   1.0000000e+00   0.0000000e+00   0.0000000e+00   9.0000000e-02
   9.3700000e-01   1.0000000e+00   0.0000000e+00   0.0000000e+00   8.0000000e-02
   9.5200000e-01   1.0000000e+00   0.0000000e+00   0.0000000e+00   7.0000000e-02
   9.6600000e-01   1.0000000e+00   0.0000000e+00   0.0000000e+00   6.0000000e-02
   9.8100000e-01   1.0000000e+00   0.0000000e+00   0.0000000e+00   6.0000000e-02
   9.9600000e-01   1.0000000e+00   0.0000000e+00   0.0000000e+00   5.0000000e-02
   1.0110000e+00   1.0000000e+00   0.0000000e+00   0.0000000e+00   5.0000000e-02
   1.0260000e+00   1.0000000e+00   0.0000000e+00   0.0000000e+00   5.0000000e-02
   1.0410000e+00   1.0000000e+00   0.0000000e+00   0.0000000e+00   5.0000000e-02
   1.0560000e+00   1.0000000e+00   0.0000000e+00   0.0000000e+00   5.0000000e-02
   1.0710000e+00   1.0000000e+00   0.0000000e+00   0.0000000e+00   6.0000000e-02
   1.0850000e+00   1.0000000e+00   0.0000000e+00   0.0000000e+00   6.0000000e-02
   1.1000000e+00   1.0000000e+00   0.0000000e+00   0.0000000e+00   6.0000000e-02
   1.1150000e+00   1.0000000e+00   0.0000000e+00   0.0000000e+00   7.0000000e-02
   1.1300000e+00   1.0000000e+00   0.0000000e+00   0.0000000e+00   7.0000000e-02
   1.1450000e+00   1.0000000e+00   0.0000000e+00   0.0000000e+00   8.0000000e-02
   1.1600000e+00   1.0000000e+00   0.0000000e+00   0.0000000e+00   8.0000000e-02
   1.1750000e+00   1.0000000e+00   0.0000000e+00   0.0000000e+00   9.0000000e-02
   1.1890000e+00   1.0000000e+00   0.0000000e+00   0.0000000e+00   9.0000000e-02
   1.2040000e+00   1.0000000e+00   0.0000000e+00   0.0000000e+00   9.0000000e-02
   1.2190000e+00   1.0000000e+00   0.0000000e+00   0.0000000e+00   9.0000000e-02
   1.2340000e+00   1.0000000e+00   0.0000000e+00   0.0000000e+00   9.0000000e-02
   1.2490000e+00   1.0000000e+00   0.0000000e+00   0.0000000e+00   9.0000000e-02
   1.2640000e+00   1.0000000e+00   0.0000000e+00   0.0000000e+00   9.0000000e-02
   1.2790000e+00   1.0000000e+00   0.0000000e+00   0.0000000e+00   8.0000000e-02
   1.2940000e+00   1.0000000e+00   0.0000000e+00   0.0000000e+00   8.0000000e-02
   1.3080000e+00   1.0000000e+00   0.0000000e+00   0.0000000e+00   8.0000000e-02
   1.3230000e+00   1.0000000e+00   0.0000000e+00   0.0000000e+00   9.0000000e-02
   1.3380000e+00   1.0000000e+00   0.0000000e+00   0.0000000e+00   9.0000000e-02
   1.3530000e+00   1.0000000e+00   0.0000000e+00   0.0000000e+00   1.0000000e-01
   1.3680000e+00   1.0000000e+00   0.0000000e+00   0.0000000e+00   1.0000000e-01
   1.3830000e+00   1.0000000e+00   0.0000000e+00   0.0000000e+00   1.0000000e-01
   1.3980000e+00   1.0000000e+00   0.0000000e+00   0.0000000e+00   1.0000000e-01
   1.4130000e+00   1.0000000e+00   0.0000000e+00   0.0000000e+00   9.0000000e-02
   1.4270000e+00   1.0000000e+00   0.0000000e+00   0.0000000e+00   9.0000000e-02
   1.4420000e+00   1.0000000e+00   0.0000000e+00   0.0000000e+00   8.0000000e-02
   1.4570000e+00   1.0000000e+00   0.0000000e+00   0.0000000e+00   8.0000000e-02
   1.4720000e+00   1.0000000e+00   0.0000000e+00   0.0000000e+00   7.0000000e-02
   1.4870000e+00   1.0000000e+00   0.0000000e+00   0.0000000e+00   7.0000000e-02
   1.5020000e+00   1.0000000e+00   0.0000000e+00   0.0000000e+00   8.0000000e-02
   1.5170000e+00   1.0000000e+00   0.0000000e+00   0.0000000e+00   8.0000000e-02
   1.5310000e+00   1.0000000e+00   0.0000000e+00   0.0000000e+00   9.0000000e-02
   1.5460000e+00   1.0000000e+00   0.0000000e+00   0.0000000e+00   1.0000000e-01
   1.5610000e+00   1.0000000e+00   0.0000000e+00   0.0000000e+00   1.0000000e-01
   1.5760000e+00   1.0000000e+00   0.0000000e+00   0.0000000e+00   1.1000000e-01
   1.5910000e+00   1.0000000e+00   0.0000000e+00   0.0000000e+00   1.1000000e-01
   1.6060000e+00   1.0000000e+00   0.0000000e+00   0.0000000e+00   1.0000000e-01
   1.6210000e+00   1.0000000e+00   0.0000000e+00   0.0000000e+00   1.0000000e-01
   1.6360000e+00   1.0000000e+00   0.0000000e+00   0.0000000e+00   9.0000000e-02
   1.6500000e+00   1.0000000e+00   0.0000000e+00   0.0000000e+00   8.0000000e-02
   1.6650000e+00   1.0000000e+00   0.0000000e+00   0.0000000e+00   8.0000000e-02
   1.6800000e+00   1.0000000e+00   0.0000000e+00   0.0000000e+00   7.0000000e-02
   1.6950000e+00   1.0000000e+00   0.0000000e+00   0.0000000e+00   7.0000000e-02
   1.7100000e+00   1.0000000e+00   0.0000000e+00   0.0000000e+00   6.0000000e-02
   1.7250000e+00   1.0000000e+00   0.0000000e+00   0.0000000e+00   6.0000000e-02
   1.7400000e+00   1.0000000e+00   0.0000000e+00   0.0000000e+00   7.0000000e-02
   1.7540000e+00   1.0000000e+00   0.0000000e+00   0.0000000e+00   7.0000000e-02
   1.7690000e+00   1.0000000e+00   0.0000000e+00   0.0000000e+00   7.0000000e-02
   1.7840000e+00   1.0000000e+00   0.0000000e+00   0.0000000e+00   7.0000000e-02
   1.7990000e+00   1.0000000e+00   0.0000000e+00   0.0000000e+00   7.0000000e-02
   1.8140000e+00   1.0000000e+00   0.0000000e+00   0.0000000e+00   7.0000000e-02
   1.8290000e+00   1.0000000e+00   0.0000000e+00   0.0000000e+00   7.0000000e-02
   1.8440000e+00   1.0000000e+00   0.0000000e+00   0.0000000e+00   7.0000000e-02
   1.8590000e+00   1.0000000e+00   0.0000000e+00   0.0000000e+00   8.0000000e-02
   1.8730000e+00   1.0000000e+00   0.0000000e+00   0.0000000e+00   8.0000000e-02
   1.8880000e+00   1.0000000e+00   0.0000000e+00   0.0000000e+00   8.0000000e-02
   1.9030000e+00   1.0000000e+00   0.0000000e+00   0.0000000e+00   8.0000000e-02
   1.9180000e+00   1.0000000e+00   0.0000000e+00   0.0000000e+00   8.0000000e-02
   1.9330000e+00   1.0000000e+00   0.0000000e+00   0.0000000e+00   8.0000000e-02
   1.9480000e+00   1.0000000e+00   0.0000000e+00   0.0000000e+00   8.0000000e-02
   1.9630000e+00   1.0000000e+00   0.0000000e+00   0.0000000e+00   8.0000000e-02
   1.9780000e+00   1.0000000e+00   0.0000000e+00   0.0000000e+00   7.0000000e-02
   1.9920000e+00   1.0000000e+00   0.0000000e+00   0.0000000e+00   7.0000000e-02
   2.0070000e+00   1.0000000e+00   0.0000000e+00   0.0000000e+00   7.0000000e-02
   2.0220000e+00   1.0000000e+00   0.0000000e+00   0.0000000e+00   8.0000000e-02
   2.0370000e+00   1.0000000e+00   0.0000000e+00   0.0000000e+00   8.0000000e-02
   2.0520000e+00   1.0000000e+00   0.0000000e+00   0.0000000e+00   8.0000000e-02
   2.0670000e+00   1.0000000e+00   0.0000000e+00   0.0000000e+00   9.0000000e-02
   2.0820000e+00   1.0000000e+00   0.0000000e+00   0.0000000e+00   1.0000000e-01
   2.0960000e+00   1.0000000e+00   0.0000000e+00   0.0000000e+00   1.0000000e-01
   2.1110000e+00   1.0000000e+00   0.0000000e+00   0.0000000e+00   1.0000000e-01
   2.1260000e+00   1.0000000e+00   0.0000000e+00   0.0000000e+00   1.0000000e-01
   2.1410000e+00   1.0000000e+00   0.0000000e+00   0.0000000e+00   1.0000000e-01
   2.1560000e+00   1.0000000e+00   0.0000000e+00   0.0000000e+00   9.0000000e-02
   2.1710000e+00   1.0000000e+00   0.0000000e+00   0.0000000e+00   9.0000000e-02
   2.1860000e+00   1.0000000e+00   0.0000000e+00   0.0000000e+00   8.0000000e-02
   2.2010000e+00   1.0000000e+00   0.0000000e+00   0.0000000e+00   8.0000000e-02
   2.2150000e+00   1.0000000e+00   0.0000000e+00   0.0000000e+00   7.0000000e-02
   2.2300000e+00   1.0000000e+00   0.0000000e+00   0.0000000e+00   7.0000000e-02
   2.2450000e+00   1.0000000e+00   0.0000000e+00   0.0000000e+00   7.0000000e-02
   2.2600000e+00   1.0000000e+00   0.0000000e+00   0.0000000e+00   7.0000000e-02
   2.2750000e+00   1.0000000e+00   0.0000000e+00   0.0000000e+00   7.0000000e-02
   2.2900000e+00   1.0000000e+00   0.0000000e+00   0.0000000e+00   6.0000000e-02
   2.3050000e+00   1.0000000e+00   0.0000000e+00   0.0000000e+00   6.0000000e-02
   2.3200000e+00   1.0000000e+00   0.0000000e+00   0.0000000e+00   6.0000000e-02
   2.3340000e+00   1.0000000e+00   0.0000000e+00   0.0000000e+00   6.0000000e-02
   2.3490000e+00   1.0000000e+00   0.0000000e+00   0.0000000e+00   6.0000000e-02
   2.3640000e+00   1.0000000e+00   0.0000000e+00   0.0000000e+00   6.0000000e-02
   2.3790000e+00   1.0000000e+00   0.0000000e+00   0.0000000e+00   6.0000000e-02
   2.3940000e+00   1.0000000e+00   0.0000000e+00   0.0000000e+00   6.0000000e-02
   2.4090000e+00   1.0000000e+00   0.0000000e+00   0.0000000e+00   6.0000000e-02
   2.4240000e+00   1.0000000e+00   0.0000000e+00   0.0000000e+00   6.0000000e-02
   2.4380000e+00   1.0000000e+00   0.0000000e+00   0.0000000e+00   5.0000000e-02
   2.4530000e+00   1.0000000e+00   0.0000000e+00   0.0000000e+00   5.0000000e-02
   2.4680000e+00   1.0000000e+00   0.0000000e+00   0.0000000e+00   4.0000000e-02
   2.4830000e+00   1.0000000e+00   0.0000000e+00   0.0000000e+00   4.0000000e-02
   2.4980000e+00   1.0000000e+00   0.0000000e+00   0.0000000e+00   4.0000000e-02
   2.5130000e+00   1.0000000e+00   0.0000000e+00   0.0000000e+00   4.0000000e-02
   2.5280000e+00   1.0000000e+00   0.0000000e+00   0.0000000e+00   4.0000000e-02
   2.5430000e+00   1.0000000e+00   0.0000000e+00   0.0000000e+00   4.0000000e-02
   2.5570000e+00   1.0000000e+00   0.0000000e+00   0.0000000e+00   4.0000000e-02
   2.5720000e+00   1.0000000e+00   0.0000000e+00   0.0000000e+00   4.0000000e-02
   2.5870000e+00   1.0000000e+00   0.0000000e+00   0.0000000e+00   5.0000000e-02
   2.6020000e+00   1.0000000e+00   0.0000000e+00   0.0000000e+00   5.0000000e-02
   2.6170000e+00   1.0000000e+00   0.0000000e+00   0.0000000e+00   5.0000000e-02
   2.6320000e+00   1.0000000e+00   0.0000000e+00   0.0000000e+00   6.0000000e-02
   2.6470000e+00   1.0000000e+00   0.0000000e+00   0.0000000e+00   6.0000000e-02
   2.6610000e+00   1.0000000e+00   0.0000000e+00   0.0000000e+00   7.0000000e-02
   2.6760000e+00   1.0000000e+00   0.0000000e+00   0.0000000e+00   7.0000000e-02
   2.6910000e+00   1.0000000e+00   0.0000000e+00   0.0000000e+00   7.0000000e-02
   2.7060000e+00   1.0000000e+00   0.0000000e+00   0.0000000e+00   8.0000000e-02
   2.7210000e+00   1.0000000e+00   0.0000000e+00   0.0000000e+00   8.0000000e-02
   2.7360000e+00   1.0000000e+00   0.0000000e+00   0.0000000e+00   8.0000000e-02
   2.7510000e+00   1.0000000e+00   0.0000000e+00   0.0000000e+00   8.0000000e-02
   2.7660000e+00   1.0000000e+00   0.0000000e+00   0.0000000e+00   9.0000000e-02
   2.7800000e+00   1.0000000e+00   0.0000000e+00   0.0000000e+00   9.0000000e-02
   2.7950000e+00   1.0000000e+00   0.0000000e+00   0.0000000e+00   1.0000000e-01
   2.8100000e+00   1.0000000e+00   0.0000000e+00   0.0000000e+00   1.0000000e-01
   2.8250000e+00   1.0000000e+00   0.0000000e+00   0.0000000e+00   1.0000000e-01
   2.8400000e+00   1.0000000e+00   0.0000000e+00   0.0000000e+00   1.1000000e-01
   2.8550000e+00   1.0000000e+00   0.0000000e+00   0.0000000e+00   1.1000000e-01
   2.8700000e+00   1.0000000e+00   0.0000000e+00   0.0000000e+00   1.0000000e-01
   2.8850000e+00   1.0000000e+00   0.0000000e+00   0.0000000e+00   1.0000000e-01
   2.8990000e+00   1.0000000e+00   0.0000000e+00   0.0000000e+00   1.0000000e-01
   2.9140000e+00   1.0000000e+00   0.0000000e+00   0.0000000e+00   1.0000000e-01
   2.9290000e+00   1.0000000e+00   0.0000000e+00   0.0000000e+00   9.0000000e-02
   2.9440000e+00   1.0000000e+00   0.0000000e+00   0.0000000e+00   9.0000000e-02
   2.9590000e+00   1.0000000e+00   0.0000000e+00   0.0000000e+00   9.0000000e-02
   2.9740000e+00   1.0000000e+00   0.0000000e+00   0.0000000e+00   9.0000000e-02
   2.9890000e+00   1.0000000e+00   0.0000000e+00   0.0000000e+00   1.0000000e-01
   3.0030000e+00   1.0000000e+00   0.0000000e+00   0.0000000e+00   1.0000000e-01
   3.0180000e+00   1.0000000e+00   0.0000000e+00   0.0000000e+00   1.0000000e-01
   3.0330000e+00   1.0000000e+00   0.0000000e+00   0.0000000e+00   1.0000000e-01
   3.0480000e+00   1.0000000e+00   0.0000000e+00   0.0000000e+00   9.0000000e-02
   3.0630000e+00   1.0000000e+00   0.0000000e+00   0.0000000e+00   9.0000000e-02
   3.0780000e+00   1.0000000e+00   0.0000000e+00   0.0000000e+00   9.0000000e-02
   3.0930000e+00   1.0000000e+00   0.0000000e+00   0.0000000e+00   9.0000000e-02
   3.1080000e+00   1.0000000e+00   0.0000000e+00   0.0000000e+00   9.0000000e-02
   3.1220000e+00   1.0000000e+00   0.0000000e+00   0.0000000e+00   8.0000000e-02
   3.1370000e+00   1.0000000e+00   0.0000000e+00   0.0000000e+00   9.0000000e-02
   3.1520000e+00   1.0000000e+00   0.0000000e+00   0.0000000e+00   9.0000000e-02
   3.1670000e+00   1.0000000e+00   0.0000000e+00   0.0000000e+00   9.0000000e-02
   3.1820000e+00   1.0000000e+00   0.0000000e+00   0.0000000e+00   1.0000000e-01
   3.1970000e+00   1.0000000e+00   0.0000000e+00   0.0000000e+00   1.0000000e-01
   3.2120000e+00   1.0000000e+00   0.0000000e+00   0.0000000e+00   1.0000000e-01
   3.2260000e+00   1.0000000e+00   0.0000000e+00   0.0000000e+00   1.1000000e-01
   3.2410000e+00   1.0000000e+00   0.0000000e+00   0.0000000e+00   1.1000000e-01
   3.2560000e+00   1.0000000e+00   0.0000000e+00   0.0000000e+00   1.1000000e-01
   3.2710000e+00   1.0000000e+00   0.0000000e+00   0.0000000e+00   1.0000000e-01
   3.2860000e+00   1.0000000e+00   0.0000000e+00   0.0000000e+00   1.0000000e-01
   3.3010000e+00   1.0000000e+00   0.0000000e+00   0.0000000e+00   9.0000000e-02
   3.3160000e+00   1.0000000e+00   0.0000000e+00   0.0000000e+00   9.0000000e-02
   3.3310000e+00   1.0000000e+00   0.0000000e+00   0.0000000e+00   8.0000000e-02
   3.3450000e+00   1.0000000e+00   0.0000000e+00   0.0000000e+00   7.0000000e-02
   3.3600000e+00   1.0000000e+00   0.0000000e+00   0.0000000e+00   7.0000000e-02
   3.3750000e+00   1.0000000e+00   0.0000000e+00   0.0000000e+00   7.0000000e-02
   3.3900000e+00   1.0000000e+00   0.0000000e+00   0.0000000e+00   6.0000000e-02
   3.4050000e+00   1.0000000e+00   0.0000000e+00   0.0000000e+00   6.0000000e-02
   3.4200000e+00   1.0000000e+00   0.0000000e+00   0.0000000e+00   6.0000000e-02
   3.4350000e+00   1.0000000e+00   0.0000000e+00   0.0000000e+00   6.0000000e-02
   3.4500000e+00   1.0000000e+00   0.0000000e+00   0.0000000e+00   7.0000000e-02
   3.4640000e+00   1.0000000e+00   0.0000000e+00   0.0000000e+00   7.0000000e-02
   3.4790000e+00   1.0000000e+00   0.0000000e+00   0.0000000e+00   8.0000000e-02
   3.4940000e+00   1.0000000e+00   0.0000000e+00   0.0000000e+00   8.0000000e-02
   3.5090000e+00   1.0000000e+00   0.0000000e+00   0.0000000e+00   9.0000000e-02
   3.5240000e+00   1.0000000e+00   0.0000000e+00   0.0000000e+00   1.0000000e-01
   3.5390000e+00   1.0000000e+00   0.0000000e+00   0.0000000e+00   1.1000000e-01
   3.5540000e+00   1.0000000e+00   0.0000000e+00   0.0000000e+00   1.2000000e-01
   3.5680000e+00   1.0000000e+00   0.0000000e+00   0.0000000e+00   1.2000000e-01
   3.5830000e+00   1.0000000e+00   0.0000000e+00   0.0000000e+00   1.3000000e-01
   3.5980000e+00   1.0000000e+00   0.0000000e+00   0.0000000e+00   1.3000000e-01
   3.6130000e+00   1.0000000e+00   0.0000000e+00   0.0000000e+00   1.3000000e-01
   3.6280000e+00   1.0000000e+00   0.0000000e+00   0.0000000e+00   1.3000000e-01
   3.6430000e+00   1.0000000e+00   0.0000000e+00   0.0000000e+00   1.3000000e-01
   3.6580000e+00   1.0000000e+00   0.0000000e+00   0.0000000e+00   1.2000000e-01
   3.6730000e+00   1.0000000e+00   0.0000000e+00   0.0000000e+00   1.2000000e-01
   3.6870000e+00   1.0000000e+00   0.0000000e+00   0.0000000e+00   1.1000000e-01
   3.7020000e+00   1.0000000e+00   0.0000000e+00   0.0000000e+00   1.0000000e-01
   3.7170000e+00   1.0000000e+00   0.0000000e+00   0.0000000e+00   9.0000000e-02
   3.7320000e+00   1.0000000e+00   0.0000000e+00   0.0000000e+00   7.0000000e-02
   3.7470000e+00   1.0000000e+00   0.0000000e+00   0.0000000e+00   7.0000000e-02
   3.7620000e+00   1.0000000e+00   0.0000000e+00   0.0000000e+00   6.0000000e-02
   3.7770000e+00   1.0000000e+00   0.0000000e+00   0.0000000e+00   5.0000000e-02
   3.7910000e+00   1.0000000e+00   0.0000000e+00   0.0000000e+00   5.0000000e-02
   3.8060000e+00   1.0000000e+00   0.0000000e+00   0.0000000e+00   5.0000000e-02
   3.8210000e+00   1.0000000e+00   0.0000000e+00   0.0000000e+00   5.0000000e-02
   3.8360000e+00   1.0000000e+00   0.0000000e+00   0.0000000e+00   5.0000000e-02
   3.8510000e+00   1.0000000e+00   0.0000000e+00   0.0000000e+00   5.0000000e-02
   3.8660000e+00   1.0000000e+00   0.0000000e+00   0.0000000e+00   6.0000000e-02
   3.8810000e+00   1.0000000e+00   0.0000000e+00   0.0000000e+00   6.0000000e-02
   3.8960000e+00   1.0000000e+00   0.0000000e+00   0.0000000e+00   6.0000000e-02
   3.9100000e+00   1.0000000e+00   0.0000000e+00   0.0000000e+00   6.0000000e-02
   3.9250000e+00   1.0000000e+00   0.0000000e+00   0.0000000e+00   6.0000000e-02
   3.9400000e+00   1.0000000e+00   0.0000000e+00   0.0000000e+00   6.0000000e-02
   3.9550000e+00   1.0000000e+00   0.0000000e+00   0.0000000e+00   6.0000000e-02
   3.9700000e+00   1.0000000e+00   0.0000000e+00   0.0000000e+00   5.0000000e-02
   3.9850000e+00   1.0000000e+00   0.0000000e+00   0.0000000e+00   5.0000000e-02
   4.0000000e+00   1.0000000e+00   0.0000000e+00   0.0000000e+00   4.0000000e-02
   4.0150000e+00   1.0000000e+00   0.0000000e+00   0.0000000e+00   4.0000000e-02
   4.0290000e+00   1.0000000e+00   0.0000000e+00   0.0000000e+00   3.0000000e-02
   4.0440000e+00   1.0000000e+00   0.0000000e+00   0.0000000e+00   3.0000000e-02
   4.0590000e+00   1.0000000e+00   0.0000000e+00   0.0000000e+00   3.0000000e-02
   4.0740000e+00   1.0000000e+00   0.0000000e+00   0.0000000e+00   3.0000000e-02
   4.0890000e+00   1.0000000e+00   0.0000000e+00   0.0000000e+00   3.0000000e-02
   4.1040000e+00   1.0000000e+00   0.0000000e+00   0.0000000e+00   3.0000000e-02
   4.1190000e+00   1.0000000e+00   0.0000000e+00   0.0000000e+00   3.0000000e-02
   4.1330000e+00   1.0000000e+00   0.0000000e+00   0.0000000e+00   3.0000000e-02
   4.1480000e+00   1.0000000e+00   0.0000000e+00   0.0000000e+00   3.0000000e-02
   4.1630000e+00   1.0000000e+00   0.0000000e+00   0.0000000e+00   4.0000000e-02
   4.1780000e+00   1.0000000e+00   0.0000000e+00   0.0000000e+00   4.0000000e-02
   4.1930000e+00   1.0000000e+00   0.0000000e+00   0.0000000e+00   4.0000000e-02
   4.2080000e+00   1.0000000e+00   0.0000000e+00   0.0000000e+00   4.0000000e-02
   4.2230000e+00   1.0000000e+00   0.0000000e+00   0.0000000e+00   5.0000000e-02
   4.2380000e+00   1.0000000e+00   0.0000000e+00   0.0000000e+00   5.0000000e-02
   4.2520000e+00   1.0000000e+00   0.0000000e+00   0.0000000e+00   5.0000000e-02
   4.2670000e+00   1.0000000e+00   0.0000000e+00   0.0000000e+00   6.0000000e-02
   4.2820000e+00   1.0000000e+00   0.0000000e+00   0.0000000e+00   6.0000000e-02
   4.2970000e+00   1.0000000e+00   0.0000000e+00   0.0000000e+00   6.0000000e-02
   4.3120000e+00   1.0000000e+00   0.0000000e+00   0.0000000e+00   7.0000000e-02
   4.3270000e+00   1.0000000e+00   0.0000000e+00   0.0000000e+00   7.0000000e-02
   4.3420000e+00   1.0000000e+00   0.0000000e+00   0.0000000e+00   7.0000000e-02
   4.3560000e+00   1.0000000e+00   0.0000000e+00   0.0000000e+00   7.0000000e-02
   4.3710000e+00   1.0000000e+00   0.0000000e+00   0.0000000e+00   7.0000000e-02
   4.3860000e+00   1.0000000e+00   0.0000000e+00   0.0000000e+00   7.0000000e-02
   4.4010000e+00   1.0000000e+00   0.0000000e+00   0.0000000e+00   8.0000000e-02
   4.4160000e+00   1.0000000e+00   0.0000000e+00   0.0000000e+00   8.0000000e-02
   4.4310000e+00   1.0000000e+00   0.0000000e+00   0.0000000e+00   8.0000000e-02
   4.4460000e+00   1.0000000e+00   0.0000000e+00   0.0000000e+00   8.0000000e-02
   4.4610000e+00   1.0000000e+00   0.0000000e+00   0.0000000e+00   8.0000000e-02
   4.4750000e+00   1.0000000e+00   0.0000000e+00   0.0000000e+00   8.0000000e-02
   4.4900000e+00   1.0000000e+00   0.0000000e+00   0.0000000e+00   8.0000000e-02
   4.5050000e+00   1.0000000e+00   0.0000000e+00   0.0000000e+00   8.0000000e-02
   4.5200000e+00   1.0000000e+00   0.0000000e+00   0.0000000e+00   8.0000000e-02
   4.5350000e+00   1.0000000e+00   0.0000000e+00   0.0000000e+00   8.0000000e-02
   4.5500000e+00   1.0000000e+00   0.0000000e+00   0.0000000e+00   7.0000000e-02
   4.5650000e+00   1.0000000e+00   0.0000000e+00   0.0000000e+00   7.0000000e-02
   4.5800000e+00   1.0000000e+00   0.0000000e+00   0.0000000e+00   7.0000000e-02
   4.5940000e+00   1.0000000e+00   0.0000000e+00   0.0000000e+00   7.0000000e-02
   4.6090000e+00   1.0000000e+00   0.0000000e+00   0.0000000e+00   7.0000000e-02
   4.6240000e+00   1.0000000e+00   0.0000000e+00   0.0000000e+00   8.0000000e-02
   4.6390000e+00   1.0000000e+00   0.0000000e+00   0.0000000e+00   8.0000000e-02
   4.6540000e+00   1.0000000e+00   0.0000000e+00   0.0000000e+00   8.0000000e-02
   4.6690000e+00   1.0000000e+00   0.0000000e+00   0.0000000e+00   7.0000000e-02
   4.6840000e+00   1.0000000e+00   0.0000000e+00   0.0000000e+00   7.0000000e-02
   4.6980000e+00   1.0000000e+00   0.0000000e+00   0.0000000e+00   7.0000000e-02
   4.7130000e+00   1.0000000e+00   0.0000000e+00   0.0000000e+00   6.0000000e-02
   4.7280000e+00   1.0000000e+00   0.0000000e+00   0.0000000e+00   6.0000000e-02
   4.7430000e+00   1.0000000e+00   0.0000000e+00   0.0000000e+00   6.0000000e-02
   4.7580000e+00   1.0000000e+00   0.0000000e+00   0.0000000e+00   6.0000000e-02
   4.7730000e+00   1.0000000e+00   0.0000000e+00   0.0000000e+00   7.0000000e-02
   4.7880000e+00   1.0000000e+00   0.0000000e+00   0.0000000e+00   7.0000000e-02
   4.8030000e+00   1.0000000e+00   0.0000000e+00   0.0000000e+00   8.0000000e-02
   4.8170000e+00   1.0000000e+00   0.0000000e+00   0.0000000e+00   9.0000000e-02
   4.8320000e+00   1.0000000e+00   0.0000000e+00   0.0000000e+00   1.0000000e-01
   4.8470000e+00   1.0000000e+00   0.0000000e+00   0.0000000e+00   1.2000000e-01
   4.8620000e+00   1.0000000e+00   0.0000000e+00   0.0000000e+00   1.3000000e-01
   4.8770000e+00   1.0000000e+00   0.0000000e+00   0.0000000e+00   1.4000000e-01
   4.8920000e+00   1.0000000e+00   0.0000000e+00   0.0000000e+00   1.5000000e-01
   4.9070000e+00   1.0000000e+00   0.0000000e+00   0.0000000e+00   1.6000000e-01
   4.9220000e+00   1.0000000e+00   0.0000000e+00   0.0000000e+00   1.6000000e-01
   4.9360000e+00   1.0000000e+00   0.0000000e+00   0.0000000e+00   1.6000000e-01
   4.9510000e+00   1.0000000e+00   0.0000000e+00   0.0000000e+00   1.6000000e-01
   4.9660000e+00   1.0000000e+00   0.0000000e+00   0.0000000e+00   1.6000000e-01
   4.9810000e+00   1.0000000e+00   0.0000000e+00   0.0000000e+00   1.6000000e-01
   4.9960000e+00   1.0000000e+00   0.0000000e+00   0.0000000e+00   1.6000000e-01
   5.0110000e+00   1.0000000e+00   0.0000000e+00   0.0000000e+00   1.6000000e-01
   5.0260000e+00   1.0000000e+00   0.0000000e+00   0.0000000e+00   1.6000000e-01
   5.0400000e+00   1.0000000e+00   0.0000000e+00   0.0000000e+00   1.6000000e-01
   5.0550000e+00   1.0000000e+00   0.0000000e+00   0.0000000e+00   1.5000000e-01
   5.0700000e+00   1.0000000e+00   0.0000000e+00   0.0000000e+00   1.5000000e-01
   5.0850000e+00   1.0000000e+00   0.0000000e+00   0.0000000e+00   1.4000000e-01
   5.1000000e+00   1.0000000e+00   0.0000000e+00   0.0000000e+00   1.4000000e-01
   5.1150000e+00   1.0000000e+00   0.0000000e+00   0.0000000e+00   1.3000000e-01
   5.1300000e+00   1.0000000e+00   0.0000000e+00   0.0000000e+00   1.2000000e-01
   5.1450000e+00   1.0000000e+00   0.0000000e+00   0.0000000e+00   1.2000000e-01
   5.1590000e+00   1.0000000e+00   0.0000000e+00   0.0000000e+00   1.2000000e-01
   5.1740000e+00   1.0000000e+00   0.0000000e+00   0.0000000e+00   1.3000000e-01
   5.1890000e+00   1.0000000e+00   0.0000000e+00   0.0000000e+00   1.3000000e-01
   5.2040000e+00   1.0000000e+00   0.0000000e+00   0.0000000e+00   1.4000000e-01
   5.2190000e+00   1.0000000e+00   0.0000000e+00   0.0000000e+00   1.5000000e-01
   5.2340000e+00   1.0000000e+00   0.0000000e+00   0.0000000e+00   1.6000000e-01
   5.2490000e+00   1.0000000e+00   0.0000000e+00   0.0000000e+00   1.7000000e-01
   5.2630000e+00   1.0000000e+00   0.0000000e+00   0.0000000e+00   1.7000000e-01
   5.2780000e+00   1.0000000e+00   0.0000000e+00   0.0000000e+00   1.7000000e-01
   5.2930000e+00   1.0000000e+00   0.0000000e+00   0.0000000e+00   1.7000000e-01
   5.3080000e+00   1.0000000e+00   0.0000000e+00   0.0000000e+00   1.7000000e-01
   5.3230000e+00   1.0000000e+00   0.0000000e+00   0.0000000e+00   1.7000000e-01
   5.3380000e+00   1.0000000e+00   0.0000000e+00   0.0000000e+00   1.6000000e-01
   5.3530000e+00   1.0000000e+00   0.0000000e+00   0.0000000e+00   1.6000000e-01
   5.3680000e+00   1.0000000e+00   0.0000000e+00   0.0000000e+00   1.6000000e-01
   5.3820000e+00   1.0000000e+00   0.0000000e+00   0.0000000e+00   1.6000000e-01
   5.3970000e+00   1.0000000e+00   0.0000000e+00   0.0000000e+00   1.7000000e-01
   5.4120000e+00   1.0000000e+00   0.0000000e+00   0.0000000e+00   1.7000000e-01
   5.4270000e+00   1.0000000e+00   0.0000000e+00   0.0000000e+00   1.7000000e-01
   5.4420000e+00   1.0000000e+00   0.0000000e+00   0.0000000e+00   1.7000000e-01
   5.4570000e+00   1.0000000e+00   0.0000000e+00   0.0000000e+00   1.7000000e-01
   5.4720000e+00   1.0000000e+00   0.0000000e+00   0.0000000e+00   1.7000000e-01
   5.4870000e+00   1.0000000e+00   0.0000000e+00   0.0000000e+00   1.7000000e-01
   5.5010000e+00   1.0000000e+00   0.0000000e+00   0.0000000e+00   1.7000000e-01
   5.5160000e+00   1.0000000e+00   0.0000000e+00   0.0000000e+00   1.7000000e-01
   5.5310000e+00   1.0000000e+00   0.0000000e+00   0.0000000e+00   1.7000000e-01
   5.5460000e+00   1.0000000e+00   0.0000000e+00   0.0000000e+00   1.6000000e-01
   5.5610000e+00   1.0000000e+00   0.0000000e+00   0.0000000e+00   1.6000000e-01
   5.5760000e+00   1.0000000e+00   0.0000000e+00   0.0000000e+00   1.5000000e-01
   5.5910000e+00   1.0000000e+00   0.0000000e+00   0.0000000e+00   1.5000000e-01
   5.6050000e+00   1.0000000e+00   0.0000000e+00   0.0000000e+00   1.4000000e-01
   5.6200000e+00   1.0000000e+00   0.0000000e+00   0.0000000e+00   1.4000000e-01
   5.6350000e+00   1.0000000e+00   0.0000000e+00   0.0000000e+00   1.4000000e-01
   5.6500000e+00   1.0000000e+00   0.0000000e+00   0.0000000e+00   1.3000000e-01
   5.6650000e+00   1.0000000e+00   0.0000000e+00   0.0000000e+00   1.3000000e-01
   5.6800000e+00   1.0000000e+00   0.0000000e+00   0.0000000e+00   1.3000000e-01
   5.6950000e+00   1.0000000e+00   0.0000000e+00   0.0000000e+00   1.3000000e-01
   5.7100000e+00   1.0000000e+00   0.0000000e+00   0.0000000e+00   1.3000000e-01
   5.7240000e+00   1.0000000e+00   0.0000000e+00   0.0000000e+00   1.3000000e-01
   5.7390000e+00   1.0000000e+00   0.0000000e+00   0.0000000e+00   1.3000000e-01
   5.7540000e+00   1.0000000e+00   0.0000000e+00   0.0000000e+00   1.2000000e-01
   5.7690000e+00   1.0000000e+00   0.0000000e+00   0.0000000e+00   1.2000000e-01
   5.7840000e+00   1.0000000e+00   0.0000000e+00   0.0000000e+00   1.2000000e-01
   5.7990000e+00   1.0000000e+00   0.0000000e+00   0.0000000e+00   1.2000000e-01
   5.8140000e+00   1.0000000e+00   0.0000000e+00   0.0000000e+00   1.2000000e-01
   5.8280000e+00   1.0000000e+00   0.0000000e+00   0.0000000e+00   1.2000000e-01
   5.8430000e+00   1.0000000e+00   0.0000000e+00   0.0000000e+00   1.3000000e-01
   5.8580000e+00   1.0000000e+00   0.0000000e+00   0.0000000e+00   1.3000000e-01
   5.8730000e+00   1.0000000e+00   0.0000000e+00   0.0000000e+00   1.4000000e-01
   5.8880000e+00   1.0000000e+00   0.0000000e+00   0.0000000e+00   1.4000000e-01
   5.9030000e+00   1.0000000e+00   0.0000000e+00   0.0000000e+00   1.4000000e-01
   5.9180000e+00   1.0000000e+00   0.0000000e+00   0.0000000e+00   1.5000000e-01
   5.9330000e+00   1.0000000e+00   0.0000000e+00   0.0000000e+00   1.5000000e-01
   5.9470000e+00   1.0000000e+00   0.0000000e+00   0.0000000e+00   1.6000000e-01
   5.9620000e+00   1.0000000e+00   0.0000000e+00   0.0000000e+00   1.6000000e-01
   5.9770000e+00   1.0000000e+00   0.0000000e+00   0.0000000e+00   1.6000000e-01
   5.9920000e+00   1.0000000e+00   0.0000000e+00   0.0000000e+00   1.7000000e-01
   6.0070000e+00   1.0000000e+00   0.0000000e+00   0.0000000e+00   1.7000000e-01
   6.0220000e+00   1.0000000e+00   0.0000000e+00   0.0000000e+00   1.7000000e-01
   6.0370000e+00   1.0000000e+00   0.0000000e+00   0.0000000e+00   1.6000000e-01
   6.0520000e+00   1.0000000e+00   0.0000000e+00   0.0000000e+00   1.6000000e-01
   6.0660000e+00   1.0000000e+00   0.0000000e+00   0.0000000e+00   1.6000000e-01
   6.0810000e+00   1.0000000e+00   0.0000000e+00   0.0000000e+00   1.5000000e-01
   6.0960000e+00   1.0000000e+00   0.0000000e+00   0.0000000e+00   1.4000000e-01
   6.1110000e+00   1.0000000e+00   0.0000000e+00   0.0000000e+00   1.4000000e-01
   6.1260000e+00   1.0000000e+00   0.0000000e+00   0.0000000e+00   1.3000000e-01
   6.1410000e+00   1.0000000e+00   0.0000000e+00   0.0000000e+00   1.3000000e-01
   6.1560000e+00   1.0000000e+00   0.0000000e+00   0.0000000e+00   1.2000000e-01
   6.1700000e+00   1.0000000e+00   0.0000000e+00   0.0000000e+00   1.2000000e-01
   6.1850000e+00   1.0000000e+00   0.0000000e+00   0.0000000e+00   1.2000000e-01
   6.2000000e+00   1.0000000e+00   0.0000000e+00   0.0000000e+00   1.1000000e-01
   6.2150000e+00   1.0000000e+00   0.0000000e+00   0.0000000e+00   1.2000000e-01
   6.2300000e+00   1.0000000e+00   0.0000000e+00   0.0000000e+00   1.2000000e-01
   6.2450000e+00   1.0000000e+00   0.0000000e+00   0.0000000e+00   1.2000000e-01
   6.2600000e+00   1.0000000e+00   0.0000000e+00   0.0000000e+00   1.2000000e-01
   6.2750000e+00   1.0000000e+00   0.0000000e+00   0.0000000e+00   1.3000000e-01
   6.2890000e+00   1.0000000e+00   0.0000000e+00   0.0000000e+00   1.3000000e-01
   6.3040000e+00   1.0000000e+00   0.0000000e+00   0.0000000e+00   1.3000000e-01
   6.3190000e+00   1.0000000e+00   0.0000000e+00   0.0000000e+00   1.3000000e-01
   6.3340000e+00   1.0000000e+00   0.0000000e+00   0.0000000e+00   1.3000000e-01
   6.3490000e+00   1.0000000e+00   0.0000000e+00   0.0000000e+00   1.2000000e-01
   6.3640000e+00   1.0000000e+00   0.0000000e+00   0.0000000e+00   1.1000000e-01
   6.3790000e+00   1.0000000e+00   0.0000000e+00   0.0000000e+00   1.1000000e-01
   6.3930000e+00   1.0000000e+00   0.0000000e+00   0.0000000e+00   1.0000000e-01
   6.4080000e+00   1.0000000e+00   0.0000000e+00   0.0000000e+00   9.0000000e-02
   6.4230000e+00   1.0000000e+00   0.0000000e+00   0.0000000e+00   9.0000000e-02
   6.4380000e+00   1.0000000e+00   0.0000000e+00   0.0000000e+00   9.0000000e-02
   6.4530000e+00   1.0000000e+00   0.0000000e+00   0.0000000e+00   9.0000000e-02
   6.4680000e+00   1.0000000e+00   0.0000000e+00   0.0000000e+00   9.0000000e-02
   6.4830000e+00   1.0000000e+00   0.0000000e+00   0.0000000e+00   1.0000000e-01
   6.4980000e+00   1.0000000e+00   0.0000000e+00   0.0000000e+00   1.1000000e-01
   6.5120000e+00   1.0000000e+00   0.0000000e+00   0.0000000e+00   1.2000000e-01
   6.5270000e+00   1.0000000e+00   0.0000000e+00   0.0000000e+00   1.3000000e-01
   6.5420000e+00   1.0000000e+00   0.0000000e+00   0.0000000e+00   1.3000000e-01
   6.5570000e+00   1.0000000e+00   0.0000000e+00   0.0000000e+00   1.4000000e-01
   6.5720000e+00   1.0000000e+00   0.0000000e+00   0.0000000e+00   1.3000000e-01
   6.5870000e+00   1.0000000e+00   0.0000000e+00   0.0000000e+00   1.3000000e-01
   6.6020000e+00   1.0000000e+00   0.0000000e+00   0.0000000e+00   1.2000000e-01
   6.6170000e+00   1.0000000e+00   0.0000000e+00   0.0000000e+00   1.1000000e-01
   6.6310000e+00   1.0000000e+00   0.0000000e+00   0.0000000e+00   1.0000000e-01
   6.6460000e+00   1.0000000e+00   0.0000000e+00   0.0000000e+00   9.0000000e-02
   6.6610000e+00   1.0000000e+00   0.0000000e+00   0.0000000e+00   8.0000000e-02
   6.6760000e+00   1.0000000e+00   0.0000000e+00   0.0000000e+00   7.0000000e-02
   6.6910000e+00   1.0000000e+00   0.0000000e+00   0.0000000e+00   6.0000000e-02
   6.7060000e+00   1.0000000e+00   0.0000000e+00   0.0000000e+00   6.0000000e-02
   6.7210000e+00   1.0000000e+00   0.0000000e+00   0.0000000e+00   6.0000000e-02
   6.7350000e+00   1.0000000e+00   0.0000000e+00   0.0000000e+00   7.0000000e-02
   6.7500000e+00   1.0000000e+00   0.0000000e+00   0.0000000e+00   7.0000000e-02
   6.7650000e+00   1.0000000e+00   0.0000000e+00   0.0000000e+00   8.0000000e-02
   6.7800000e+00   1.0000000e+00   0.0000000e+00   0.0000000e+00   8.0000000e-02
   6.7950000e+00   1.0000000e+00   0.0000000e+00   0.0000000e+00   9.0000000e-02
   6.8100000e+00   1.0000000e+00   0.0000000e+00   0.0000000e+00   9.0000000e-02
   6.8250000e+00   1.0000000e+00   0.0000000e+00   0.0000000e+00   1.0000000e-01
   6.8400000e+00   1.0000000e+00   0.0000000e+00   0.0000000e+00   1.0000000e-01
   6.8540000e+00   1.0000000e+00   0.0000000e+00   0.0000000e+00   1.0000000e-01
   6.8690000e+00   1.0000000e+00   0.0000000e+00   0.0000000e+00   1.1000000e-01
   6.8840000e+00   1.0000000e+00   0.0000000e+00   0.0000000e+00   1.1000000e-01
   6.8990000e+00   1.0000000e+00   0.0000000e+00   0.0000000e+00   1.2000000e-01
   6.9140000e+00   1.0000000e+00   0.0000000e+00   0.0000000e+00   1.3000000e-01
   6.9290000e+00   1.0000000e+00   0.0000000e+00   0.0000000e+00   1.3000000e-01
   6.9440000e+00   1.0000000e+00   0.0000000e+00   0.0000000e+00   1.4000000e-01
   6.9590000e+00   1.0000000e+00   0.0000000e+00   0.0000000e+00   1.5000000e-01
   6.9730000e+00   1.0000000e+00   0.0000000e+00   0.0000000e+00   1.5000000e-01
   6.9880000e+00   1.0000000e+00   0.0000000e+00   0.0000000e+00   1.5000000e-01
   7.0030000e+00   1.0000000e+00   0.0000000e+00   0.0000000e+00   1.6000000e-01
   7.0180000e+00   1.0000000e+00   0.0000000e+00   0.0000000e+00   1.6000000e-01
   7.0330000e+00   1.0000000e+00   0.0000000e+00   0.0000000e+00   1.5000000e-01
   7.0480000e+00   1.0000000e+00   0.0000000e+00   0.0000000e+00   1.5000000e-01
   7.0630000e+00   1.0000000e+00   0.0000000e+00   0.0000000e+00   1.4000000e-01
   7.0770000e+00   1.0000000e+00   0.0000000e+00   0.0000000e+00   1.3000000e-01
   7.0920000e+00   1.0000000e+00   0.0000000e+00   0.0000000e+00   1.2000000e-01
   7.1070000e+00   1.0000000e+00   0.0000000e+00   0.0000000e+00   1.1000000e-01
   7.1220000e+00   1.0000000e+00   0.0000000e+00   0.0000000e+00   1.0000000e-01
   7.1370000e+00   1.0000000e+00   0.0000000e+00   0.0000000e+00   9.0000000e-02
   7.1520000e+00   1.0000000e+00   0.0000000e+00   0.0000000e+00   8.0000000e-02
   7.1670000e+00   1.0000000e+00   0.0000000e+00   0.0000000e+00   8.0000000e-02
   7.1820000e+00   1.0000000e+00   0.0000000e+00   0.0000000e+00   7.0000000e-02
   7.1960000e+00   1.0000000e+00   0.0000000e+00   0.0000000e+00   7.0000000e-02
   7.2110000e+00   1.0000000e+00   0.0000000e+00   0.0000000e+00   7.0000000e-02
   7.2260000e+00   1.0000000e+00   0.0000000e+00   0.0000000e+00   7.0000000e-02
   7.2410000e+00   1.0000000e+00   0.0000000e+00   0.0000000e+00   7.0000000e-02
   7.2560000e+00   1.0000000e+00   0.0000000e+00   0.0000000e+00   8.0000000e-02
   7.2710000e+00   1.0000000e+00   0.0000000e+00   0.0000000e+00   8.0000000e-02
   7.2860000e+00   1.0000000e+00   0.0000000e+00   0.0000000e+00   9.0000000e-02
   7.3000000e+00   1.0000000e+00   0.0000000e+00   0.0000000e+00   9.0000000e-02
   7.3150000e+00   1.0000000e+00   0.0000000e+00   0.0000000e+00   1.0000000e-01
   7.3300000e+00   1.0000000e+00   0.0000000e+00   0.0000000e+00   1.0000000e-01
   7.3450000e+00   1.0000000e+00   0.0000000e+00   0.0000000e+00   1.1000000e-01
   7.3600000e+00   1.0000000e+00   0.0000000e+00   0.0000000e+00   1.1000000e-01
   7.3750000e+00   1.0000000e+00   0.0000000e+00   0.0000000e+00   1.1000000e-01
   7.3900000e+00   1.0000000e+00   0.0000000e+00   0.0000000e+00   1.1000000e-01
   7.4050000e+00   1.0000000e+00   0.0000000e+00   0.0000000e+00   1.1000000e-01
   7.4190000e+00   1.0000000e+00   0.0000000e+00   0.0000000e+00   1.2000000e-01
   7.4340000e+00   1.0000000e+00   0.0000000e+00   0.0000000e+00   1.2000000e-01
   7.4490000e+00   1.0000000e+00   0.0000000e+00   0.0000000e+00   1.2000000e-01
   7.4640000e+00   1.0000000e+00   0.0000000e+00   0.0000000e+00   1.2000000e-01
   7.4790000e+00   1.0000000e+00   0.0000000e+00   0.0000000e+00   1.2000000e-01
   7.4940000e+00   1.0000000e+00   0.0000000e+00   0.0000000e+00   1.2000000e-01
   7.5090000e+00   1.0000000e+00   0.0000000e+00   0.0000000e+00   1.2000000e-01
   7.5240000e+00   1.0000000e+00   0.0000000e+00   0.0000000e+00   1.1000000e-01
   7.5380000e+00   1.0000000e+00   0.0000000e+00   0.0000000e+00   1.1000000e-01
   7.5530000e+00   1.0000000e+00   0.0000000e+00   0.0000000e+00   1.1000000e-01
   7.5680000e+00   1.0000000e+00   0.0000000e+00   0.0000000e+00   1.2000000e-01
   7.5830000e+00   1.0000000e+00   0.0000000e+00   0.0000000e+00   1.2000000e-01
   7.5980000e+00   1.0000000e+00   0.0000000e+00   0.0000000e+00   1.2000000e-01
   7.6130000e+00   1.0000000e+00   0.0000000e+00   0.0000000e+00   1.1000000e-01
   7.6280000e+00   1.0000000e+00   0.0000000e+00   0.0000000e+00   1.1000000e-01
   7.6420000e+00   1.0000000e+00   0.0000000e+00   0.0000000e+00   1.1000000e-01
   7.6570000e+00   1.0000000e+00   0.0000000e+00   0.0000000e+00   1.1000000e-01
   7.6720000e+00   1.0000000e+00   0.0000000e+00   0.0000000e+00   1.0000000e-01
   7.6870000e+00   1.0000000e+00   0.0000000e+00   0.0000000e+00   1.0000000e-01
   7.7020000e+00   1.0000000e+00   0.0000000e+00   0.0000000e+00   1.0000000e-01
   7.7170000e+00   1.0000000e+00   0.0000000e+00   0.0000000e+00   1.1000000e-01
   7.7320000e+00   1.0000000e+00   0.0000000e+00   0.0000000e+00   1.1000000e-01
   7.7470000e+00   1.0000000e+00   0.0000000e+00   0.0000000e+00   1.1000000e-01
   7.7610000e+00   1.0000000e+00   0.0000000e+00   0.0000000e+00   1.2000000e-01
   7.7760000e+00   1.0000000e+00   0.0000000e+00   0.0000000e+00   1.2000000e-01
   7.7910000e+00   1.0000000e+00   0.0000000e+00   0.0000000e+00   1.3000000e-01
   7.8060000e+00   1.0000000e+00   0.0000000e+00   0.0000000e+00   1.3000000e-01
   7.8210000e+00   1.0000000e+00   0.0000000e+00   0.0000000e+00   1.3000000e-01
   7.8360000e+00   1.0000000e+00   0.0000000e+00   0.0000000e+00   1.3000000e-01
   7.8510000e+00   1.0000000e+00   0.0000000e+00   0.0000000e+00   1.2000000e-01
   7.8650000e+00   1.0000000e+00   0.0000000e+00   0.0000000e+00   1.2000000e-01
   7.8800000e+00   1.0000000e+00   0.0000000e+00   0.0000000e+00   1.2000000e-01
   7.8950000e+00   1.0000000e+00   0.0000000e+00   0.0000000e+00   1.1000000e-01
   7.9100000e+00   1.0000000e+00   0.0000000e+00   0.0000000e+00   1.1000000e-01
   7.9250000e+00   1.0000000e+00   0.0000000e+00   0.0000000e+00   1.1000000e-01
   7.9400000e+00   1.0000000e+00   0.0000000e+00   0.0000000e+00   1.1000000e-01
   7.9550000e+00   1.0000000e+00   0.0000000e+00   0.0000000e+00   1.1000000e-01
   7.9700000e+00   1.0000000e+00   0.0000000e+00   0.0000000e+00   1.1000000e-01
   7.9840000e+00   1.0000000e+00   0.0000000e+00   0.0000000e+00   1.1000000e-01
   7.9990000e+00   1.0000000e+00   0.0000000e+00   0.0000000e+00   1.2000000e-01
   8.0140000e+00   1.0000000e+00   0.0000000e+00   0.0000000e+00   1.2000000e-01
   8.0290000e+00   1.0000000e+00   0.0000000e+00   0.0000000e+00   1.3000000e-01
   8.0440000e+00   1.0000000e+00   0.0000000e+00   0.0000000e+00   1.3000000e-01
   8.0590000e+00   1.0000000e+00   0.0000000e+00   0.0000000e+00   1.3000000e-01
   8.0740000e+00   1.0000000e+00   0.0000000e+00   0.0000000e+00   1.3000000e-01
   8.0890000e+00   1.0000000e+00   0.0000000e+00   0.0000000e+00   1.3000000e-01
   8.1030000e+00   1.0000000e+00   0.0000000e+00   0.0000000e+00   1.3000000e-01
   8.1180000e+00   1.0000000e+00   0.0000000e+00   0.0000000e+00   1.3000000e-01
   8.1330000e+00   1.0000000e+00   0.0000000e+00   0.0000000e+00   1.3000000e-01
   8.1480000e+00   1.0000000e+00   0.0000000e+00   0.0000000e+00   1.3000000e-01
   8.1630000e+00   1.0000000e+00   0.0000000e+00   0.0000000e+00   1.2000000e-01
   8.1780000e+00   1.0000000e+00   0.0000000e+00   0.0000000e+00   1.2000000e-01
   8.1930000e+00   1.0000000e+00   0.0000000e+00   0.0000000e+00   1.2000000e-01
   8.2070000e+00   1.0000000e+00   0.0000000e+00   0.0000000e+00   1.2000000e-01
   8.2220000e+00   1.0000000e+00   0.0000000e+00   0.0000000e+00   1.2000000e-01
   8.2370000e+00   1.0000000e+00   0.0000000e+00   0.0000000e+00   1.2000000e-01
   8.2520000e+00   1.0000000e+00   0.0000000e+00   0.0000000e+00   1.2000000e-01
   8.2670000e+00   1.0000000e+00   0.0000000e+00   0.0000000e+00   1.2000000e-01
   8.2820000e+00   1.0000000e+00   0.0000000e+00   0.0000000e+00   1.2000000e-01
   8.2970000e+00   1.0000000e+00   0.0000000e+00   0.0000000e+00   1.2000000e-01
   8.3120000e+00   1.0000000e+00   0.0000000e+00   0.0000000e+00   1.2000000e-01
   8.3260000e+00   1.0000000e+00   0.0000000e+00   0.0000000e+00   1.2000000e-01
   8.3410000e+00   1.0000000e+00   0.0000000e+00   0.0000000e+00   1.2000000e-01
   8.3560000e+00   1.0000000e+00   0.0000000e+00   0.0000000e+00   1.2000000e-01
   8.3710000e+00   1.0000000e+00   0.0000000e+00   0.0000000e+00   1.2000000e-01
   8.3860000e+00   1.0000000e+00   0.0000000e+00   0.0000000e+00   1.3000000e-01
   8.4010000e+00   1.0000000e+00   0.0000000e+00   0.0000000e+00   1.2000000e-01
   8.4160000e+00   1.0000000e+00   0.0000000e+00   0.0000000e+00   1.2000000e-01
   8.4300000e+00   1.0000000e+00   0.0000000e+00   0.0000000e+00   1.2000000e-01
   8.4450000e+00   1.0000000e+00   0.0000000e+00   0.0000000e+00   1.2000000e-01
   8.4600000e+00   1.0000000e+00   0.0000000e+00   0.0000000e+00   1.2000000e-01
   8.4750000e+00   1.0000000e+00   0.0000000e+00   0.0000000e+00   1.2000000e-01
   8.4900000e+00   1.0000000e+00   0.0000000e+00   0.0000000e+00   1.1000000e-01
   8.5050000e+00   1.0000000e+00   0.0000000e+00   0.0000000e+00   1.1000000e-01
   8.5200000e+00   1.0000000e+00   0.0000000e+00   0.0000000e+00   1.2000000e-01
   8.5350000e+00   1.0000000e+00   0.0000000e+00   0.0000000e+00   1.2000000e-01
   8.5490000e+00   1.0000000e+00   0.0000000e+00   0.0000000e+00   1.2000000e-01
   8.5640000e+00   1.0000000e+00   0.0000000e+00   0.0000000e+00   1.3000000e-01
   8.5790000e+00   1.0000000e+00   0.0000000e+00   0.0000000e+00   1.3000000e-01
   8.5940000e+00   1.0000000e+00   0.0000000e+00   0.0000000e+00   1.4000000e-01
   8.6090000e+00   1.0000000e+00   0.0000000e+00   0.0000000e+00   1.4000000e-01
   8.6240000e+00   1.0000000e+00   0.0000000e+00   0.0000000e+00   1.4000000e-01
   8.6390000e+00   1.0000000e+00   0.0000000e+00   0.0000000e+00   1.4000000e-01
   8.6540000e+00   1.0000000e+00   0.0000000e+00   0.0000000e+00   1.5000000e-01
   8.6680000e+00   1.0000000e+00   0.0000000e+00   0.0000000e+00   1.5000000e-01
   8.6830000e+00   1.0000000e+00   0.0000000e+00   0.0000000e+00   1.6000000e-01
   8.6980000e+00   1.0000000e+00   0.0000000e+00   0.0000000e+00   1.6000000e-01
   8.7130000e+00   1.0000000e+00   0.0000000e+00   0.0000000e+00   1.7000000e-01
   8.7280000e+00   1.0000000e+00   0.0000000e+00   0.0000000e+00   1.7000000e-01
   8.7430000e+00   1.0000000e+00   0.0000000e+00   0.0000000e+00   1.8000000e-01
   8.7580000e+00   1.0000000e+00   0.0000000e+00   0.0000000e+00   1.8000000e-01
   8.7720000e+00   1.0000000e+00   0.0000000e+00   0.0000000e+00   1.7000000e-01
   8.7870000e+00   1.0000000e+00   0.0000000e+00   0.0000000e+00   1.7000000e-01
   8.8020000e+00   1.0000000e+00   0.0000000e+00   0.0000000e+00   1.6000000e-01
   8.8170000e+00   1.0000000e+00   0.0000000e+00   0.0000000e+00   1.6000000e-01
   8.8320000e+00   1.0000000e+00   0.0000000e+00   0.0000000e+00   1.5000000e-01
   8.8470000e+00   1.0000000e+00   0.0000000e+00   0.0000000e+00   1.5000000e-01
   8.8620000e+00   1.0000000e+00   0.0000000e+00   0.0000000e+00   1.5000000e-01
   8.8770000e+00   1.0000000e+00   0.0000000e+00   0.0000000e+00   1.5000000e-01
   8.8910000e+00   1.0000000e+00   0.0000000e+00   0.0000000e+00   1.5000000e-01
   8.9060000e+00   1.0000000e+00   0.0000000e+00   0.0000000e+00   1.5000000e-01
   8.9210000e+00   1.0000000e+00   0.0000000e+00   0.0000000e+00   1.5000000e-01
   8.9360000e+00   1.0000000e+00   0.0000000e+00   0.0000000e+00   1.4000000e-01
   8.9510000e+00   1.0000000e+00   0.0000000e+00   0.0000000e+00   1.3000000e-01
   8.9660000e+00   1.0000000e+00   0.0000000e+00   0.0000000e+00   1.3000000e-01
   8.9810000e+00   1.0000000e+00   0.0000000e+00   0.0000000e+00   1.2000000e-01
   8.9960000e+00   1.0000000e+00   0.0000000e+00   0.0000000e+00   1.1000000e-01
   9.0100000e+00   1.0000000e+00   0.0000000e+00   0.0000000e+00   1.0000000e-01
   9.0250000e+00   1.0000000e+00   0.0000000e+00   0.0000000e+00   1.0000000e-01
   9.0400000e+00   1.0000000e+00   0.0000000e+00   0.0000000e+00   9.0000000e-02
   9.0550000e+00   1.0000000e+00   0.0000000e+00   0.0000000e+00   9.0000000e-02
   9.0700000e+00   1.0000000e+00   0.0000000e+00   0.0000000e+00   1.0000000e-01
   9.0850000e+00   1.0000000e+00   0.0000000e+00   0.0000000e+00   1.0000000e-01
   9.1000000e+00   1.0000000e+00   0.0000000e+00   0.0000000e+00   1.0000000e-01
   9.1140000e+00   1.0000000e+00   0.0000000e+00   0.0000000e+00   1.1000000e-01
   9.1290000e+00   1.0000000e+00   0.0000000e+00   0.0000000e+00   1.1000000e-01
   9.1440000e+00   1.0000000e+00   0.0000000e+00   0.0000000e+00   1.1000000e-01
   9.1590000e+00   1.0000000e+00   0.0000000e+00   0.0000000e+00   1.2000000e-01
   9.1740000e+00   1.0000000e+00   0.0000000e+00   0.0000000e+00   1.2000000e-01
   9.1890000e+00   1.0000000e+00   0.0000000e+00   0.0000000e+00   1.2000000e-01
   9.2040000e+00   1.0000000e+00   0.0000000e+00   0.0000000e+00   1.3000000e-01
   9.2190000e+00   1.0000000e+00   0.0000000e+00   0.0000000e+00   1.3000000e-01
   9.2330000e+00   1.0000000e+00   0.0000000e+00   0.0000000e+00   1.3000000e-01
   9.2480000e+00   1.0000000e+00   0.0000000e+00   0.0000000e+00   1.3000000e-01
   9.2630000e+00   1.0000000e+00   0.0000000e+00   0.0000000e+00   1.3000000e-01
   9.2780000e+00   1.0000000e+00   0.0000000e+00   0.0000000e+00   1.3000000e-01
   9.2930000e+00   1.0000000e+00   0.0000000e+00   0.0000000e+00   1.3000000e-01
   9.3080000e+00   1.0000000e+00   0.0000000e+00   0.0000000e+00   1.3000000e-01
   9.3230000e+00   1.0000000e+00   0.0000000e+00   0.0000000e+00   1.3000000e-01
   9.3370000e+00   1.0000000e+00   0.0000000e+00   0.0000000e+00   1.3000000e-01
   9.3520000e+00   1.0000000e+00   0.0000000e+00   0.0000000e+00   1.4000000e-01
   9.3670000e+00   1.0000000e+00   0.0000000e+00   0.0000000e+00   1.4000000e-01
   9.3820000e+00   1.0000000e+00   0.0000000e+00   0.0000000e+00   1.4000000e-01
   9.3970000e+00   1.0000000e+00   0.0000000e+00   0.0000000e+00   1.4000000e-01
   9.4120000e+00   1.0000000e+00   0.0000000e+00   0.0000000e+00   1.4000000e-01
   9.4270000e+00   1.0000000e+00   0.0000000e+00   0.0000000e+00   1.3000000e-01
   9.4420000e+00   1.0000000e+00   0.0000000e+00   0.0000000e+00   1.3000000e-01
   9.4560000e+00   1.0000000e+00   0.0000000e+00   0.0000000e+00   1.3000000e-01
   9.4710000e+00   1.0000000e+00   0.0000000e+00   0.0000000e+00   1.2000000e-01
   9.4860000e+00   1.0000000e+00   0.0000000e+00   0.0000000e+00   1.2000000e-01
   9.5010000e+00   1.0000000e+00   0.0000000e+00   0.0000000e+00   1.2000000e-01
   9.5160000e+00   1.0000000e+00   0.0000000e+00   0.0000000e+00   1.2000000e-01
   9.5310000e+00   1.0000000e+00   0.0000000e+00   0.0000000e+00   1.3000000e-01
   9.5460000e+00   1.0000000e+00   0.0000000e+00   0.0000000e+00   1.3000000e-01
   9.5610000e+00   1.0000000e+00   0.0000000e+00   0.0000000e+00   1.4000000e-01
   9.5750000e+00   1.0000000e+00   0.0000000e+00   0.0000000e+00   1.4000000e-01
   9.5900000e+00   1.0000000e+00   0.0000000e+00   0.0000000e+00   1.4000000e-01
   9.6050000e+00   1.0000000e+00   0.0000000e+00   0.0000000e+00   1.5000000e-01
   9.6200000e+00   1.0000000e+00   0.0000000e+00   0.0000000e+00   1.5000000e-01
   9.6350000e+00   1.0000000e+00   0.0000000e+00   0.0000000e+00   1.4000000e-01
   9.6500000e+00   1.0000000e+00   0.0000000e+00   0.0000000e+00   1.4000000e-01
   9.6650000e+00   1.0000000e+00   0.0000000e+00   0.0000000e+00   1.4000000e-01
   9.6790000e+00   1.0000000e+00   0.0000000e+00   0.0000000e+00   1.3000000e-01
   9.6940000e+00   1.0000000e+00   0.0000000e+00   0.0000000e+00   1.3000000e-01
   9.7090000e+00   1.0000000e+00   0.0000000e+00   0.0000000e+00   1.3000000e-01
   9.7240000e+00   1.0000000e+00   0.0000000e+00   0.0000000e+00   1.3000000e-01
   9.7390000e+00   1.0000000e+00   0.0000000e+00   0.0000000e+00   1.3000000e-01
   9.7540000e+00   1.0000000e+00   0.0000000e+00   0.0000000e+00   1.3000000e-01
   9.7690000e+00   1.0000000e+00   0.0000000e+00   0.0000000e+00   1.3000000e-01
   9.7840000e+00   1.0000000e+00   0.0000000e+00   0.0000000e+00   1.4000000e-01
   9.7980000e+00   1.0000000e+00   0.0000000e+00   0.0000000e+00   1.3000000e-01
   9.8130000e+00   1.0000000e+00   0.0000000e+00   0.0000000e+00   1.3000000e-01
   9.8280000e+00   1.0000000e+00   0.0000000e+00   0.0000000e+00   1.3000000e-01
   9.8430000e+00   1.0000000e+00   0.0000000e+00   0.0000000e+00   1.2000000e-01
   9.8580000e+00   1.0000000e+00   0.0000000e+00   0.0000000e+00   1.2000000e-01
   9.8730000e+00   1.0000000e+00   0.0000000e+00   0.0000000e+00   1.2000000e-01
   9.8880000e+00   1.0000000e+00   0.0000000e+00   0.0000000e+00   1.2000000e-01
   9.9020000e+00   1.0000000e+00   0.0000000e+00   0.0000000e+00   1.2000000e-01
   9.9170000e+00   1.0000000e+00   0.0000000e+00   0.0000000e+00   1.2000000e-01
   9.9320000e+00   1.0000000e+00   0.0000000e+00   0.0000000e+00   1.2000000e-01
   9.9470000e+00   1.0000000e+00   0.0000000e+00   0.0000000e+00   1.2000000e-01
   9.9620000e+00   1.0000000e+00   0.0000000e+00   0.0000000e+00   1.2000000e-01
   9.9770000e+00   1.0000000e+00   0.0000000e+00   0.0000000e+00   1.1000000e-01
   9.9920000e+00   1.0000000e+00   0.0000000e+00   0.0000000e+00   1.1000000e-01
   1.0007000e+01   1.0000000e+00   0.0000000e+00   0.0000000e+00   1.1000000e-01
   1.0021000e+01   1.0000000e+00   0.0000000e+00   0.0000000e+00   1.1000000e-01
   1.0036000e+01   1.0000000e+00   0.0000000e+00   0.0000000e+00   1.2000000e-01
   1.0051000e+01   1.0000000e+00   0.0000000e+00   0.0000000e+00   1.2000000e-01
   1.0066000e+01   1.0000000e+00   0.0000000e+00   0.0000000e+00   1.3000000e-01
   1.0081000e+01   1.0000000e+00   0.0000000e+00   0.0000000e+00   1.4000000e-01
   1.0096000e+01   1.0000000e+00   0.0000000e+00   0.0000000e+00   1.5000000e-01
   1.0111000e+01   1.0000000e+00   0.0000000e+00   0.0000000e+00   1.5000000e-01
   1.0126000e+01   1.0000000e+00   0.0000000e+00   0.0000000e+00   1.6000000e-01
   1.0140000e+01   1.0000000e+00   0.0000000e+00   0.0000000e+00   1.6000000e-01
   1.0155000e+01   1.0000000e+00   0.0000000e+00   0.0000000e+00   1.6000000e-01
   1.0170000e+01   1.0000000e+00   0.0000000e+00   0.0000000e+00   1.6000000e-01
   1.0185000e+01   1.0000000e+00   0.0000000e+00   0.0000000e+00   1.6000000e-01
   1.0200000e+01   1.0000000e+00   0.0000000e+00   0.0000000e+00   1.6000000e-01
   1.0215000e+01   1.0000000e+00   0.0000000e+00   0.0000000e+00   1.6000000e-01
   1.0230000e+01   1.0000000e+00   0.0000000e+00   0.0000000e+00   1.6000000e-01
   1.0244000e+01   1.0000000e+00   0.0000000e+00   0.0000000e+00   1.6000000e-01
   1.0259000e+01   1.0000000e+00   0.0000000e+00   0.0000000e+00   1.6000000e-01
   1.0274000e+01   1.0000000e+00   0.0000000e+00   0.0000000e+00   1.6000000e-01
   1.0289000e+01   1.0000000e+00   0.0000000e+00   0.0000000e+00   1.6000000e-01
   1.0304000e+01   1.0000000e+00   0.0000000e+00   0.0000000e+00   1.5000000e-01
   1.0319000e+01   1.0000000e+00   0.0000000e+00   0.0000000e+00   1.5000000e-01
   1.0334000e+01   1.0000000e+00   0.0000000e+00   0.0000000e+00   1.5000000e-01
   1.0349000e+01   1.0000000e+00   0.0000000e+00   0.0000000e+00   1.5000000e-01
   1.0363000e+01   1.0000000e+00   0.0000000e+00   0.0000000e+00   1.5000000e-01
   1.0378000e+01   1.0000000e+00   0.0000000e+00   0.0000000e+00   1.5000000e-01
   1.0393000e+01   1.0000000e+00   0.0000000e+00   0.0000000e+00   1.6000000e-01
   1.0408000e+01   1.0000000e+00   0.0000000e+00   0.0000000e+00   1.6000000e-01
   1.0423000e+01   1.0000000e+00   0.0000000e+00   0.0000000e+00   1.6000000e-01
   1.0438000e+01   1.0000000e+00   0.0000000e+00   0.0000000e+00   1.6000000e-01
   1.0453000e+01   1.0000000e+00   0.0000000e+00   0.0000000e+00   1.6000000e-01
   1.0467000e+01   1.0000000e+00   0.0000000e+00   0.0000000e+00   1.6000000e-01
   1.0482000e+01   1.0000000e+00   0.0000000e+00   0.0000000e+00   1.6000000e-01
   1.0497000e+01   1.0000000e+00   0.0000000e+00   0.0000000e+00   1.6000000e-01
   1.0512000e+01   1.0000000e+00   0.0000000e+00   0.0000000e+00   1.5000000e-01
   1.0527000e+01   1.0000000e+00   0.0000000e+00   0.0000000e+00   1.5000000e-01
   1.0542000e+01   1.0000000e+00   0.0000000e+00   0.0000000e+00   1.4000000e-01
   1.0557000e+01   1.0000000e+00   0.0000000e+00   0.0000000e+00   1.4000000e-01
   1.0572000e+01   1.0000000e+00   0.0000000e+00   0.0000000e+00   1.4000000e-01
   1.0586000e+01   1.0000000e+00   0.0000000e+00   0.0000000e+00   1.4000000e-01
   1.0601000e+01   1.0000000e+00   0.0000000e+00   0.0000000e+00   1.4000000e-01
   1.0616000e+01   1.0000000e+00   0.0000000e+00   0.0000000e+00   1.4000000e-01
   1.0631000e+01   1.0000000e+00   0.0000000e+00   0.0000000e+00   1.5000000e-01
   1.0646000e+01   1.0000000e+00   0.0000000e+00   0.0000000e+00   1.5000000e-01
   1.0661000e+01   1.0000000e+00   0.0000000e+00   0.0000000e+00   1.6000000e-01
   1.0676000e+01   1.0000000e+00   0.0000000e+00   0.0000000e+00   1.7000000e-01
   1.0691000e+01   1.0000000e+00   0.0000000e+00   0.0000000e+00   1.8000000e-01
   1.0705000e+01   1.0000000e+00   0.0000000e+00   0.0000000e+00   1.8000000e-01
   1.0720000e+01   1.0000000e+00   0.0000000e+00   0.0000000e+00   1.9000000e-01
   1.0735000e+01   1.0000000e+00   0.0000000e+00   0.0000000e+00   2.0000000e-01
   1.0750000e+01   1.0000000e+00   0.0000000e+00   0.0000000e+00   2.0000000e-01
   1.0765000e+01   1.0000000e+00   0.0000000e+00   0.0000000e+00   2.1000000e-01
   1.0780000e+01   1.0000000e+00   0.0000000e+00   0.0000000e+00   2.1000000e-01
   1.0795000e+01   1.0000000e+00   0.0000000e+00   0.0000000e+00   2.1000000e-01
   1.0809000e+01   1.0000000e+00   0.0000000e+00   0.0000000e+00   2.0000000e-01
   1.0824000e+01   1.0000000e+00   0.0000000e+00   0.0000000e+00   2.0000000e-01
   1.0839000e+01   1.0000000e+00   0.0000000e+00   0.0000000e+00   1.9000000e-01
   1.0854000e+01   1.0000000e+00   0.0000000e+00   0.0000000e+00   1.8000000e-01
   1.0869000e+01   1.0000000e+00   0.0000000e+00   0.0000000e+00   1.6000000e-01
   1.0884000e+01   1.0000000e+00   0.0000000e+00   0.0000000e+00   1.5000000e-01
   1.0899000e+01   1.0000000e+00   0.0000000e+00   0.0000000e+00   1.5000000e-01
   1.0914000e+01   1.0000000e+00   0.0000000e+00   0.0000000e+00   1.4000000e-01
   1.0928000e+01   1.0000000e+00   0.0000000e+00   0.0000000e+00   1.4000000e-01
   1.0943000e+01   1.0000000e+00   0.0000000e+00   0.0000000e+00   1.4000000e-01
   1.0958000e+01   1.0000000e+00   0.0000000e+00   0.0000000e+00   1.4000000e-01
   1.0973000e+01   1.0000000e+00   0.0000000e+00   0.0000000e+00   1.5000000e-01
   1.0988000e+01   1.0000000e+00   0.0000000e+00   0.0000000e+00   1.5000000e-01
   1.1003000e+01   1.0000000e+00   0.0000000e+00   0.0000000e+00   1.6000000e-01
   1.1018000e+01   1.0000000e+00   0.0000000e+00   0.0000000e+00   1.7000000e-01
   1.1033000e+01   1.0000000e+00   0.0000000e+00   0.0000000e+00   1.8000000e-01
   1.1047000e+01   1.0000000e+00   0.0000000e+00   0.0000000e+00   1.8000000e-01
   1.1062000e+01   1.0000000e+00   0.0000000e+00   0.0000000e+00   1.9000000e-01
   1.1077000e+01   1.0000000e+00   0.0000000e+00   0.0000000e+00   1.9000000e-01
   1.1092000e+01   1.0000000e+00   0.0000000e+00   0.0000000e+00   1.9000000e-01
   1.1107000e+01   1.0000000e+00   0.0000000e+00   0.0000000e+00   1.9000000e-01
   1.1122000e+01   1.0000000e+00   0.0000000e+00   0.0000000e+00   1.8000000e-01
   1.1137000e+01   1.0000000e+00   0.0000000e+00   0.0000000e+00   1.8000000e-01
   1.1151000e+01   1.0000000e+00   0.0000000e+00   0.0000000e+00   1.8000000e-01
   1.1166000e+01   1.0000000e+00   0.0000000e+00   0.0000000e+00   1.8000000e-01
   1.1181000e+01   1.0000000e+00   0.0000000e+00   0.0000000e+00   1.8000000e-01
   1.1196000e+01   1.0000000e+00   0.0000000e+00   0.0000000e+00   1.8000000e-01
   1.1211000e+01   1.0000000e+00   0.0000000e+00   0.0000000e+00   1.8000000e-01
   1.1226000e+01   1.0000000e+00   0.0000000e+00   0.0000000e+00   1.7000000e-01
   1.1241000e+01   1.0000000e+00   0.0000000e+00   0.0000000e+00   1.7000000e-01
   1.1256000e+01   1.0000000e+00   0.0000000e+00   0.0000000e+00   1.6000000e-01
   1.1270000e+01   1.0000000e+00   0.0000000e+00   0.0000000e+00   1.5000000e-01
   1.1285000e+01   1.0000000e+00   0.0000000e+00   0.0000000e+00   1.4000000e-01
   1.1300000e+01   1.0000000e+00   0.0000000e+00   0.0000000e+00   1.2000000e-01
   1.1315000e+01   1.0000000e+00   0.0000000e+00   0.0000000e+00   1.1000000e-01
   1.1330000e+01   1.0000000e+00   0.0000000e+00   0.0000000e+00   1.0000000e-01
   1.1345000e+01   1.0000000e+00   0.0000000e+00   0.0000000e+00   9.0000000e-02
   1.1360000e+01   1.0000000e+00   0.0000000e+00   0.0000000e+00   9.0000000e-02
   1.1374000e+01   1.0000000e+00   0.0000000e+00   0.0000000e+00   9.0000000e-02
   1.1389000e+01   1.0000000e+00   0.0000000e+00   0.0000000e+00   1.0000000e-01
   1.1404000e+01   1.0000000e+00   0.0000000e+00   0.0000000e+00   1.0000000e-01
   1.1419000e+01   1.0000000e+00   0.0000000e+00   0.0000000e+00   1.0000000e-01
   1.1434000e+01   1.0000000e+00   0.0000000e+00   0.0000000e+00   1.0000000e-01
   1.1449000e+01   1.0000000e+00   0.0000000e+00   0.0000000e+00   1.0000000e-01
   1.1464000e+01   1.0000000e+00   0.0000000e+00   0.0000000e+00   1.0000000e-01
   1.1479000e+01   1.0000000e+00   0.0000000e+00   0.0000000e+00   9.0000000e-02
   1.1493000e+01   1.0000000e+00   0.0000000e+00   0.0000000e+00   8.0000000e-02
   1.1508000e+01   1.0000000e+00   0.0000000e+00   0.0000000e+00   8.0000000e-02
   1.1523000e+01   1.0000000e+00   0.0000000e+00   0.0000000e+00   7.0000000e-02
   1.1538000e+01   1.0000000e+00   0.0000000e+00   0.0000000e+00   7.0000000e-02
   1.1553000e+01   1.0000000e+00   0.0000000e+00   0.0000000e+00   6.0000000e-02
   1.1568000e+01   1.0000000e+00   0.0000000e+00   0.0000000e+00   6.0000000e-02
   1.1583000e+01   1.0000000e+00   0.0000000e+00   0.0000000e+00   6.0000000e-02
   1.1598000e+01   1.0000000e+00   0.0000000e+00   0.0000000e+00   6.0000000e-02
   1.1612000e+01   1.0000000e+00   0.0000000e+00   0.0000000e+00   6.0000000e-02
   1.1627000e+01   1.0000000e+00   0.0000000e+00   0.0000000e+00   6.0000000e-02
   1.1642000e+01   1.0000000e+00   0.0000000e+00   0.0000000e+00   6.0000000e-02
   1.1657000e+01   1.0000000e+00   0.0000000e+00   0.0000000e+00   6.0000000e-02
   1.1672000e+01   1.0000000e+00   0.0000000e+00   0.0000000e+00   6.0000000e-02
   1.1687000e+01   1.0000000e+00   0.0000000e+00   0.0000000e+00   5.0000000e-02
   1.1702000e+01   1.0000000e+00   0.0000000e+00   0.0000000e+00   5.0000000e-02
   1.1716000e+01   1.0000000e+00   0.0000000e+00   0.0000000e+00   5.0000000e-02
   1.1731000e+01   1.0000000e+00   0.0000000e+00   0.0000000e+00   5.0000000e-02
   1.1746000e+01   1.0000000e+00   0.0000000e+00   0.0000000e+00   5.0000000e-02
   1.1761000e+01   1.0000000e+00   0.0000000e+00   0.0000000e+00   5.0000000e-02
   1.1776000e+01   1.0000000e+00   0.0000000e+00   0.0000000e+00   5.0000000e-02
   1.1791000e+01   1.0000000e+00   0.0000000e+00   0.0000000e+00   4.0000000e-02
   1.1806000e+01   1.0000000e+00   0.0000000e+00   0.0000000e+00   4.0000000e-02
   1.1821000e+01   1.0000000e+00   0.0000000e+00   0.0000000e+00   4.0000000e-02
   1.1835000e+01   1.0000000e+00   0.0000000e+00   0.0000000e+00   4.0000000e-02
   1.1850000e+01   1.0000000e+00   0.0000000e+00   0.0000000e+00   4.0000000e-02
   1.1865000e+01   1.0000000e+00   0.0000000e+00   0.0000000e+00   4.0000000e-02
   1.1880000e+01   1.0000000e+00   0.0000000e+00   0.0000000e+00   4.0000000e-02
   1.1895000e+01   1.0000000e+00   0.0000000e+00   0.0000000e+00   4.0000000e-02
   1.1910000e+01   1.0000000e+00   0.0000000e+00   0.0000000e+00   4.0000000e-02
   1.1925000e+01   1.0000000e+00   0.0000000e+00   0.0000000e+00   5.0000000e-02
   1.1939000e+01   1.0000000e+00   0.0000000e+00   0.0000000e+00   5.0000000e-02
   1.1954000e+01   1.0000000e+00   0.0000000e+00   0.0000000e+00   5.0000000e-02
   1.1969000e+01   1.0000000e+00   0.0000000e+00   0.0000000e+00   5.0000000e-02
   1.1984000e+01   1.0000000e+00   0.0000000e+00   0.0000000e+00   5.0000000e-02
   1.1999000e+01   1.0000000e+00   0.0000000e+00   0.0000000e+00   5.0000000e-02
   1.2014000e+01   1.0000000e+00   0.0000000e+00   0.0000000e+00   5.0000000e-02
   1.2029000e+01   1.0000000e+00   0.0000000e+00   0.0000000e+00   5.0000000e-02
   1.2044000e+01   1.0000000e+00   0.0000000e+00   0.0000000e+00   6.0000000e-02
   1.2058000e+01   1.0000000e+00   0.0000000e+00   0.0000000e+00   6.0000000e-02
   1.2073000e+01   1.0000000e+00   0.0000000e+00   0.0000000e+00   6.0000000e-02
   1.2088000e+01   1.0000000e+00   0.0000000e+00   0.0000000e+00   6.0000000e-02
   1.2103000e+01   1.0000000e+00   0.0000000e+00   0.0000000e+00   6.0000000e-02
   1.2118000e+01   1.0000000e+00   0.0000000e+00   0.0000000e+00   6.0000000e-02
   1.2133000e+01   1.0000000e+00   0.0000000e+00   0.0000000e+00   6.0000000e-02
   1.2148000e+01   1.0000000e+00   0.0000000e+00   0.0000000e+00   6.0000000e-02
   1.2163000e+01   1.0000000e+00   0.0000000e+00   0.0000000e+00   6.0000000e-02
   1.2177000e+01   1.0000000e+00   0.0000000e+00   0.0000000e+00   6.0000000e-02
   1.2192000e+01   1.0000000e+00   0.0000000e+00   0.0000000e+00   6.0000000e-02
   1.2207000e+01   1.0000000e+00   0.0000000e+00   0.0000000e+00   6.0000000e-02
   1.2222000e+01   1.0000000e+00   0.0000000e+00   0.0000000e+00   7.0000000e-02
   1.2237000e+01   1.0000000e+00   0.0000000e+00   0.0000000e+00   8.0000000e-02
   1.2252000e+01   1.0000000e+00   0.0000000e+00   0.0000000e+00   9.0000000e-02
   1.2267000e+01   1.0000000e+00   0.0000000e+00   0.0000000e+00   1.0000000e-01
   1.2281000e+01   1.0000000e+00   0.0000000e+00   0.0000000e+00   1.1000000e-01
   1.2296000e+01   1.0000000e+00   0.0000000e+00   0.0000000e+00   1.2000000e-01
   1.2311000e+01   1.0000000e+00   0.0000000e+00   0.0000000e+00   1.3000000e-01
   1.2326000e+01   1.0000000e+00   0.0000000e+00   0.0000000e+00   1.3000000e-01
   1.2341000e+01   1.0000000e+00   0.0000000e+00   0.0000000e+00   1.3000000e-01
   1.2356000e+01   1.0000000e+00   0.0000000e+00   0.0000000e+00   1.3000000e-01
   1.2371000e+01   1.0000000e+00   0.0000000e+00   0.0000000e+00   1.3000000e-01
   1.2386000e+01   1.0000000e+00   0.0000000e+00   0.0000000e+00   1.3000000e-01
   1.2400000e+01   1.0000000e+00   0.0000000e+00   0.0000000e+00   1.2000000e-01
   1.2415000e+01   1.0000000e+00   0.0000000e+00   0.0000000e+00   1.2000000e-01
   1.2430000e+01   1.0000000e+00   0.0000000e+00   0.0000000e+00   1.1000000e-01
   1.2445000e+01   1.0000000e+00   0.0000000e+00   0.0000000e+00   1.0000000e-01
   1.2460000e+01   1.0000000e+00   0.0000000e+00   0.0000000e+00   9.0000000e-02
   1.2475000e+01   1.0000000e+00   0.0000000e+00   0.0000000e+00   8.0000000e-02
   1.2490000e+01   1.0000000e+00   0.0000000e+00   0.0000000e+00   8.0000000e-02
   1.2504000e+01   1.0000000e+00   0.0000000e+00   0.0000000e+00   7.0000000e-02
   1.2519000e+01   1.0000000e+00   0.0000000e+00   0.0000000e+00   7.0000000e-02
   1.2534000e+01   1.0000000e+00   0.0000000e+00   0.0000000e+00   7.0000000e-02
   1.2549000e+01   1.0000000e+00   0.0000000e+00   0.0000000e+00   7.0000000e-02
   1.2564000e+01   1.0000000e+00   0.0000000e+00   0.0000000e+00   7.0000000e-02
   1.2579000e+01   1.0000000e+00   0.0000000e+00   0.0000000e+00   7.0000000e-02
   1.2594000e+01   1.0000000e+00   0.0000000e+00   0.0000000e+00   7.0000000e-02
   1.2609000e+01   1.0000000e+00   0.0000000e+00   0.0000000e+00   7.0000000e-02
   1.2623000e+01   1.0000000e+00   0.0000000e+00   0.0000000e+00   6.0000000e-02
   1.2638000e+01   1.0000000e+00   0.0000000e+00   0.0000000e+00   6.0000000e-02
   1.2653000e+01   1.0000000e+00   0.0000000e+00   0.0000000e+00   6.0000000e-02
   1.2668000e+01   1.0000000e+00   0.0000000e+00   0.0000000e+00   6.0000000e-02
   1.2683000e+01   1.0000000e+00   0.0000000e+00   0.0000000e+00   6.0000000e-02
   1.2698000e+01   1.0000000e+00   0.0000000e+00   0.0000000e+00   6.0000000e-02
   1.2713000e+01   1.0000000e+00   0.0000000e+00   0.0000000e+00   6.0000000e-02
   1.2728000e+01   1.0000000e+00   0.0000000e+00   0.0000000e+00   6.0000000e-02
   1.2742000e+01   1.0000000e+00   0.0000000e+00   0.0000000e+00   6.0000000e-02
   1.2757000e+01   1.0000000e+00   0.0000000e+00   0.0000000e+00   6.0000000e-02
   1.2772000e+01   1.0000000e+00   0.0000000e+00   0.0000000e+00   6.0000000e-02
   1.2787000e+01   1.0000000e+00   0.0000000e+00   0.0000000e+00   6.0000000e-02
   1.2802000e+01   1.0000000e+00   0.0000000e+00   0.0000000e+00   6.0000000e-02
   1.2817000e+01   1.0000000e+00   0.0000000e+00   0.0000000e+00   7.0000000e-02
   1.2832000e+01   1.0000000e+00   0.0000000e+00   0.0000000e+00   7.0000000e-02
   1.2846000e+01   1.0000000e+00   0.0000000e+00   0.0000000e+00   7.0000000e-02
   1.2861000e+01   1.0000000e+00   0.0000000e+00   0.0000000e+00   7.0000000e-02
   1.2876000e+01   1.0000000e+00   0.0000000e+00   0.0000000e+00   8.0000000e-02
   1.2891000e+01   1.0000000e+00   0.0000000e+00   0.0000000e+00   8.0000000e-02
   1.2906000e+01   1.0000000e+00   0.0000000e+00   0.0000000e+00   8.0000000e-02
   1.2921000e+01   1.0000000e+00   0.0000000e+00   0.0000000e+00   8.0000000e-02
   1.2936000e+01   1.0000000e+00   0.0000000e+00   0.0000000e+00   8.0000000e-02
   1.2951000e+01   1.0000000e+00   0.0000000e+00   0.0000000e+00   8.0000000e-02
   1.2965000e+01   1.0000000e+00   0.0000000e+00   0.0000000e+00   8.0000000e-02
   1.2980000e+01   1.0000000e+00   0.0000000e+00   0.0000000e+00   8.0000000e-02
   1.2995000e+01   1.0000000e+00   0.0000000e+00   0.0000000e+00   8.0000000e-02
   1.3010000e+01   1.0000000e+00   0.0000000e+00   0.0000000e+00   8.0000000e-02
   1.3025000e+01   1.0000000e+00   0.0000000e+00   0.0000000e+00   8.0000000e-02
   1.3040000e+01   1.0000000e+00   0.0000000e+00   0.0000000e+00   8.0000000e-02
   1.3055000e+01   1.0000000e+00   0.0000000e+00   0.0000000e+00   8.0000000e-02
   1.3069000e+01   1.0000000e+00   0.0000000e+00   0.0000000e+00   9.0000000e-02
   1.3084000e+01   1.0000000e+00   0.0000000e+00   0.0000000e+00   9.0000000e-02
   1.3099000e+01   1.0000000e+00   0.0000000e+00   0.0000000e+00   1.0000000e-01
   1.3114000e+01   1.0000000e+00   0.0000000e+00   0.0000000e+00   1.0000000e-01
   1.3129000e+01   1.0000000e+00   0.0000000e+00   0.0000000e+00   1.1000000e-01
   1.3144000e+01   1.0000000e+00   0.0000000e+00   0.0000000e+00   1.1000000e-01
   1.3159000e+01   1.0000000e+00   0.0000000e+00   0.0000000e+00   1.2000000e-01
   1.3174000e+01   1.0000000e+00   0.0000000e+00   0.0000000e+00   1.2000000e-01
   1.3188000e+01   1.0000000e+00   0.0000000e+00   0.0000000e+00   1.2000000e-01
   1.3203000e+01   1.0000000e+00   0.0000000e+00   0.0000000e+00   1.2000000e-01
   1.3218000e+01   1.0000000e+00   0.0000000e+00   0.0000000e+00   1.2000000e-01
   1.3233000e+01   1.0000000e+00   0.0000000e+00   0.0000000e+00   1.2000000e-01
   1.3248000e+01   1.0000000e+00   0.0000000e+00   0.0000000e+00   1.2000000e-01
   1.3263000e+01   1.0000000e+00   0.0000000e+00   0.0000000e+00   1.2000000e-01
   1.3278000e+01   1.0000000e+00   0.0000000e+00   0.0000000e+00   1.1000000e-01
   1.3293000e+01   1.0000000e+00   0.0000000e+00   0.0000000e+00   1.1000000e-01
   1.3307000e+01   1.0000000e+00   0.0000000e+00   0.0000000e+00   1.0000000e-01
   1.3322000e+01   1.0000000e+00   0.0000000e+00   0.0000000e+00   9.0000000e-02
   1.3337000e+01   1.0000000e+00   0.0000000e+00   0.0000000e+00   9.0000000e-02
   1.3352000e+01   1.0000000e+00   0.0000000e+00   0.0000000e+00   8.0000000e-02
   1.3367000e+01   1.0000000e+00   0.0000000e+00   0.0000000e+00   8.0000000e-02
   1.3382000e+01   1.0000000e+00   0.0000000e+00   0.0000000e+00   8.0000000e-02
   1.3397000e+01   1.0000000e+00   0.0000000e+00   0.0000000e+00   8.0000000e-02
   1.3411000e+01   1.0000000e+00   0.0000000e+00   0.0000000e+00   8.0000000e-02
   1.3426000e+01   1.0000000e+00   0.0000000e+00   0.0000000e+00   7.0000000e-02
   1.3441000e+01   1.0000000e+00   0.0000000e+00   0.0000000e+00   7.0000000e-02
   1.3456000e+01   1.0000000e+00   0.0000000e+00   0.0000000e+00   7.0000000e-02
   1.3471000e+01   1.0000000e+00   0.0000000e+00   0.0000000e+00   6.0000000e-02
   1.3486000e+01   1.0000000e+00   0.0000000e+00   0.0000000e+00   6.0000000e-02
   1.3501000e+01   1.0000000e+00   0.0000000e+00   0.0000000e+00   5.0000000e-02
   1.3516000e+01   1.0000000e+00   0.0000000e+00   0.0000000e+00   5.0000000e-02
   1.3530000e+01   1.0000000e+00   0.0000000e+00   0.0000000e+00   4.0000000e-02
   1.3545000e+01   1.0000000e+00   0.0000000e+00   0.0000000e+00   4.0000000e-02
   1.3560000e+01   1.0000000e+00   0.0000000e+00   0.0000000e+00   4.0000000e-02
   1.3575000e+01   1.0000000e+00   0.0000000e+00   0.0000000e+00   4.0000000e-02
   1.3590000e+01   1.0000000e+00   0.0000000e+00   0.0000000e+00   4.0000000e-02
   1.3605000e+01   1.0000000e+00   0.0000000e+00   0.0000000e+00   4.0000000e-02
   1.3620000e+01   1.0000000e+00   0.0000000e+00   0.0000000e+00   4.0000000e-02
   1.3635000e+01   1.0000000e+00   0.0000000e+00   0.0000000e+00   4.0000000e-02
   1.3649000e+01   1.0000000e+00   0.0000000e+00   0.0000000e+00   4.0000000e-02
   1.3664000e+01   1.0000000e+00   0.0000000e+00   0.0000000e+00   5.0000000e-02
   1.3679000e+01   1.0000000e+00   0.0000000e+00   0.0000000e+00   5.0000000e-02
   1.3694000e+01   1.0000000e+00   0.0000000e+00   0.0000000e+00   5.0000000e-02
   1.3709000e+01   1.0000000e+00   0.0000000e+00   0.0000000e+00   6.0000000e-02
   1.3724000e+01   1.0000000e+00   0.0000000e+00   0.0000000e+00   6.0000000e-02
   1.3739000e+01   1.0000000e+00   0.0000000e+00   0.0000000e+00   6.0000000e-02
   1.3753000e+01   1.0000000e+00   0.0000000e+00   0.0000000e+00   6.0000000e-02
   1.3768000e+01   1.0000000e+00   0.0000000e+00   0.0000000e+00   7.0000000e-02
   1.3783000e+01   1.0000000e+00   0.0000000e+00   0.0000000e+00   7.0000000e-02
   1.3798000e+01   1.0000000e+00   0.0000000e+00   0.0000000e+00   7.0000000e-02
   1.3813000e+01   1.0000000e+00   0.0000000e+00   0.0000000e+00   8.0000000e-02
   1.3828000e+01   1.0000000e+00   0.0000000e+00   0.0000000e+00   8.0000000e-02
   1.3843000e+01   1.0000000e+00   0.0000000e+00   0.0000000e+00   8.0000000e-02
   1.3858000e+01   1.0000000e+00   0.0000000e+00   0.0000000e+00   8.0000000e-02
   1.3872000e+01   1.0000000e+00   0.0000000e+00   0.0000000e+00   8.0000000e-02
   1.3887000e+01   1.0000000e+00   0.0000000e+00   0.0000000e+00   7.0000000e-02
   1.3902000e+01   1.0000000e+00   0.0000000e+00   0.0000000e+00   7.0000000e-02
   1.3917000e+01   1.0000000e+00   0.0000000e+00   0.0000000e+00   7.0000000e-02
   1.3932000e+01   1.0000000e+00   0.0000000e+00   0.0000000e+00   6.0000000e-02
   1.3947000e+01   1.0000000e+00   0.0000000e+00   0.0000000e+00   6.0000000e-02
   1.3962000e+01   1.0000000e+00   0.0000000e+00   0.0000000e+00   6.0000000e-02
   1.3976000e+01   1.0000000e+00   0.0000000e+00   0.0000000e+00   6.0000000e-02
   1.3991000e+01   1.0000000e+00   0.0000000e+00   0.0000000e+00   7.0000000e-02
   1.4006000e+01   1.0000000e+00   0.0000000e+00   0.0000000e+00   7.0000000e-02
   1.4021000e+01   1.0000000e+00   0.0000000e+00   0.0000000e+00   7.0000000e-02
   1.4036000e+01   1.0000000e+00   0.0000000e+00   0.0000000e+00   7.0000000e-02
   1.4051000e+01   1.0000000e+00   0.0000000e+00   0.0000000e+00   8.0000000e-02
   1.4066000e+01   1.0000000e+00   0.0000000e+00   0.0000000e+00   8.0000000e-02
   1.4081000e+01   1.0000000e+00   0.0000000e+00   0.0000000e+00   8.0000000e-02
   1.4095000e+01   1.0000000e+00   0.0000000e+00   0.0000000e+00   8.0000000e-02
   1.4110000e+01   1.0000000e+00   0.0000000e+00   0.0000000e+00   8.0000000e-02
   1.4125000e+01   1.0000000e+00   0.0000000e+00   0.0000000e+00   7.0000000e-02
   1.4140000e+01   1.0000000e+00   0.0000000e+00   0.0000000e+00   7.0000000e-02
   1.4155000e+01   1.0000000e+00   0.0000000e+00   0.0000000e+00   7.0000000e-02
   1.4170000e+01   1.0000000e+00   0.0000000e+00   0.0000000e+00   6.0000000e-02
   1.4185000e+01   1.0000000e+00   0.0000000e+00   0.0000000e+00   6.0000000e-02
   1.4200000e+01   1.0000000e+00   0.0000000e+00   0.0000000e+00   6.0000000e-02
   1.4214000e+01   1.0000000e+00   0.0000000e+00   0.0000000e+00   6.0000000e-02
   1.4229000e+01   1.0000000e+00   0.0000000e+00   0.0000000e+00   6.0000000e-02
   1.4244000e+01   1.0000000e+00   0.0000000e+00   0.0000000e+00   6.0000000e-02
   1.4259000e+01   1.0000000e+00   0.0000000e+00   0.0000000e+00   7.0000000e-02
   1.4274000e+01   1.0000000e+00   0.0000000e+00   0.0000000e+00   7.0000000e-02
   1.4289000e+01   1.0000000e+00   0.0000000e+00   0.0000000e+00   7.0000000e-02
   1.4304000e+01   1.0000000e+00   0.0000000e+00   0.0000000e+00   8.0000000e-02
   1.4318000e+01   1.0000000e+00   0.0000000e+00   0.0000000e+00   8.0000000e-02
   1.4333000e+01   1.0000000e+00   0.0000000e+00   0.0000000e+00   8.0000000e-02
   1.4348000e+01   1.0000000e+00   0.0000000e+00   0.0000000e+00   8.0000000e-02
   1.4363000e+01   1.0000000e+00   0.0000000e+00   0.0000000e+00   9.0000000e-02
   1.4378000e+01   1.0000000e+00   0.0000000e+00   0.0000000e+00   9.0000000e-02
   1.4393000e+01   1.0000000e+00   0.0000000e+00   0.0000000e+00   8.0000000e-02
   1.4408000e+01   1.0000000e+00   0.0000000e+00   0.0000000e+00   8.0000000e-02
   1.4423000e+01   1.0000000e+00   0.0000000e+00   0.0000000e+00   8.0000000e-02
   1.4437000e+01   1.0000000e+00   0.0000000e+00   0.0000000e+00   7.0000000e-02
   1.4452000e+01   1.0000000e+00   0.0000000e+00   0.0000000e+00   7.0000000e-02
   1.4467000e+01   1.0000000e+00   0.0000000e+00   0.0000000e+00   6.0000000e-02
   1.4482000e+01   1.0000000e+00   0.0000000e+00   0.0000000e+00   5.0000000e-02
   1.4497000e+01   1.0000000e+00   0.0000000e+00   0.0000000e+00   5.0000000e-02
   1.4512000e+01   1.0000000e+00   0.0000000e+00   0.0000000e+00   4.0000000e-02
   1.4527000e+01   1.0000000e+00   0.0000000e+00   0.0000000e+00   4.0000000e-02
   1.4541000e+01   1.0000000e+00   0.0000000e+00   0.0000000e+00   3.0000000e-02
   1.4556000e+01   1.0000000e+00   0.0000000e+00   0.0000000e+00   3.0000000e-02
   1.4571000e+01   1.0000000e+00   0.0000000e+00   0.0000000e+00   3.0000000e-02
   1.4586000e+01   1.0000000e+00   0.0000000e+00   0.0000000e+00   3.0000000e-02
   1.4601000e+01   1.0000000e+00   0.0000000e+00   0.0000000e+00   3.0000000e-02
   1.4616000e+01   1.0000000e+00   0.0000000e+00   0.0000000e+00   3.0000000e-02
   1.4631000e+01   1.0000000e+00   0.0000000e+00   0.0000000e+00   4.0000000e-02
   1.4646000e+01   1.0000000e+00   0.0000000e+00   0.0000000e+00   4.0000000e-02
   1.4660000e+01   1.0000000e+00   0.0000000e+00   0.0000000e+00   4.0000000e-02
   1.4675000e+01   1.0000000e+00   0.0000000e+00   0.0000000e+00   4.0000000e-02
   1.4690000e+01   1.0000000e+00   0.0000000e+00   0.0000000e+00   5.0000000e-02
   1.4705000e+01   1.0000000e+00   0.0000000e+00   0.0000000e+00   5.0000000e-02
   1.4720000e+01   1.0000000e+00   0.0000000e+00   0.0000000e+00   5.0000000e-02
   1.4735000e+01   1.0000000e+00   0.0000000e+00   0.0000000e+00   6.0000000e-02
   1.4750000e+01   1.0000000e+00   0.0000000e+00   0.0000000e+00   6.0000000e-02
   1.4765000e+01   1.0000000e+00   0.0000000e+00   0.0000000e+00   6.0000000e-02
   1.4779000e+01   1.0000000e+00   0.0000000e+00   0.0000000e+00   7.0000000e-02
   1.4794000e+01   1.0000000e+00   0.0000000e+00   0.0000000e+00   7.0000000e-02
   1.4809000e+01   1.0000000e+00   0.0000000e+00   0.0000000e+00   7.0000000e-02
   1.4824000e+01   1.0000000e+00   0.0000000e+00   0.0000000e+00   8.0000000e-02
   1.4839000e+01   1.0000000e+00   0.0000000e+00   0.0000000e+00   8.0000000e-02
   1.4854000e+01   1.0000000e+00   0.0000000e+00   0.0000000e+00   8.0000000e-02
   1.4869000e+01   1.0000000e+00   0.0000000e+00   0.0000000e+00   8.0000000e-02
   1.4883000e+01   1.0000000e+00   0.0000000e+00   0.0000000e+00   8.0000000e-02
   1.4898000e+01   1.0000000e+00   0.0000000e+00   0.0000000e+00   8.0000000e-02
   1.4913000e+01   1.0000000e+00   0.0000000e+00   0.0000000e+00   8.0000000e-02
   1.4928000e+01   1.0000000e+00   0.0000000e+00   0.0000000e+00   8.0000000e-02
   1.4943000e+01   1.0000000e+00   0.0000000e+00   0.0000000e+00   8.0000000e-02
   1.4958000e+01   1.0000000e+00   0.0000000e+00   0.0000000e+00   8.0000000e-02
   1.4973000e+01   1.0000000e+00   0.0000000e+00   0.0000000e+00   8.0000000e-02
   1.4988000e+01   1.0000000e+00   0.0000000e+00   0.0000000e+00   8.0000000e-02
   1.5002000e+01   1.0000000e+00   0.0000000e+00   0.0000000e+00   8.0000000e-02
   1.5017000e+01   1.0000000e+00   0.0000000e+00   0.0000000e+00   7.0000000e-02
   1.5032000e+01   1.0000000e+00   0.0000000e+00   0.0000000e+00   6.0000000e-02
   1.5047000e+01   1.0000000e+00   0.0000000e+00   0.0000000e+00   5.0000000e-02
   1.5062000e+01   1.0000000e+00   0.0000000e+00   0.0000000e+00   4.0000000e-02
   1.5077000e+01   1.0000000e+00   0.0000000e+00   0.0000000e+00   3.0000000e-02
   1.5092000e+01   1.0000000e+00   0.0000000e+00   0.0000000e+00   1.0000000e-02
   1.5106000e+01   1.0000000e+00   0.0000000e+00   0.0000000e+00   0.0000000e+00
