0 15000000000 1.0
Linear 3 explicit
0.0  -0.0 -0.0 0.0
0.015  0.01 -0.0 -0.01
0.03  0.01 -0.01 -0.02
0.045  0.02 -0.01 -0.04
0.059  0.03 -0.02 -0.06
0.074  0.03 -0.02 -0.09
0.089  0.04 -0.03 -0.11
0.104  0.04 -0.03 -0.14
0.119  0.05 -0.03 -0.16
0.134  0.05 -0.03 -0.17
0.149  0.04 -0.03 -0.18
0.164  0.04 -0.02 -0.18
0.178  0.04 -0.01 -0.18
0.193  0.03 -0.01 -0.17
0.208  0.03 -0.01 -0.17
0.223  0.03 -0.01 -0.17
0.238  0.03 -0.02 -0.17
0.253  0.03 -0.03 -0.18
0.268  0.04 -0.04 -0.18
0.283  0.04 -0.05 -0.19
0.297  0.04 -0.06 -0.19
0.312  0.04 -0.07 -0.19
0.327  0.04 -0.07 -0.19
0.342  0.04 -0.08 -0.19
0.357  0.03 -0.08 -0.18
0.372  0.03 -0.08 -0.18
0.387  0.03 -0.08 -0.17
0.401  0.03 -0.08 -0.17
0.416  0.03 -0.08 -0.17
0.431  0.03 -0.08 -0.18
0.446  0.04 -0.08 -0.18
0.461  0.04 -0.08 -0.19
0.476  0.04 -0.08 -0.19
0.491  0.05 -0.07 -0.2
0.506  0.05 -0.06 -0.2
0.52  0.05 -0.05 -0.2
0.535  0.04 -0.04 -0.21
0.55  0.04 -0.03 -0.21
0.565  0.04 -0.02 -0.21
0.58  0.03 -0.01 -0.22
0.595  0.03 -0.0 -0.23
0.61  0.03 -0.0 -0.24
0.624  0.03 -0.0 -0.25
0.639  0.03 -0.01 -0.26
0.654  0.03 -0.02 -0.28
0.669  0.04 -0.03 -0.29
0.684  0.04 -0.04 -0.3
0.699  0.05 -0.06 -0.31
0.714  0.05 -0.07 -0.31
0.729  0.05 -0.09 -0.31
0.743  0.06 -0.11 -0.3
0.758  0.06 -0.13 -0.29
0.773  0.06 -0.14 -0.27
0.788  0.06 -0.15 -0.26
0.803  0.06 -0.15 -0.25
0.818  0.06 -0.15 -0.24
0.833  0.05 -0.14 -0.22
0.848  0.05 -0.13 -0.22
0.862  0.05 -0.12 -0.21
0.877  0.05 -0.11 -0.21
0.892  0.05 -0.11 -0.21
0.907  0.04 -0.1 -0.21
0.922  0.04 -0.1 -0.21
0.937  0.04 -0.1 -0.22
0.952  0.04 -0.11 -0.22
0.966  0.03 -0.11 -0.23
0.981  0.04 -0.11 -0.23
0.996  0.04 -0.12 -0.23
1.011  0.04 -0.13 -0.23
1.026  0.04 -0.13 -0.22
1.041  0.05 -0.14 -0.22
1.056  0.05 -0.15 -0.21
1.071  0.05 -0.15 -0.2
1.085  0.06 -0.15 -0.19
1.1  0.05 -0.15 -0.18
1.115  0.05 -0.15 -0.16
1.13  0.05 -0.14 -0.15
1.145  0.05 -0.14 -0.15
1.16  0.05 -0.13 -0.14
1.175  0.04 -0.12 -0.14
1.189  0.04 -0.11 -0.15
1.204  0.05 -0.09 -0.16
1.219  0.05 -0.08 -0.17
1.234  0.05 -0.07 -0.19
1.249  0.05 -0.07 -0.21
1.264  0.05 -0.06 -0.23
1.279  0.06 -0.05 -0.25
1.294  0.06 -0.05 -0.26
1.308  0.06 -0.05 -0.27
1.323  0.06 -0.04 -0.28
1.338  0.06 -0.04 -0.29
1.353  0.06 -0.03 -0.3
1.368  0.06 -0.03 -0.3
1.383  0.06 -0.03 -0.31
1.398  0.06 -0.03 -0.32
1.413  0.06 -0.03 -0.33
1.427  0.06 -0.03 -0.33
1.442  0.06 -0.04 -0.33
1.457  0.06 -0.04 -0.33
1.472  0.06 -0.05 -0.32
1.487  0.06 -0.05 -0.31
1.502  0.06 -0.04 -0.3
1.517  0.06 -0.04 -0.28
1.531  0.05 -0.03 -0.27
1.546  0.05 -0.02 -0.25
1.561  0.05 -0.01 -0.24
1.576  0.05 0.0 -0.23
1.591  0.05 0.01 -0.23
1.606  0.05 0.02 -0.23
1.621  0.05 0.02 -0.23
1.636  0.05 0.01 -0.23
1.65  0.06 0.01 -0.24
1.665  0.06 -0.0 -0.25
1.68  0.05 -0.01 -0.25
1.695  0.05 -0.02 -0.26
1.71  0.05 -0.02 -0.26
1.725  0.04 -0.02 -0.25
1.74  0.04 -0.02 -0.25
1.754  0.03 -0.01 -0.23
1.769  0.02 0.01 -0.21
1.784  0.02 0.02 -0.2
1.799  0.01 0.04 -0.18
1.814  0.01 0.06 -0.16
1.829  0.0 0.08 -0.15
1.844  -0.0 0.1 -0.14
1.859  -0.0 0.12 -0.13
1.873  -0.01 0.13 -0.12
1.888  -0.01 0.14 -0.11
1.903  -0.01 0.15 -0.11
1.918  -0.01 0.15 -0.1
1.933  -0.01 0.14 -0.09
1.948  -0.01 0.13 -0.08
1.963  -0.01 0.11 -0.07
1.978  -0.02 0.09 -0.06
1.992  -0.02 0.07 -0.05
2.007  -0.02 0.05 -0.04
2.022  -0.02 0.04 -0.02
2.037  -0.02 0.04 -0.0
2.052  -0.03 0.05 0.02
2.067  -0.03 0.07 0.04
2.082  -0.03 0.09 0.06
2.096  -0.04 0.1 0.07
2.111  -0.04 0.12 0.08
2.126  -0.04 0.13 0.08
2.141  -0.03 0.13 0.07
2.156  -0.03 0.12 0.07
2.171  -0.03 0.11 0.06
2.186  -0.02 0.1 0.05
2.201  -0.02 0.08 0.04
2.215  -0.01 0.07 0.04
2.23  -0.01 0.07 0.03
2.245  -0.01 0.06 0.03
2.26  -0.01 0.06 0.03
2.275  -0.01 0.06 0.02
2.29  -0.01 0.06 0.02
2.305  -0.01 0.06 0.02
2.32  -0.01 0.06 0.02
2.334  -0.01 0.06 0.02
2.349  -0.01 0.05 0.02
2.364  -0.01 0.04 0.02
2.379  -0.01 0.04 0.02
2.394  -0.01 0.03 0.02
2.409  -0.0 0.02 0.01
2.424  0.01 0.01 0.0
2.438  0.01 -0.0 -0.01
2.453  0.02 -0.01 -0.03
2.468  0.04 -0.02 -0.05
2.483  0.05 -0.02 -0.07
2.498  0.06 -0.02 -0.09
2.513  0.07 -0.02 -0.1
2.528  0.08 -0.01 -0.11
2.543  0.09 -0.0 -0.11
2.557  0.11 0.02 -0.12
2.572  0.13 0.04 -0.13
2.587  0.16 0.06 -0.14
2.602  0.2 0.09 -0.15
2.617  0.23 0.12 -0.17
2.632  0.28 0.15 -0.2
2.647  0.33 0.18 -0.23
2.661  0.38 0.2 -0.26
2.676  0.43 0.22 -0.29
2.691  0.48 0.24 -0.33
2.706  0.53 0.25 -0.36
2.721  0.58 0.26 -0.4
2.736  0.62 0.28 -0.43
2.751  0.66 0.29 -0.46
2.766  0.69 0.3 -0.48
2.78  0.72 0.32 -0.5
2.795  0.75 0.33 -0.51
2.81  0.77 0.34 -0.53
2.825  0.79 0.35 -0.54
2.84  0.8 0.36 -0.55
2.855  0.81 0.36 -0.55
2.87  0.83 0.36 -0.56
2.885  0.83 0.37 -0.57
2.899  0.84 0.36 -0.57
2.914  0.85 0.36 -0.57
2.929  0.85 0.36 -0.56
2.944  0.85 0.36 -0.55
2.959  0.86 0.37 -0.55
2.974  0.86 0.37 -0.54
2.989  0.86 0.37 -0.54
3.003  0.86 0.37 -0.53
3.018  0.87 0.37 -0.54
3.033  0.88 0.36 -0.54
3.048  0.88 0.36 -0.55
3.063  0.89 0.36 -0.57
3.078  0.9 0.35 -0.58
3.093  0.91 0.35 -0.6
3.108  0.92 0.35 -0.62
3.122  0.94 0.35 -0.63
3.137  0.95 0.36 -0.65
3.152  0.96 0.37 -0.66
3.167  0.97 0.38 -0.68
3.182  0.98 0.39 -0.7
3.197  0.99 0.4 -0.72
3.212  1.0 0.42 -0.74
3.226  1.01 0.43 -0.76
3.241  1.02 0.43 -0.78
3.256  1.03 0.44 -0.8
3.271  1.04 0.44 -0.82
3.286  1.06 0.44 -0.83
3.301  1.07 0.44 -0.84
3.316  1.08 0.44 -0.84
3.331  1.09 0.45 -0.85
3.345  1.1 0.45 -0.85
3.36  1.11 0.45 -0.86
3.375  1.12 0.46 -0.86
3.39  1.13 0.46 -0.88
3.405  1.14 0.45 -0.89
3.42  1.16 0.44 -0.91
3.435  1.18 0.44 -0.94
3.45  1.2 0.43 -0.96
3.464  1.22 0.42 -0.97
3.479  1.25 0.41 -0.98
3.494  1.27 0.41 -0.98
3.509  1.28 0.41 -0.97
3.524  1.29 0.42 -0.95
3.539  1.3 0.42 -0.93
3.554  1.31 0.43 -0.9
3.568  1.32 0.43 -0.86
3.583  1.32 0.43 -0.83
3.598  1.33 0.43 -0.81
3.613  1.33 0.43 -0.79
3.628  1.34 0.42 -0.79
3.643  1.35 0.42 -0.79
3.658  1.36 0.41 -0.81
3.673  1.37 0.41 -0.83
3.687  1.38 0.4 -0.87
3.702  1.39 0.4 -0.91
3.717  1.4 0.4 -0.96
3.732  1.41 0.41 -1.01
3.747  1.42 0.41 -1.07
3.762  1.44 0.42 -1.12
3.777  1.45 0.43 -1.17
3.791  1.47 0.43 -1.22
3.806  1.49 0.44 -1.27
3.821  1.51 0.45 -1.31
3.836  1.53 0.46 -1.35
3.851  1.56 0.47 -1.39
3.866  1.58 0.48 -1.42
3.881  1.61 0.49 -1.45
3.896  1.64 0.5 -1.47
3.91  1.66 0.51 -1.48
3.925  1.68 0.51 -1.49
3.94  1.7 0.52 -1.49
3.955  1.72 0.53 -1.48
3.97  1.74 0.54 -1.48
3.985  1.76 0.55 -1.47
4.0  1.77 0.56 -1.47
4.015  1.78 0.58 -1.48
4.029  1.79 0.6 -1.49
4.044  1.8 0.63 -1.51
4.059  1.81 0.65 -1.53
4.074  1.82 0.67 -1.55
4.089  1.83 0.69 -1.56
4.104  1.84 0.7 -1.57
4.119  1.85 0.7 -1.57
4.133  1.87 0.7 -1.57
4.148  1.89 0.69 -1.56
4.163  1.91 0.68 -1.56
4.178  1.92 0.67 -1.55
4.193  1.94 0.65 -1.55
4.208  1.95 0.64 -1.56
4.223  1.96 0.63 -1.56
4.238  1.97 0.62 -1.57
4.252  1.98 0.62 -1.58
4.267  1.98 0.62 -1.59
4.282  1.99 0.62 -1.61
4.297  1.99 0.62 -1.63
4.312  1.99 0.63 -1.64
4.327  2.0 0.64 -1.66
4.342  2.0 0.65 -1.66
4.356  2.0 0.66 -1.67
4.371  2.0 0.66 -1.67
4.386  2.0 0.67 -1.67
4.401  2.01 0.67 -1.66
4.416  2.01 0.67 -1.65
4.431  2.02 0.67 -1.65
4.446  2.02 0.67 -1.65
4.461  2.03 0.67 -1.66
4.475  2.04 0.68 -1.68
4.49  2.05 0.69 -1.69
4.505  2.05 0.7 -1.71
4.52  2.06 0.71 -1.73
4.535  2.07 0.73 -1.75
4.55  2.07 0.74 -1.76
4.565  2.08 0.74 -1.77
4.58  2.09 0.75 -1.77
4.594  2.1 0.75 -1.78
4.609  2.11 0.75 -1.79
4.624  2.13 0.74 -1.8
4.639  2.14 0.74 -1.82
4.654  2.15 0.75 -1.83
4.669  2.17 0.75 -1.85
4.684  2.18 0.77 -1.87
4.698  2.2 0.78 -1.88
4.713  2.22 0.79 -1.89
4.728  2.24 0.81 -1.9
4.743  2.27 0.82 -1.9
4.758  2.29 0.83 -1.9
4.773  2.31 0.84 -1.9
4.788  2.34 0.85 -1.9
4.803  2.37 0.86 -1.91
4.817  2.39 0.87 -1.92
4.832  2.42 0.89 -1.94
4.847  2.45 0.9 -1.96
4.862  2.48 0.92 -2.0
4.877  2.52 0.94 -2.03
4.892  2.55 0.96 -2.06
4.907  2.58 0.98 -2.09
4.922  2.61 1.01 -2.11
4.936  2.63 1.03 -2.13
4.951  2.66 1.04 -2.14
4.966  2.67 1.05 -2.14
4.981  2.69 1.06 -2.13
4.996  2.7 1.07 -2.12
5.011  2.71 1.06 -2.11
5.026  2.71 1.06 -2.09
5.04  2.72 1.05 -2.08
5.055  2.72 1.05 -2.07
5.07  2.73 1.04 -2.07
5.085  2.73 1.03 -2.06
5.1  2.73 1.02 -2.07
5.115  2.74 1.02 -2.07
5.13  2.74 1.01 -2.08
5.145  2.74 1.01 -2.09
5.159  2.75 1.01 -2.09
5.174  2.75 1.01 -2.1
5.189  2.75 1.01 -2.09
5.204  2.75 1.01 -2.09
5.219  2.75 1.01 -2.08
5.234  2.74 1.01 -2.07
5.249  2.74 1.01 -2.07
5.263  2.74 1.0 -2.06
5.278  2.74 1.0 -2.06
5.293  2.74 1.0 -2.06
5.308  2.73 1.0 -2.07
5.323  2.73 1.01 -2.07
5.338  2.72 1.01 -2.08
5.353  2.71 1.02 -2.08
5.368  2.71 1.03 -2.08
5.382  2.7 1.05 -2.08
5.397  2.69 1.06 -2.07
5.412  2.68 1.07 -2.06
5.427  2.67 1.08 -2.04
5.442  2.66 1.09 -2.02
5.457  2.65 1.1 -2.0
5.472  2.65 1.1 -1.98
5.487  2.64 1.1 -1.96
5.501  2.64 1.1 -1.95
5.516  2.64 1.1 -1.94
5.531  2.64 1.09 -1.94
5.546  2.64 1.08 -1.94
5.561  2.64 1.08 -1.94
5.576  2.64 1.07 -1.94
5.591  2.64 1.06 -1.94
5.605  2.65 1.06 -1.93
5.62  2.65 1.06 -1.93
5.635  2.65 1.06 -1.92
5.65  2.65 1.06 -1.91
5.665  2.64 1.06 -1.9
5.68  2.64 1.07 -1.9
5.695  2.64 1.07 -1.89
5.71  2.63 1.08 -1.88
5.724  2.63 1.09 -1.86
5.739  2.62 1.1 -1.85
5.754  2.62 1.1 -1.84
5.769  2.61 1.11 -1.83
5.784  2.61 1.11 -1.83
5.799  2.61 1.11 -1.84
5.814  2.61 1.1 -1.85
5.828  2.61 1.09 -1.86
5.843  2.61 1.08 -1.88
5.858  2.61 1.06 -1.89
5.873  2.62 1.05 -1.91
5.888  2.62 1.04 -1.91
5.903  2.62 1.03 -1.91
5.918  2.62 1.02 -1.9
5.933  2.62 1.01 -1.88
5.947  2.62 1.01 -1.87
5.962  2.61 1.02 -1.85
5.977  2.61 1.03 -1.84
5.992  2.6 1.04 -1.82
6.007  2.59 1.05 -1.81
6.022  2.59 1.06 -1.8
6.037  2.58 1.07 -1.78
6.052  2.58 1.07 -1.77
6.066  2.58 1.07 -1.74
6.081  2.57 1.07 -1.72
6.096  2.57 1.07 -1.7
6.111  2.57 1.07 -1.68
6.126  2.57 1.07 -1.67
6.141  2.57 1.07 -1.66
6.156  2.57 1.07 -1.65
6.17  2.57 1.07 -1.65
6.185  2.57 1.08 -1.65
6.2  2.57 1.08 -1.65
6.215  2.57 1.08 -1.65
6.23  2.57 1.08 -1.65
6.245  2.56 1.07 -1.65
6.26  2.56 1.07 -1.65
6.275  2.56 1.07 -1.66
6.289  2.56 1.06 -1.67
6.304  2.56 1.06 -1.67
6.319  2.56 1.05 -1.68
6.334  2.56 1.05 -1.68
6.349  2.56 1.05 -1.68
6.364  2.56 1.05 -1.68
6.379  2.56 1.05 -1.67
6.393  2.57 1.05 -1.67
6.408  2.57 1.04 -1.66
6.423  2.57 1.04 -1.66
6.438  2.57 1.04 -1.65
6.453  2.57 1.04 -1.66
6.468  2.57 1.04 -1.66
6.483  2.57 1.04 -1.67
6.498  2.56 1.04 -1.68
6.512  2.56 1.05 -1.7
6.527  2.55 1.06 -1.72
6.542  2.55 1.07 -1.74
6.557  2.54 1.08 -1.77
6.572  2.54 1.09 -1.79
6.587  2.53 1.09 -1.8
6.602  2.53 1.09 -1.81
6.617  2.54 1.09 -1.82
6.631  2.54 1.08 -1.82
6.646  2.55 1.06 -1.81
6.661  2.56 1.05 -1.8
6.676  2.57 1.03 -1.79
6.691  2.58 1.01 -1.78
6.706  2.59 1.0 -1.78
6.721  2.59 0.99 -1.78
6.735  2.6 0.97 -1.79
6.75  2.6 0.96 -1.79
6.765  2.61 0.96 -1.8
6.78  2.61 0.95 -1.81
6.795  2.61 0.95 -1.82
6.81  2.6 0.95 -1.82
6.825  2.6 0.95 -1.82
6.84  2.59 0.96 -1.81
6.854  2.59 0.97 -1.8
6.869  2.58 0.97 -1.79
6.884  2.58 0.98 -1.78
6.899  2.57 0.98 -1.77
6.914  2.57 0.99 -1.77
6.929  2.57 0.98 -1.77
6.944  2.58 0.98 -1.77
6.959  2.58 0.98 -1.77
6.973  2.59 0.98 -1.78
6.988  2.59 0.98 -1.79
7.003  2.6 0.98 -1.79
7.018  2.61 0.98 -1.8
7.033  2.61 0.98 -1.81
7.048  2.61 0.98 -1.82
7.063  2.62 0.98 -1.84
7.077  2.62 0.98 -1.85
7.092  2.62 0.98 -1.87
7.107  2.62 0.99 -1.88
7.122  2.61 0.99 -1.88
7.137  2.61 1.0 -1.88
7.152  2.6 1.01 -1.88
7.167  2.6 1.01 -1.87
7.182  2.6 1.02 -1.86
7.196  2.6 1.02 -1.86
7.211  2.6 1.01 -1.86
7.226  2.61 1.01 -1.87
7.241  2.61 1.0 -1.87
7.256  2.62 1.0 -1.88
7.271  2.62 0.99 -1.88
7.286  2.63 0.99 -1.89
7.3  2.63 0.99 -1.89
7.315  2.63 0.99 -1.89
7.33  2.63 0.99 -1.89
7.345  2.63 0.99 -1.9
7.36  2.62 0.99 -1.9
7.375  2.62 0.99 -1.91
7.39  2.62 0.99 -1.92
7.405  2.62 0.99 -1.93
7.419  2.62 0.98 -1.93
7.434  2.62 0.97 -1.93
7.449  2.62 0.97 -1.93
7.464  2.62 0.96 -1.92
7.479  2.62 0.96 -1.92
7.494  2.62 0.96 -1.91
7.509  2.62 0.96 -1.91
7.524  2.62 0.95 -1.91
7.538  2.63 0.95 -1.92
7.553  2.63 0.95 -1.93
7.568  2.63 0.95 -1.94
7.583  2.62 0.95 -1.95
7.598  2.62 0.95 -1.95
7.613  2.62 0.95 -1.96
7.628  2.62 0.95 -1.96
7.642  2.62 0.96 -1.96
7.657  2.61 0.97 -1.95
7.672  2.61 0.97 -1.95
7.687  2.61 0.98 -1.94
7.702  2.61 0.99 -1.93
7.717  2.61 0.99 -1.93
7.732  2.61 1.0 -1.92
7.747  2.62 1.0 -1.92
7.761  2.62 0.99 -1.92
7.776  2.62 0.99 -1.92
7.791  2.62 0.98 -1.92
7.806  2.63 0.98 -1.93
7.821  2.63 0.98 -1.93
7.836  2.63 0.98 -1.93
7.851  2.64 0.98 -1.93
7.865  2.64 0.98 -1.93
7.88  2.64 0.98 -1.93
7.895  2.65 0.97 -1.93
7.91  2.65 0.97 -1.93
7.925  2.65 0.96 -1.93
7.94  2.65 0.96 -1.94
7.955  2.66 0.95 -1.95
7.97  2.66 0.94 -1.96
7.984  2.66 0.94 -1.97
7.999  2.67 0.93 -1.98
8.014  2.67 0.92 -2.0
8.029  2.68 0.92 -2.01
8.044  2.68 0.91 -2.02
8.059  2.69 0.91 -2.03
8.074  2.69 0.91 -2.04
8.089  2.69 0.92 -2.04
8.103  2.7 0.92 -2.04
8.118  2.7 0.93 -2.04
8.133  2.7 0.94 -2.03
8.148  2.7 0.95 -2.03
8.163  2.7 0.96 -2.03
8.178  2.71 0.97 -2.03
8.193  2.71 0.98 -2.03
8.207  2.72 0.99 -2.04
8.222  2.73 1.0 -2.06
8.237  2.74 1.01 -2.07
8.252  2.75 1.01 -2.09
8.267  2.76 1.02 -2.1
8.282  2.77 1.02 -2.1
8.297  2.77 1.01 -2.11
8.312  2.78 1.01 -2.1
8.326  2.78 1.01 -2.09
8.341  2.77 1.02 -2.08
8.356  2.77 1.02 -2.06
8.371  2.76 1.03 -2.04
8.386  2.76 1.04 -2.03
8.401  2.75 1.05 -2.02
8.416  2.75 1.07 -2.01
8.43  2.75 1.08 -2.0
8.445  2.74 1.08 -2.0
8.46  2.74 1.09 -1.99
8.475  2.74 1.09 -1.99
8.49  2.74 1.09 -1.98
8.505  2.74 1.09 -1.98
8.52  2.74 1.09 -1.97
8.535  2.74 1.08 -1.96
8.549  2.74 1.08 -1.96
8.564  2.74 1.08 -1.96
8.579  2.74 1.08 -1.96
8.594  2.74 1.08 -1.96
8.609  2.74 1.08 -1.97
8.624  2.75 1.09 -1.98
8.639  2.75 1.09 -2.0
8.654  2.75 1.09 -2.01
8.668  2.76 1.09 -2.03
8.683  2.76 1.09 -2.04
8.698  2.76 1.08 -2.04
8.713  2.77 1.08 -2.04
8.728  2.77 1.07 -2.02
8.743  2.76 1.07 -1.99
8.758  2.76 1.07 -1.95
8.772  2.75 1.07 -1.91
8.787  2.75 1.07 -1.86
8.802  2.74 1.07 -1.81
8.817  2.73 1.07 -1.76
8.832  2.73 1.07 -1.73
8.847  2.72 1.08 -1.71
8.862  2.72 1.08 -1.7
8.877  2.72 1.09 -1.7
8.891  2.72 1.1 -1.71
8.906  2.72 1.11 -1.71
8.921  2.72 1.12 -1.72
8.936  2.72 1.13 -1.72
8.951  2.72 1.14 -1.72
8.966  2.72 1.15 -1.71
8.981  2.72 1.16 -1.7
8.996  2.73 1.16 -1.69
9.01  2.73 1.16 -1.69
9.025  2.73 1.17 -1.69
9.04  2.73 1.17 -1.7
9.055  2.73 1.17 -1.72
9.07  2.73 1.17 -1.75
9.085  2.73 1.17 -1.78
9.1  2.73 1.17 -1.82
9.114  2.73 1.17 -1.85
9.129  2.74 1.17 -1.88
9.144  2.74 1.16 -1.89
9.159  2.74 1.16 -1.9
9.174  2.74 1.15 -1.89
9.189  2.74 1.14 -1.88
9.204  2.74 1.13 -1.87
9.219  2.74 1.12 -1.85
9.233  2.74 1.11 -1.84
9.248  2.74 1.1 -1.83
9.263  2.74 1.09 -1.83
9.278  2.74 1.09 -1.83
9.293  2.75 1.08 -1.83
9.308  2.76 1.08 -1.84
9.323  2.76 1.07 -1.85
9.337  2.77 1.07 -1.86
9.352  2.78 1.07 -1.87
9.367  2.78 1.07 -1.87
9.382  2.79 1.07 -1.88
9.397  2.79 1.08 -1.88
9.412  2.79 1.08 -1.88
9.427  2.79 1.09 -1.88
9.442  2.79 1.1 -1.88
9.456  2.78 1.11 -1.88
9.471  2.78 1.12 -1.89
9.486  2.78 1.12 -1.91
9.501  2.78 1.13 -1.93
9.516  2.78 1.13 -1.95
9.531  2.78 1.13 -1.97
9.546  2.78 1.13 -1.99
9.561  2.78 1.14 -2.02
9.575  2.78 1.14 -2.04
9.59  2.78 1.14 -2.06
9.605  2.79 1.14 -2.07
9.62  2.79 1.14 -2.08
9.635  2.79 1.14 -2.09
9.65  2.8 1.14 -2.09
9.665  2.8 1.13 -2.09
9.679  2.8 1.13 -2.09
9.694  2.81 1.12 -2.08
9.709  2.81 1.12 -2.08
9.724  2.82 1.11 -2.08
9.739  2.82 1.1 -2.07
9.754  2.83 1.1 -2.07
9.769  2.83 1.1 -2.07
9.784  2.82 1.1 -2.06
9.798  2.82 1.1 -2.06
9.813  2.82 1.1 -2.07
9.828  2.82 1.1 -2.07
9.843  2.81 1.1 -2.07
9.858  2.81 1.1 -2.07
9.873  2.82 1.1 -2.08
9.888  2.82 1.09 -2.08
9.902  2.82 1.09 -2.08
9.917  2.82 1.08 -2.08
9.932  2.83 1.08 -2.08
9.947  2.83 1.08 -2.09
9.962  2.84 1.08 -2.1
9.977  2.84 1.09 -2.11
9.992  2.84 1.09 -2.13
10.007  2.85 1.09 -2.14
10.021  2.85 1.09 -2.16
10.036  2.85 1.09 -2.17
10.051  2.85 1.08 -2.18
10.066  2.86 1.08 -2.18
10.081  2.86 1.07 -2.19
10.096  2.86 1.06 -2.19
10.111  2.86 1.06 -2.19
10.126  2.86 1.05 -2.19
10.14  2.87 1.05 -2.19
10.155  2.87 1.04 -2.19
10.17  2.88 1.03 -2.19
10.185  2.88 1.03 -2.19
10.2  2.89 1.02 -2.2
10.215  2.9 1.02 -2.21
10.23  2.9 1.01 -2.22
10.244  2.91 1.0 -2.23
10.259  2.92 1.0 -2.23
10.274  2.93 0.99 -2.24
10.289  2.93 0.99 -2.24
10.304  2.94 0.98 -2.24
10.319  2.95 0.98 -2.23
10.334  2.95 0.98 -2.22
10.349  2.95 0.98 -2.2
10.363  2.95 0.98 -2.19
10.378  2.95 0.99 -2.18
10.393  2.94 0.99 -2.18
10.408  2.94 1.0 -2.17
10.423  2.93 1.0 -2.17
10.438  2.93 1.01 -2.17
10.453  2.93 1.01 -2.17
10.467  2.92 1.01 -2.18
10.482  2.92 1.01 -2.19
10.497  2.92 1.01 -2.2
10.512  2.92 1.01 -2.21
10.527  2.92 1.01 -2.22
10.542  2.92 1.01 -2.23
10.557  2.92 1.02 -2.24
10.572  2.92 1.02 -2.24
10.586  2.92 1.02 -2.25
10.601  2.93 1.02 -2.26
10.616  2.93 1.01 -2.26
10.631  2.94 1.01 -2.25
10.646  2.95 1.0 -2.24
10.661  2.95 0.99 -2.23
10.676  2.96 0.97 -2.21
10.691  2.96 0.96 -2.19
10.705  2.96 0.95 -2.18
10.72  2.96 0.94 -2.17
10.735  2.95 0.94 -2.16
10.75  2.95 0.94 -2.16
10.765  2.95 0.94 -2.16
10.78  2.95 0.95 -2.16
10.795  2.95 0.96 -2.17
10.809  2.95 0.97 -2.19
10.824  2.95 0.98 -2.2
10.839  2.95 0.99 -2.22
10.854  2.96 1.0 -2.25
10.869  2.96 1.01 -2.27
10.884  2.96 1.02 -2.28
10.899  2.96 1.03 -2.3
10.914  2.96 1.04 -2.3
10.928  2.95 1.05 -2.3
10.943  2.95 1.05 -2.3
10.958  2.95 1.05 -2.29
10.973  2.95 1.05 -2.28
10.988  2.95 1.04 -2.28
11.003  2.95 1.04 -2.28
11.018  2.95 1.04 -2.29
11.033  2.96 1.03 -2.29
11.047  2.96 1.04 -2.3
11.062  2.96 1.04 -2.31
11.077  2.96 1.04 -2.32
11.092  2.96 1.05 -2.33
11.107  2.96 1.05 -2.33
11.122  2.96 1.06 -2.34
11.137  2.95 1.06 -2.35
11.151  2.94 1.07 -2.35
11.166  2.93 1.07 -2.35
11.181  2.92 1.07 -2.34
11.196  2.91 1.07 -2.33
11.211  2.9 1.07 -2.31
11.226  2.89 1.06 -2.28
11.241  2.88 1.06 -2.24
11.256  2.87 1.04 -2.2
11.27  2.85 1.03 -2.16
11.285  2.84 1.02 -2.12
11.3  2.83 1.0 -2.09
11.315  2.82 0.98 -2.06
11.33  2.81 0.96 -2.04
11.345  2.8 0.94 -2.03
11.36  2.78 0.93 -2.02
11.374  2.76 0.91 -2.01
11.389  2.74 0.89 -1.99
11.404  2.71 0.87 -1.97
11.419  2.69 0.85 -1.94
11.434  2.66 0.84 -1.9
11.449  2.63 0.82 -1.86
11.464  2.61 0.8 -1.82
11.479  2.58 0.79 -1.78
11.493  2.55 0.77 -1.75
11.508  2.53 0.75 -1.73
11.523  2.51 0.73 -1.71
11.538  2.48 0.71 -1.69
11.553  2.46 0.69 -1.68
11.568  2.43 0.67 -1.67
11.583  2.41 0.66 -1.65
11.598  2.38 0.64 -1.63
11.612  2.35 0.63 -1.61
11.627  2.32 0.62 -1.58
11.642  2.29 0.61 -1.56
11.657  2.26 0.6 -1.54
11.672  2.23 0.59 -1.52
11.687  2.19 0.59 -1.5
11.702  2.16 0.58 -1.48
11.716  2.13 0.57 -1.46
11.731  2.09 0.56 -1.44
11.746  2.06 0.55 -1.41
11.761  2.03 0.53 -1.38
11.776  2.0 0.52 -1.34
11.791  1.96 0.51 -1.31
11.806  1.94 0.5 -1.27
11.821  1.91 0.5 -1.24
11.835  1.88 0.49 -1.21
11.85  1.86 0.49 -1.19
11.865  1.84 0.48 -1.18
11.88  1.83 0.47 -1.17
11.895  1.81 0.47 -1.15
11.91  1.79 0.46 -1.14
11.925  1.78 0.44 -1.12
11.939  1.76 0.43 -1.1
11.954  1.74 0.42 -1.07
11.969  1.72 0.41 -1.04
11.984  1.7 0.4 -1.0
11.999  1.68 0.39 -0.97
12.014  1.65 0.39 -0.94
12.029  1.63 0.38 -0.9
12.044  1.6 0.38 -0.87
12.058  1.58 0.38 -0.84
12.073  1.55 0.37 -0.81
12.088  1.53 0.37 -0.78
12.103  1.5 0.37 -0.75
12.118  1.48 0.37 -0.72
12.133  1.46 0.36 -0.69
12.148  1.43 0.36 -0.66
12.163  1.41 0.36 -0.63
12.177  1.39 0.35 -0.59
12.192  1.36 0.35 -0.56
12.207  1.34 0.34 -0.53
12.222  1.32 0.33 -0.51
12.237  1.29 0.32 -0.49
12.252  1.27 0.31 -0.47
12.267  1.25 0.29 -0.47
12.281  1.23 0.28 -0.48
12.296  1.21 0.27 -0.49
12.311  1.19 0.26 -0.51
12.326  1.17 0.25 -0.53
12.341  1.15 0.24 -0.55
12.356  1.13 0.23 -0.57
12.371  1.11 0.23 -0.58
12.386  1.08 0.22 -0.59
12.4  1.06 0.21 -0.59
12.415  1.03 0.19 -0.58
12.43  1.0 0.18 -0.57
12.445  0.97 0.17 -0.56
12.46  0.94 0.15 -0.54
12.475  0.91 0.14 -0.52
12.49  0.88 0.13 -0.5
12.504  0.84 0.13 -0.48
12.519  0.81 0.12 -0.47
12.534  0.78 0.12 -0.45
12.549  0.74 0.12 -0.43
12.564  0.71 0.12 -0.4
12.579  0.68 0.12 -0.38
12.594  0.65 0.11 -0.36
12.609  0.62 0.11 -0.33
12.623  0.59 0.1 -0.3
12.638  0.56 0.09 -0.27
12.653  0.53 0.09 -0.25
12.668  0.5 0.08 -0.23
12.683  0.47 0.07 -0.21
12.698  0.44 0.06 -0.2
12.713  0.4 0.05 -0.19
12.728  0.37 0.04 -0.18
12.742  0.35 0.03 -0.18
12.757  0.32 0.02 -0.17
12.772  0.29 0.0 -0.16
12.787  0.26 -0.01 -0.14
12.802  0.24 -0.02 -0.12
12.817  0.21 -0.03 -0.09
12.832  0.18 -0.04 -0.05
12.846  0.16 -0.05 -0.02
12.861  0.14 -0.05 -0.0
12.876  0.12 -0.05 0.02
12.891  0.1 -0.05 0.03
12.906  0.08 -0.05 0.03
12.921  0.06 -0.05 0.03
12.936  0.05 -0.05 0.02
12.951  0.03 -0.05 0.02
12.965  0.02 -0.06 0.02
12.98  0.01 -0.06 0.02
12.995  -0.01 -0.07 0.02
13.01  -0.02 -0.09 0.02
13.025  -0.03 -0.1 0.03
13.04  -0.03 -0.11 0.03
13.055  -0.04 -0.12 0.04
13.069  -0.05 -0.13 0.04
13.084  -0.06 -0.14 0.05
13.099  -0.06 -0.15 0.05
13.114  -0.07 -0.15 0.06
13.129  -0.08 -0.14 0.07
13.144  -0.09 -0.14 0.08
13.159  -0.1 -0.14 0.09
13.174  -0.11 -0.14 0.1
13.188  -0.13 -0.13 0.11
13.203  -0.14 -0.13 0.12
13.218  -0.15 -0.13 0.13
13.233  -0.15 -0.13 0.13
13.248  -0.16 -0.14 0.14
13.263  -0.17 -0.14 0.15
13.278  -0.17 -0.15 0.15
13.293  -0.18 -0.15 0.16
13.307  -0.18 -0.16 0.17
13.322  -0.18 -0.16 0.18
13.337  -0.19 -0.16 0.18
13.352  -0.19 -0.16 0.18
13.367  -0.19 -0.16 0.18
13.382  -0.2 -0.16 0.18
13.397  -0.2 -0.16 0.17
13.411  -0.2 -0.16 0.17
13.426  -0.2 -0.17 0.16
13.441  -0.2 -0.17 0.16
13.456  -0.2 -0.18 0.15
13.471  -0.2 -0.18 0.15
13.486  -0.2 -0.18 0.16
13.501  -0.2 -0.18 0.16
13.516  -0.2 -0.18 0.17
13.53  -0.2 -0.18 0.17
13.545  -0.2 -0.17 0.18
13.56  -0.2 -0.17 0.17
13.575  -0.2 -0.17 0.17
13.59  -0.2 -0.17 0.16
13.605  -0.2 -0.17 0.16
13.62  -0.2 -0.17 0.15
13.635  -0.2 -0.17 0.14
13.649  -0.2 -0.18 0.14
13.664  -0.2 -0.18 0.14
13.679  -0.2 -0.19 0.13
13.694  -0.2 -0.2 0.13
13.709  -0.2 -0.2 0.13
13.724  -0.19 -0.2 0.12
13.739  -0.19 -0.2 0.12
13.753  -0.19 -0.21 0.12
13.768  -0.19 -0.21 0.13
13.783  -0.19 -0.21 0.13
13.798  -0.19 -0.21 0.14
13.813  -0.19 -0.22 0.14
13.828  -0.19 -0.22 0.14
13.843  -0.19 -0.23 0.14
13.858  -0.18 -0.24 0.14
13.872  -0.18 -0.25 0.13
13.887  -0.17 -0.26 0.13
13.902  -0.17 -0.27 0.12
13.917  -0.17 -0.27 0.11
13.932  -0.16 -0.27 0.11
13.947  -0.16 -0.27 0.1
13.962  -0.16 -0.27 0.1
13.976  -0.16 -0.26 0.1
13.991  -0.16 -0.26 0.11
14.006  -0.17 -0.25 0.12
14.021  -0.17 -0.24 0.12
14.036  -0.17 -0.23 0.13
14.051  -0.18 -0.22 0.13
14.066  -0.18 -0.2 0.13
14.081  -0.18 -0.19 0.12
14.095  -0.19 -0.18 0.12
14.11  -0.19 -0.17 0.11
14.125  -0.19 -0.17 0.1
14.14  -0.19 -0.17 0.09
14.155  -0.18 -0.17 0.08
14.17  -0.18 -0.17 0.07
14.185  -0.18 -0.18 0.07
14.2  -0.18 -0.19 0.06
14.214  -0.18 -0.2 0.06
14.229  -0.17 -0.21 0.06
14.244  -0.17 -0.22 0.06
14.259  -0.17 -0.23 0.06
14.274  -0.16 -0.23 0.07
14.289  -0.16 -0.22 0.07
14.304  -0.16 -0.21 0.07
14.318  -0.16 -0.2 0.06
14.333  -0.16 -0.19 0.06
14.348  -0.16 -0.18 0.06
14.363  -0.15 -0.17 0.06
14.378  -0.15 -0.16 0.05
14.393  -0.15 -0.16 0.04
14.408  -0.15 -0.15 0.03
14.423  -0.15 -0.15 0.02
14.437  -0.14 -0.15 0.01
14.452  -0.14 -0.15 -0.01
14.467  -0.14 -0.16 -0.02
14.482  -0.13 -0.17 -0.04
14.497  -0.12 -0.19 -0.05
14.512  -0.12 -0.21 -0.06
14.527  -0.11 -0.23 -0.06
14.541  -0.11 -0.26 -0.07
14.556  -0.1 -0.27 -0.07
14.571  -0.1 -0.29 -0.08
14.586  -0.09 -0.3 -0.09
14.601  -0.09 -0.3 -0.1
14.616  -0.09 -0.3 -0.11
14.631  -0.08 -0.3 -0.12
14.646  -0.08 -0.3 -0.13
14.66  -0.07 -0.29 -0.14
14.675  -0.07 -0.28 -0.15
14.69  -0.06 -0.27 -0.15
14.705  -0.06 -0.26 -0.16
14.72  -0.06 -0.25 -0.16
14.735  -0.06 -0.23 -0.16
14.75  -0.06 -0.22 -0.16
14.765  -0.07 -0.21 -0.16
14.779  -0.07 -0.21 -0.15
14.794  -0.07 -0.2 -0.15
14.809  -0.07 -0.21 -0.14
14.824  -0.07 -0.21 -0.13
14.839  -0.07 -0.21 -0.13
14.854  -0.07 -0.22 -0.12
14.869  -0.07 -0.22 -0.11
14.883  -0.06 -0.21 -0.11
14.898  -0.06 -0.21 -0.11
14.913  -0.06 -0.2 -0.12
14.928  -0.06 -0.19 -0.13
14.943  -0.06 -0.19 -0.13
14.958  -0.06 -0.18 -0.14
14.973  -0.07 -0.18 -0.13
14.988  -0.07 -0.17 -0.13
15.002  -0.07 -0.18 -0.12
15.017  -0.07 -0.18 -0.1
15.032  -0.07 -0.19 -0.08
15.047  -0.07 -0.19 -0.06
15.062  -0.06 -0.2 -0.03
15.077  -0.06 -0.21 -0.0
15.092  -0.06 -0.22 0.04
15.106  -0.05 -0.23 0.08
