2236
2235
2216
2215
2217
2218
2214
5228
2234
2113
2114
5227
2213
2112
2115
5246
2111
5121
2233
5226
2116
5122
2163
2162
2164
2165
2212
5175
5123
5225
2117
2232
5174
5124
5173
5245
2211
2231
2118
5172
5224
5125
1608
143
2210
683
142
3693
891
2191
1607
2190
890
892
3153
1606
2119
1605
646
3900
5244
2230
2192
5202
141
3901
893
5223
2189
3152
894
5201
140
6137
1604
5200
3902
2209
5126
638
4618
895
2229
2120
896
3656
636
3903
897
5199
6136
2208
5243
1603
4617
5222
5127
3151
2121
3904
2228
1598
903
4616
515
514
2122
516
904
517
6091
715
2207
3150
716
1602
518
6144
513
3905
6143
1658
4668
5242
5128
5221
1597
2123
905
593
4615
2206
3528
906
1601
6090
3648
130
717
131
718
3726
132
1596
3906
719
2124
505
506
2227
823
507
721
720
1600
907
1595
824
908
3527
722
909
835
508
6135
5129
2125
729
3518
5220
1660
3526
5241
2205
4614
836
886
4670
2140
1592
738
3907
3646
6107
3919
6106
3732
1594
6132
2147
2146
2148
2145
2149
3525
795
790
2150
2144
785
3731
2138
800
2151
2143
1591
3918
805
2142
780
887
2152
2141
3142
810
3524
775
5162
123
122
5130
2167
825
1599
124
6294
826
910
815
3517
6088
3141
5161
911
770
125
3135
3913
6089
5160
765
2204
834
3140
5240
830
5219
2169
3725
1593
2170
2168
4608
3516
1590
2134
2135
2171
1659
2173
2172
2174
2133
4613
3921
2131
2132
2130
2175
2136
5159
2129
2126
3727
2176
2128
2127
2137
4669
3515
3775
5147
5131
2177
3920
3914
3780
6248
2178
3785
5158
5146
3728
3523
135
3790
2179
841
1003
843
839
1002
3833
3134
136
3795
5145
137
138
924
2203
1589
5189
6293
5157
3800
5188
5132
5239
925
5218
3729
3603
5187
139
3915
5144
3805
3133
5186
3149
3834
4607
5156
4612
3935
3730
5185
1588
5133
3132
3810
3934
5143
3916
5184
5155
6247
3845
3148
5183
3815
3739
3835
5154
5142
5238
3917
4611
5217
5182
3147
4606
3846
5134
3748
3820
3896
5153
5141
5181
3836
3146
5152
4602
5150
4605
4610
5180
5135
3825
4012
5140
3897
5151
6301
5179
5216
6300
4013
4601
5177
3844
6289
5139
5178
3853
3840
6245
5138
4604
6264
6292
6263
3849
5148
5137
3851
5136
5237
6246
5215
4600
3145
4609
4603
5214
5213
4599
4598
