11 -2.85900000 0.00000000 0.00000000
12 -5.55000000 -2.30000000 0.00000000
13 -5.29000000 -2.70000000 -0.700000000
14 -4.70000000 -3.20000000 -0.900000000
15 -5.30000000 -4.20000000 -1.00000000
16 -2.10000000 -2.10000000 -2.30000000
17 7.50000000 1.80000000 -5.60000000
18 3.70000000 1.80000000 -3.50000000
19 4.30000000 4.00000000 -3.40000000
20 5.30000000 1.30000000 -1.30000000
21 5.64000000 1.00000000 0.00000000
22 2.85900000 0.00000000 0.00000000
23 5.55000000 -2.30000000 0.00000000
24 5.29000000 -2.70000000 -0.700000000
25 4.70000000 -3.20000000 -0.900000000
26 5.30000000 -4.20000000 -1.00000000
27 2.10000000 -2.10000000 -2.30000000
28 -7.50000000 1.80000000 -5.60000000
29 -3.70000000 1.80000000 -3.50000000
30 -4.30000000 4.00000000 -3.40000000
31 -5.30000000 1.30000000 -1.30000000
32 -5.64000000 1.00000000 0.00000000
33 0.00000000 0.00000000 0.00000000
34 0.00000000 0.00000000 0.00000000
35 0.00000000 0.00000000 0.00000000
