1000000000 20000000000 1.0
Linear 1 explicit
0 0.827606 0.405122 0.474571 0.206901 0.448528 0.827606 1.157490 2.372856 2.546479 2.546479 1.634955 1.591549 0.17
2 0.827606 0.842074 1.088041 0.405122 0.206901 0.567170 1.331114 2.069014 3.269911 4.832523 1.400563 1.018592 0.185
4 0.827606 2.112420 2.546479 0.694494 0.318310 0.474571 0.636620 1.487375 3.631626 4.138029 0.393547 0.206901 0.195
6 1.018592 1.423713 4.065685 3.342254 2.691165 1.504738 0.596108 0.335672 0.636620 1.678361 2.286044 2.069014 0.19
8 1.018592 0.636620 3.342254 3.342254 3.342254 2.546479 1.273240 0.206901 0.206901 0.206901 0.509296 1.273240 0.165
9 0.827606 0.413803 2.069014 2.546479 3.342254 2.546479 2.069014 1.273240 1.018592 0.636620 1.591549 2.546479 0.165
10 1.591549 1.591549 1.591549 1.591549 1.591549 1.591549 1.591549 1.591549 1.591549 1.591549 1.591549 1.591549 0.17

