f1 
250.000000
10.000000
800.000000
f2 
2000.000000
801.000000
10000.000000
u_xx mult 
10.000000
0.000000
100.000000
u mult
0.100000
0.000000
100.000000
length
0.150200
0.150000
0.680000
A(0)
1.490000
0.010000
10.000000
A(1)
1.181364
0.010000
10.000000
A(2)
0.996226
0.010000
10.000000
A(3)
1.124339
0.010000
10.000000
A(4)
1.504260
0.010000
10.000000
A(5)
2.014904
0.010000
10.000000
A(6)
2.219885
0.010000
10.000000
A(7)
2.404962
0.010000
10.000000
A(8)
1.771385
0.010000
10.000000
A(9)
1.276439
0.010000
10.000000
A(10)
0.907949
0.010000
10.000000
A(11)
0.620029
0.010000
10.000000
A(12)
0.428519
0.010000
10.000000
A(13)
0.346500
0.010000
10.000000
A(14)
0.392308
0.010000
10.000000
A(15)
0.610342
0.010000
10.000000
A(16)
1.040342
0.010000
10.000000
A(17)
1.706269
0.010000
10.000000
A(18)
2.609631
0.010000
10.000000
A(19)
3.669720
0.010000
10.000000
A(20)
4.846480
0.010000
10.000000
A(21)
6.127680
0.010000
10.000000
A(22)
6.868024
0.010000
10.000000
A(23)
6.921259
0.010000
10.000000
A(24)
6.842203
0.010000
10.000000
A(25)
6.981538
0.010000
10.000000
A(26)
7.265385
0.010000
10.000000
A(27)
7.795385
0.010000
10.000000
A(28)
8.633706
0.010000
10.000000
A(29)
9.375758
0.010000
10.000000
A(30)
9.629755
0.010000
10.000000
A(31)
9.731399
0.010000
10.000000
A(32)
9.722450
0.010000
10.000000
A(33)
9.424899
0.010000
10.000000
A(34)
8.849522
0.010000
10.000000
A(35)
8.174149
0.010000
10.000000
A(36)
7.461970
0.010000
10.000000
A(37)
6.642564
0.010000
10.000000
A(38)
6.309077
0.010000
10.000000
A(39)
5.560000
0.010000
10.000000
