2000000000 20000000000 1.0
linear 1 explicit
0.000000 5400.000000
0.100000 4800.000000
0.200000 4200.000000
0.300000 3600.000000
0.400000 3000.000000
0.500000 2400.000000
0.600000 1800.000000
0.700000 1200.000000
0.800000 600.000000
0.900000 0.000000
1.000000 5813.000000
1.100000 5231.700000
1.200000 4650.400000
1.300000 4069.100000
1.400000 3487.800000
1.500000 2906.500000
1.600000 2325.200000
1.700000 1743.900000
1.800000 1162.600000
1.900000 581.300000
2.000000 5643.000000
2.100000 5078.700000
2.200000 4514.400000
2.300000 3950.100000
2.400000 3385.800000
2.500000 2821.500000
2.600000 2257.200000
2.700000 1692.900000
2.800000 1128.600000
2.900000 564.300000
3.000000 5473.000000
3.100000 4925.700000
3.200000 4378.400000
3.300000 3831.100000
3.400000 3283.800000
3.500000 2736.500000
3.600000 2189.200000
3.700000 1641.900000
3.800000 1094.600000
3.900000 547.300000
4.000000 5303.000000
4.100000 4772.700000
4.200000 4242.400000
4.300000 3712.100000
4.400000 3181.800000
4.500000 2651.500000
4.600000 2121.200000
4.700000 1590.900000
4.800000 1060.600000
4.900000 530.300000
5.000000 5133.000000
5.100000 4619.700000
5.200000 4106.400000
5.300000 3593.100000
5.400000 3079.800000
5.500000 2566.500000
5.600000 2053.200000
5.700000 1539.900000
5.800000 1026.600000
5.900000 513.300000
6.000000 4963.000000
6.100000 4466.700000
6.200000 3970.400000
6.300000 3474.100000
6.400000 2977.800000
6.500000 2481.500000
6.600000 1985.200000
6.700000 1488.900000
6.800000 992.600000
6.900000 496.300000
7.000000 4793.000000
7.100000 4313.700000
7.200000 3834.400000
7.300000 3355.100000
7.400000 2875.800000
7.500000 2396.500000
7.600000 1917.200000
7.700000 1437.900000
7.800000 958.600000
7.900000 479.300000
8.000000 4623.000000
8.100000 4160.700000
8.200000 3698.400000
8.300000 3236.100000
8.400000 2773.800000
8.500000 2311.500000
8.600000 1849.200000
8.700000 1386.900000
8.800000 924.600000
8.900000 462.300000
9.000000 4453.000000
9.100000 4007.700000
9.200000 3562.400000
9.300000 3117.100000
9.400000 2671.800000
9.500000 2226.500000
9.600000 1781.200000
9.700000 1335.900000
9.800000 890.600000
9.900000 445.300000
10.000000 483.000000
