1000000000 20000000000 1.0
Linear 1 explicit
0 0.33	0.303076923	0.357948718	0.392307692	0.643076923	0.994871795	2.651538462	2.974102564	2.59025641	2.905384615	3.60025641	3.788717949	4.130769231	4.45	4.44974359	4.622307692	4.548717949	4.197435897	4.094615385	3.524871795	2.926410256	2.001538462	1.624102564	1.320769231	0.946153846	0.529487179	0.34	0.243076923	0.111282051	0.129230769	0.208461538	0.244102564	0.32974359	0.310769231	0.339487179	0.590512821	1.436923077	2.001794872	2.012051282	1.58	0.1667
1 0.33	0.303076923	0.357948718	0.392307692	0.643076923	0.994871795	2.651538462	2.974102564	2.59025641	2.905384615	3.60025641	3.788717949	4.130769231	4.45	4.44974359	4.622307692	4.548717949	4.197435897	4.094615385	3.524871795	2.926410256	2.001538462	1.624102564	1.320769231	0.946153846	0.529487179	0.34	0.243076923	0.111282051	0.129230769	0.208461538	0.244102564	0.32974359	0.310769231	0.339487179	0.590512821	1.436923077	2.001794872	2.012051282	1.58	0.1667
1.1 0.2	0.170512821	0.18	0.167692308	0.301025641	1.228717949	1.653846154	1.478461538	1.079230769	1.016923077	1.822307692	2.637948718	2.889230769	3.276666667	3.351025641	3.443076923	3.873846154	3.811794872	3.873076923	3.480512821	2.970769231	2.600769231	2.321282051	1.973846154	1.853846154	1.626666667	1.443333333	1.3	0.977179487	0.811538462	0.916923077	1.195641026	1.604102564	1.814615385	1.733333333	1.914615385	1.927692308	1.650769231	1.373333333	1.18	0.1667
2   0.2	0.170512821	0.18	0.167692308	0.301025641	1.228717949	1.653846154	1.478461538	1.079230769	1.016923077	1.822307692	2.637948718	2.889230769	3.276666667	3.351025641	3.443076923	3.873846154	3.811794872	3.873076923	3.480512821	2.970769231	2.600769231	2.321282051	1.973846154	1.853846154	1.626666667	1.443333333	1.3	0.977179487	0.811538462	0.916923077	1.195641026	1.604102564	1.814615385	1.733333333	1.914615385	1.927692308	1.650769231	1.373333333	1.18	0.1667
2.1 0.21	0.13	0.16	0.14	0.06	0.78	1.25	1.24	0.99	0.72	0.73	1.06	1.77	1.97	2.46	2.7	2.92	3.03	2.84	2.84	2.83	2.36	2.14	2	1.78	1.81	1.79	1.5	1.37	1.36	1.43	1.83	2.08	2.59	2.54	2.11	2.34	2.74	2.19	1.6	0.1558
3   0.21	0.13	0.16	0.14	0.06	0.78	1.25	1.24	0.99	0.72	0.73	1.06	1.77	1.97	2.46	2.7	2.92	3.03	2.84	2.84	2.83	2.36	2.14	2	1.78	1.81	1.79	1.5	1.37	1.36	1.43	1.83	2.08	2.59	2.54	2.11	2.34	2.74	2.19	1.6	0.1558
3.1 0.22	0.26	0.24974359	0.155384615	0.146410256	0.368974359	1.036153846	1.446153846	1.202307692	0.851538462	1.028461538	1.897179487	2.203076923	2.003333333	2.105128205	2.693076923	3.186410256	3.66974359	3.794615385	3.692820513	3.865128205	3.643076923	3.207692308	3.265384615	3.266923077	3.201282051	3.23	3.295384615	3.565641026	3.809230769	3.915384615	4.233589744	4.506153846	4.719230769	4.492564103	4.413846154	4.259230769	4.526153846	4.322820513	3.94	0.1667
4   0.22	0.26	0.24974359	0.155384615	0.146410256	0.368974359	1.036153846	1.446153846	1.202307692	0.851538462	1.028461538	1.897179487	2.203076923	2.003333333	2.105128205	2.693076923	3.186410256	3.66974359	3.794615385	3.692820513	3.865128205	3.643076923	3.207692308	3.265384615	3.266923077	3.201282051	3.23	3.295384615	3.565641026	3.809230769	3.915384615	4.233589744	4.506153846	4.719230769	4.492564103	4.413846154	4.259230769	4.526153846	4.322820513	3.94	0.1667
4.1 0.33	0.274871795	0.213589744	0.156153846	0.235641026	0.360769231	0.777692308	1.163589744	1.154358974	0.844615385	0.757435897	0.677948718	0.781538462	0.7	0.843076923	0.988461538	1.025384615	1.067692308	1.085384615	1.165897436	1.398205128	1.602307692	1.961794872	2.274102564	2.547692308	2.920769231	3.583333333	4.186923077	4.535384615	4.930512821	5.596153846	5.73974359	5.504358974	5.182307692	4.597435897	3.739230769	2.919230769	2.249487179	1.993333333	1.17	0.1746
5   0.33	0.274871795	0.213589744	0.156153846	0.235641026	0.360769231	0.777692308	1.163589744	1.154358974	0.844615385	0.757435897	0.677948718	0.781538462	0.7	0.843076923	0.988461538	1.025384615	1.067692308	1.085384615	1.165897436	1.398205128	1.602307692	1.961794872	2.274102564	2.547692308	2.920769231	3.583333333	4.186923077	4.535384615	4.930512821	5.596153846	5.73974359	5.504358974	5.182307692	4.597435897	3.739230769	2.919230769	2.249487179	1.993333333	1.17	0.1746
5.1 0.45	0.206153846	0.24974359	0.243846154	0.311794872	0.315384615	0.773076923	1.10025641	0.898461538	0.646923077	0.386666667	0.262564103	0.268461538	0.26	0.306923077	0.284615385	0.356923077	0.593333333	1.116923077	1.057692308	1.644102564	2.162307692	2.616410256	2.808717949	2.933846154	3.431794872	4.316666667	4.976923077	5.900769231	6.536410256	6.288461538	6.210769231	5.753846154	5.056923077	4.295641026	4.023333333	4.213076923	4.265897436	4.646923077	5.03	0.1746
6   0.45	0.206153846	0.24974359	0.243846154	0.311794872	0.315384615	0.773076923	1.10025641	0.898461538	0.646923077	0.386666667	0.262564103	0.268461538	0.26	0.306923077	0.284615385	0.356923077	0.593333333	1.116923077	1.057692308	1.644102564	2.162307692	2.616410256	2.808717949	2.933846154	3.431794872	4.316666667	4.976923077	5.900769231	6.536410256	6.288461538	6.210769231	5.753846154	5.056923077	4.295641026	4.023333333	4.213076923	4.265897436	4.646923077	5.03	0.1746
6.1 0.61	0.270769231	0.171538462	0.090769231	0.164358974	0.238461538	0.764615385	1.338205128	1.247692308	0.73	0.507948718	0.459487179	0.639230769	0.486666667	0.367948718	0.440769231	0.501282051	0.582051282	0.743846154	0.656153846	0.598461538	1.106153846	2.143076923	2.467692308	2.506923077	2.997948718	3.99	4.678461538	5.181025641	6.048717949	7.059230769	6.700512821	6.112564103	5.563076923	4.674615385	3.228461538	2.04	1.434615385	1.204358974	0.88	0.1746
7 0.61		0.270769231	0.171538462	0.090769231	0.164358974	0.238461538	0.764615385	1.338205128	1.247692308	0.73	0.507948718	0.459487179	0.639230769	0.486666667	0.367948718	0.440769231	0.501282051	0.582051282	0.743846154	0.656153846	0.598461538	1.106153846	2.143076923	2.467692308	2.506923077	2.997948718	3.99	4.678461538	5.181025641	6.048717949	7.059230769	6.700512821	6.112564103	5.563076923	4.674615385	3.228461538	2.04	1.434615385	1.204358974	0.88	0.1746
7.1 0.18	0.176153846	0.24025641	0.375384615	0.946923077	1.531794872	1.298461538	0.901794872	0.975897436	2.588461538	2.690769231	1.954871795	1.869230769	1.686666667	1.598974359	1.390769231	1.382564103	1.321025641	0.95	1.231538462	1.365128205	1.031538462	0.645897436	0.434871795	0.357692308	0.461025641	0.896666667	1.306153846	2.173333333	2.972051282	3.79	4.567692308	5.907435897	7.153846154	5.816153846	3.496666667	1.870769231	0.844102564	0.41974359	0.14	0.1746
8 0.18		0.176153846	0.24025641	0.375384615	0.946923077	1.531794872	1.298461538	0.901794872	0.975897436	2.588461538	2.690769231	1.954871795	1.869230769	1.686666667	1.598974359	1.390769231	1.382564103	1.321025641	0.95	1.231538462	1.365128205	1.031538462	0.645897436	0.434871795	0.357692308	0.461025641	0.896666667	1.306153846	2.173333333	2.972051282	3.79	4.567692308	5.907435897	7.153846154	5.816153846	3.496666667	1.870769231	0.844102564	0.41974359	0.14	0.1746
8.1 0.32	0.39	0.398205128	0.47	0.929230769	1.839487179	2.113846154	1.715384615	1.194358974	1.11	1.261025641	1.258974359	0.968461538	0.896666667	0.734102564	0.803846154	0.828974359	0.883846154	0.591538462	0.643846154	0.952051282	1.002307692	1.152051282	1.418717949	1.617692308	2.10025641	2.566666667	3.203076923	3.900512821	4.720512821	5.496153846	5.668461538	5.406410256	4.793846154	3.793076923	2.244358974	1.296153846	0.740512821	0.20025641	0.22	0.1746
9 0.32		0.39	0.398205128	0.47	0.929230769	1.839487179	2.113846154	1.715384615	1.194358974	1.11	1.261025641	1.258974359	0.968461538	0.896666667	0.734102564	0.803846154	0.828974359	0.883846154	0.591538462	0.643846154	0.952051282	1.002307692	1.152051282	1.418717949	1.617692308	2.10025641	2.566666667	3.203076923	3.900512821	4.720512821	5.496153846	5.668461538	5.406410256	4.793846154	3.793076923	2.244358974	1.296153846	0.740512821	0.20025641	0.22	0.1746
9.1 0.4	0.364615385	0.326153846	0.485384615	1.27	2.635384615	2.882307692	2.349230769	2.453076923	4.487692308	5.736153846	5.491538462	4.896923077	4.56	4.188461538	3.55	3.273076923	3.252307692	3.240769231	2.398461538	2.07	1.943076923	1.22	0.465384615	0.174615385	0.209230769	0.22	0.405384615	0.649230769	0.806153846	1.450769231	2.227692308	2.534615385	3.863846154	5.236923077	3.663846154	1.695384615	0.871538462	0.465384615	0.86	0.1825
10 0.4	0.364615385	0.326153846	0.485384615	1.27	2.635384615	2.882307692	2.349230769	2.453076923	4.487692308	5.736153846	5.491538462	4.896923077	4.56	4.188461538	3.55	3.273076923	3.252307692	3.240769231	2.398461538	2.07	1.943076923	1.22	0.465384615	0.174615385	0.209230769	0.22	0.405384615	0.649230769	0.806153846	1.450769231	2.227692308	2.534615385	3.863846154	5.236923077	3.663846154	1.695384615	0.871538462	0.465384615	0.86	0.1825
10.1 0.41	0.382051282	0.377435897	0.240769231	0.294102564	1.068461538	1.567692308	1.315897436	1.195384615	1.014615385	0.773846154	0.954615385	1.208461538	1.296666667	1.406666667	1.523076923	1.592051282	1.803333333	2.064615385	2.014615385	2.637435897	2.976923077	3.08025641	2.987948718	2.723846154	2.557179487	2.383333333	2.270769231	1.944871795	1.334871795	0.735384615	0.441794872	0.582564103	1.354615385	2.634615385	3.474102564	3.602307692	3.176666667	2.334102564	1.2	0.1746
11 0.41		0.382051282	0.377435897	0.240769231	0.294102564	1.068461538	1.567692308	1.315897436	1.195384615	1.014615385	0.773846154	0.954615385	1.208461538	1.296666667	1.406666667	1.523076923	1.592051282	1.803333333	2.064615385	2.014615385	2.637435897	2.976923077	3.08025641	2.987948718	2.723846154	2.557179487	2.383333333	2.270769231	1.944871795	1.334871795	0.735384615	0.441794872	0.582564103	1.354615385	2.634615385	3.474102564	3.602307692	3.176666667	2.334102564	1.2	0.1746
11.1 0.55	0.648461538	1.073076923	2.344615385	3.336923077	3.475384615	3.237692308	3.159230769	2.750769231	3.223846154	3.663076923	3.600769231	2.76	2.4	2.336923077	2.337692308	2.194615385	2.276153846	2.264615385	2.324615385	2.430769231	2.463076923	2.578461538	2.656153846	3.009230769	3.6	4.3	5.246153846	6.017692308	6.486153846	6.767692308	6.763846154	5.695384615	3.976153846	2.203846154	0.623076923	2.526153846	4.660769231	4.634615385	3.7	0.1825
12 0.55		0.648461538	1.073076923	2.344615385	3.336923077	3.475384615	3.237692308	3.159230769	2.750769231	3.223846154	3.663076923	3.600769231	2.76	2.4	2.336923077	2.337692308	2.194615385	2.276153846	2.264615385	2.324615385	2.430769231	2.463076923	2.578461538	2.656153846	3.009230769	3.6	4.3	5.246153846	6.017692308	6.486153846	6.767692308	6.763846154	5.695384615	3.976153846	2.203846154	0.623076923	2.526153846	4.660769231	4.634615385	3.7	0.1825
12.1 0.57	0.533076923	0.285897436	1.072307692	2.577948718	3.052564103	2.916923077	3.471538462	4.118461538	3.619230769	3.574102564	2.995641026	3.188461538	3.026666667	2.64974359	2.756153846	2.590512821	2.817179487	3.268461538	2.324358974	2.549487179	2.119230769	1.875897436	1.89025641	1.591538462	1.599230769	1.963333333	2.264615385	2.773333333	3.492820513	4.291538462	4.757692308	4.457692308	3.904615385	3.25025641	2.002564103	0.637692308	0.059487179	0	0	0.1746
13 0.57		0.533076923	0.285897436	1.072307692	2.577948718	3.052564103	2.916923077	3.471538462	4.118461538	3.619230769	3.574102564	2.995641026	3.188461538	3.026666667	2.64974359	2.756153846	2.590512821	2.817179487	3.268461538	2.324358974	2.549487179	2.119230769	1.875897436	1.89025641	1.591538462	1.599230769	1.963333333	2.264615385	2.773333333	3.492820513	4.291538462	4.757692308	4.457692308	3.904615385	3.25025641	2.002564103	0.637692308	0.059487179	0	0	0.1746
13.1 0.26	0.232820513	0.178205128	0.191538462	0.236153846	0.877948718	1.548461538	1.437435897	0.980769231	0.724615385	0.942307692	1.494615385	2.081538462	2.093333333	2.092307692	2.267692308	2.462564103	2.787692308	2.389230769	1.948974359	1.728461538	0.949230769	0.974615385	1.248717949	1.3	1.20974359	0.893333333	0.439230769	0.174358974	0.218205128	0.193846154	0	0	0	0	0	1.100769231	1.597948718	1.680769231	1.17	0.1746
14 0.26		0.232820513	0.178205128	0.191538462	0.236153846	0.877948718	1.548461538	1.437435897	0.980769231	0.724615385	0.942307692	1.494615385	2.081538462	2.093333333	2.092307692	2.267692308	2.462564103	2.787692308	2.389230769	1.948974359	1.728461538	0.949230769	0.974615385	1.248717949	1.3	1.20974359	0.893333333	0.439230769	0.174358974	0.218205128	0.193846154	0	0	0	0	0	1.100769231	1.597948718	1.680769231	1.17	0.1746
14.1 0.51	0.467948718	0.419230769	0.355384615	0.557948718	0.752051282	0.91	1.297435897	1.192051282	0.863076923	0.693333333	0.825128205	0.793076923	0.65	0.892820513	0.816923077	0.74974359	0.926410256	0.809230769	0.59025641	0.458974359	0.444615385	0.454615385	0.302307692	0.059230769	0	0	0	0	0	0.167692308	2.635897436	5.323589744	7.521538462	8.667692308	7.845897436	5.624615385	3.560769231	2.276666667	1.41	0.1746
15 0.51		0.467948718	0.419230769	0.355384615	0.557948718	0.752051282	0.91	1.297435897	1.192051282	0.863076923	0.693333333	0.825128205	0.793076923	0.65	0.892820513	0.816923077	0.74974359	0.926410256	0.809230769	0.59025641	0.458974359	0.444615385	0.454615385	0.302307692	0.059230769	0	0	0	0	0	0.167692308	2.635897436	5.323589744	7.521538462	8.667692308	7.845897436	5.624615385	3.560769231	2.276666667	1.41	0.1746
15.1 0.31	0.393076923	0.479487179	0.885384615	1.493333333	1.748717949	1.533846154	1.300769231	0.962820513	1.970769231	2.755128205	2.210512821	2.423846154	2.503333333	1.995641026	1.942307692	2.134871795	2.234358974	2.26	2.288461538	2.167948718	2.208461538	2.642564103	2.524358974	2.216923077	1.866153846	1.516666667	1.224615385	1.465128205	1.753589744	1.933846154	2.021282051	2.249487179	2.388461538	2.411025641	2.428974359	1.971538462	1.225384615	0.74	0	0.1746
16 0.31		0.393076923	0.479487179	0.885384615	1.493333333	1.748717949	1.533846154	1.300769231	0.962820513	1.970769231	2.755128205	2.210512821	2.423846154	2.503333333	1.995641026	1.942307692	2.134871795	2.234358974	2.26	2.288461538	2.167948718	2.208461538	2.642564103	2.524358974	2.216923077	1.866153846	1.516666667	1.224615385	1.465128205	1.753589744	1.933846154	2.021282051	2.249487179	2.388461538	2.411025641	2.428974359	1.971538462	1.225384615	0.74	0	0.1746
16.1 0.38	0.48974359	0.537435897	1.165384615	1.490769231	1.465384615	1.117692308	0.945384615	0.870769231	1.016923077	1.622051282	2.431794872	2.293076923	2.6	2.807692308	3.052307692	3.646923077	3.934102564	4.130769231	4.397179487	4.101794872	3.902307692	3.570769231	3.197692308	2.760769231	2.655128205	2.443333333	2.104615385	1.691282051	1.396410256	1.23	0.821538462	0.458974359	0.061538462	0	0.076666667	0.164615385	1.213333333	1.587692308	1.43	0.1746
17 0.38		0.48974359	0.537435897	1.165384615	1.490769231	1.465384615	1.117692308	0.945384615	0.870769231	1.016923077	1.622051282	2.431794872	2.293076923	2.6	2.807692308	3.052307692	3.646923077	3.934102564	4.130769231	4.397179487	4.101794872	3.902307692	3.570769231	3.197692308	2.760769231	2.655128205	2.443333333	2.104615385	1.691282051	1.396410256	1.23	0.821538462	0.458974359	0.061538462	0	0.076666667	0.164615385	1.213333333	1.587692308	1.43	0.1746
17.1 0.34	0.364358974	0.549487179	0.943076923	1.322307692	1.263076923	1.036153846	0.760512821	0.878717949	1.409230769	1.728461538	1.728974359	2.01	1.593333333	1.551282051	1.346153846	1.346666667	1.202051282	0.815384615	0.94974359	1.074615385	0.706923077	0.185897436	0.021538462	0.046153846	0.063846154	0.096666667	0.069230769	0.033846154	0.468461538	1.347692308	2.292564103	2.364102564	2.403846154	3.286923077	3.714615385	2.74	2.46	2.172820513	1.5	0.1746
18 0.34		0.364358974	0.549487179	0.943076923	1.322307692	1.263076923	1.036153846	0.760512821	0.878717949	1.409230769	1.728461538	1.728974359	2.01	1.593333333	1.551282051	1.346153846	1.346666667	1.202051282	0.815384615	0.94974359	1.074615385	0.706923077	0.185897436	0.021538462	0.046153846	0.063846154	0.096666667	0.069230769	0.033846154	0.468461538	1.347692308	2.292564103	2.364102564	2.403846154	3.286923077	3.714615385	2.74	2.46	2.172820513	1.5	0.1746

