0 20000000000 1.0
Cubic 3 explicit
0.0  0.0 0.0 0.0
0.5  0.0 0.0 4000.0
1.0  0.0 0.0 0.0
1.5  0.0 0.0 -4000.0
2.0  0.0 0.0 -0.0
2.5  0.0 0.0 4000.0
3.0  0.0 0.0 0.0
3.5  0.0 0.0 -4000.0
4.0  0.0 0.0 -0.0
4.5  0.0 0.0 4000.0
5.0  0.0 0.0 0.0
5.5  0.0 0.0 -4000.0
6.0  0.0 0.0 -0.0
6.5  0.0 0.0 4000.0
7.0  0.0 0.0 0.0
7.5  0.0 0.0 -4000.0
8.0  0.0 0.0 -0.0
8.5  0.0 0.0 4000.0
9.0  0.0 0.0 0.0
9.5  0.0 0.0 -4000.0
10.0  0.0 0.0 -0.0
10.5  0.0 0.0 4000.0
11.0  0.0 0.0 0.0
11.5  0.0 0.0 -4000.0
12.0  0.0 0.0 -0.0
12.5  0.0 0.0 4000.0
13.0  0.0 0.0 -0.0
13.5  0.0 0.0 -4000.0
14.0  0.0 0.0 -0.0
14.5  0.0 0.0 4000.0
15.0  0.0 0.0 0.0
15.5  0.0 0.0 -4000.0
16.0  0.0 0.0 -0.0
16.5  0.0 0.0 4000.0
17.0  0.0 0.0 -0.0
17.5  0.0 0.0 -4000.0
18.0  0.0 0.0 -0.0
18.5  0.0 0.0 4000.0
19.0  0.0 0.0 0.0
19.5  0.0 0.0 -4000.0
20.0  0.0 0.0 -0.0
