0.0 5000000000.0 1.0
linear 11.0 explicit
    0.00  0 0 0   0 0 0   0 0 0  0 0
    .20  0 0 0   0 0 0   0 0 0  0 0
    2.00  0.65 0 0   1.4 0 0   0 0 1.08  0.216 0
    3.50  0.65 0 0   1.4 0 0   0 0 1.08  0.216 0    
    4.00  0 0 1.4  0 0 0  0 0 0 1.08 1.08
    5.00  0 0 1.4  0 0 0  0 0 0 1.08 1.08
    6.0  1.3 .75 .32  .64 0 0   0 0 6.0   .43   .75
    7.0  1.3 .75 .32  .64 0 0   0 0 6.0   .43   .75
    8.00 4 0 0    2.25 0 0     0 0 8.64    0 0.538
    11.00 4 0 0    2.25 0 0     0 0 8.64    0 0.538