0.0 1.0 1.0
Linear 11 explicit
 0.000000 0.0 0.0 0.0 0.0 0.0 0.0 0.0 0.0 0.0 0.0 0.0
 0.010000 -1.9081958235744878E-17 0.013024031166416178 0.007950426629589447 -5.204170427930421E-18 0.0 0.019021967986105087 4.3974494003162366E-4 0.004857914777524125 0.010897601671310694 -1.3877787807814457E-17 7.882395989979966E-4
 0.020000 -6.938893903907228E-18 0.02445855141695933 0.01626990438077079 -5.204170427930421E-18 3.469446951953614E-18 0.04313130256161002 0.001141095291862762 0.007461616264233688 0.01999221243629712 -6.938893903907228E-18 0.0020905069863188935
 0.030000 -6.938893903907228E-18 0.03458483317225692 0.02486587286716481 1.5612511283791264E-17 -3.469446951953614E-17 0.06917489795287518 0.0019342940433021772 0.00828539446839064 0.027235060935105207 0.0 0.0035024997799176574
 0.040000 -3.469446951953614E-18 0.044004397069445825 0.03197444407303006 -2.949029909160572E-17 -1.3877787807814457E-17 0.0966399493695734 0.002655630397884252 0.00829407560226205 0.03316728211902917 1.734723475976807E-17 0.004786747350633329
 0.050000 1.734723475976807E-17 0.05407821208224404 0.03758023332218963 1.0408340855860843E-17 -2.3418766925686896E-17 0.1260676866857479 0.003281892290922176 0.008768122271924444 0.03920081159447994 3.469446951953614E-18 0.005922413133621775
 0.060000 0.0 0.0662319596280729 0.042781370437437474 -6.938893903907228E-18 -5.204170427930421E-17 0.1592821714019599 0.003865151910711573 0.009830266638343856 0.046561110727389346 5.551115123125783E-17 0.00707560473423631
 0.070000 -2.42861286636753E-17 0.08093412343676679 0.047718103233741815 4.163336342344337E-17 3.469446951953614E-17 0.1974753984535148 0.004477798657140054 0.0116878514963629 0.055467237413916515 -2.7755575615628914E-17 0.008236575974379476
 0.080000 -1.3877787807814457E-17 0.0980959627475334 0.05188051495666246 -1.0408340855860843E-17 2.7755575615628914E-17 0.24017556850421873 0.005154560099521123 0.01475174607499502 0.06593825103498821 1.3877787807814457E-17 0.00932975088504355
 0.090000 -2.7755575615628914E-17 0.11720180085449547 0.0545308967335455 2.7755575615628914E-17 -1.1102230246251565E-16 0.2851107784701199 0.005890694844774743 0.019933971275575113 0.0780052277381919 4.163336342344337E-17 0.01020265365940698
 0.100000 4.85722573273506E-17 0.13759306159932802 0.05522154510973287 2.7755575615628914E-17 -5.551115123125783E-17 0.32931569867561017 0.006662687529896317 0.028463277179630746 0.09188047898979401 -1.3877787807814457E-17 0.010714858926508516
 0.110000 -2.0816681711721685E-17 0.158843342935842 0.05402344343747256 -2.0816681711721685E-17 0.0 0.3704600637102042 0.007448519014293153 0.041489920804459186 0.10797378527818358 5.551115123125783E-17 0.01080893809965025
 0.120000 -5.551115123125783E-17 0.18100840831557446 0.05133921053386109 0.0 -1.1102230246251565E-16 0.4073739780729966 0.008234950480351428 0.059748065370398604 0.12677261780787552 0.0 0.010508538840608844
 0.130000 -1.3877787807814457E-17 0.2045713379448051 0.047596762937751835 -3.469446951953614E-17 2.220446049250313E-16 0.4397399639082139 0.009014396714663418 0.08340088494805226 0.14865666424706886 -2.7755575615628914E-17 0.009865218519301916
 0.140000 2.7755575615628914E-17 0.23016724390043228 0.04310479788105448 2.7755575615628914E-17 1.1102230246251565E-16 0.4676568180399122 0.009779693839531135 0.11204956699045293 0.17376849187157062 0.0 0.008918004501648091
 0.150000 -9.71445146547012E-17 0.25830709165939897 0.038054820226608777 5.551115123125783E-17 1.1102230246251565E-16 0.4914373001716943 0.010521980802180432 0.14488168641723564 0.2020194071589554 -2.7755575615628914E-17 0.007691370167766304
 0.160000 5.551115123125783E-17 0.28924359173667463 0.0325514776615754 1.3877787807814457E-17 2.220446049250313E-16 0.5115066922916454 0.011231423291530727 0.18091913284087627 0.23320436515328036 0.0 0.006209378848911318
 0.170000 -5.551115123125783E-17 0.32299100908949874 0.02663003954797627 1.3877787807814457E-17 -1.1102230246251565E-16 0.5282735231032019 0.011898306238608634 0.21925825974628269 0.26713204614097863 -1.1102230246251565E-16 0.004501178616909074
 0.180000 -5.551115123125783E-17 0.35941866953139984 0.02027084038873772 1.3877787807814457E-17 -1.1102230246251565E-16 0.5420132695550999 0.012513256920267541 0.2592016841050247 0.3036894609291608 1.1102230246251565E-16 0.0025948535272193873
 0.190000 -1.942890293094024E-16 0.3983274011044704 0.013418941591656575 3.469446951953614E-17 -1.1102230246251565E-16 0.5528278030070527 0.013066984695373485 0.30026930500688914 0.3428246470918652 -5.551115123125783E-17 5.100186536730056E-4
 0.200000 1.1102230246251565E-16 0.4368227029994586 0.011284517093054891 -6.938893903907228E-18 2.220446049250313E-16 0.5651755223179313 0.013514218875978312 0.34042064965769436 0.38855298872454047 2.7755575615628914E-17 1.1102230246251565E-16
 0.210000 -8.326672684688674E-17 0.47848140126416283 0.009655933750162715 -1.3877787807814457E-17 0.0 0.5772739574811554 0.013981859600517212 0.37908706304462336 0.4404026932240148 1.3877787807814457E-16 0.0
 0.220000 1.942890293094024E-16 0.5231336865916927 0.007445019178673462 3.469446951953614E-17 -3.3306690738754696E-16 0.5873183377212626 0.014435820135230924 0.4167071565258092 0.49689129768893836 -2.7755575615628914E-17 -5.551115123125783E-17
 0.230000 -2.7755575615628914E-17 0.5700497777736054 0.00474167962297628 -8.326672684688674E-17 -2.220446049250313E-16 0.5959190521309137 0.014853180852475093 0.45312278039799897 0.5564652849301142 5.551115123125783E-17 -1.1102230246251565E-16
 0.240000 2.7755575615628914E-17 0.616896474818358 8.203039625848119E-4 3.122502256758253E-17 -2.220446049250313E-16 0.606813672544823 0.015327768024011958 0.48656371167699564 0.6128352341008856 -5.551115123125783E-17 -5.551115123125783E-17
 0.250000 -1.6653345369377348E-16 0.65148316608112 1.1102230246251565E-16 5.204170427930421E-17 -3.3306690738754696E-16 0.6408393939388684 0.01656610939584168 0.5115526097899205 0.6528375241033051 -5.551115123125783E-17 -5.551115123125783E-17
 0.260000 2.7755575615628914E-17 0.6844196181539641 5.551115123125783E-17 -6.938893903907228E-18 1.1102230246251565E-16 0.680811549009098 0.017898913837219272 0.5337198347282148 0.69271003109888 0.0 -1.1102230246251565E-16
 0.270000 5.551115123125783E-17 0.7155604549451031 -1.1102230246251565E-16 -1.0408340855860843E-16 -5.551115123125783E-17 0.7196552826738443 0.01910491155759023 0.553828458667484 0.7338670651898537 1.1102230246251565E-16 7.466174157037542E-4
 0.280000 2.7755575615628914E-17 0.7440121962626125 -1.1102230246251565E-16 3.469446951953614E-17 -1.1102230246251565E-16 0.7507607563719588 0.020109646938879573 0.5751116433832082 0.777735520285081 -1.3877787807814457E-16 0.0030197565289237227
 0.290000 1.1102230246251565E-16 0.7712072891968361 -5.551115123125783E-17 -1.0408340855860843E-17 -3.3306690738754696E-16 0.7782084106404343 0.021112221667516966 0.5967518561076708 0.822130334319086 2.7755575615628914E-17 0.00558635439474664
 0.300000 1.942890293094024E-16 0.7976098531000876 1.1102230246251565E-16 -5.551115123125783E-17 1.1102230246251565E-16 0.8038100322825985 0.02212857659690818 0.6183540179580268 0.866151103266923 -5.551115123125783E-17 0.007980914052663879
 0.310000 0.0 0.8234636157357924 5.551115123125783E-17 -8.326672684688674E-17 2.220446049250313E-16 0.8282157761544046 0.023168604411939582 0.6397032559166347 0.9096021022882415 8.326672684688674E-17 0.010117131016180392
 0.320000 -1.6653345369377348E-16 0.8488458876267165 0.0 1.734723475976807E-16 2.7755575615628914E-16 0.8515359266119629 0.024223802176755224 0.6606519838097766 0.9524571392734797 -1.1102230246251565E-16 0.012086524871395166
 0.330000 -1.6653345369377348E-16 0.8737045136948446 -1.1102230246251565E-16 3.122502256758253E-17 1.6653345369377348E-16 0.8737118495479135 0.025278305286188255 0.6810814940198108 0.994639891463323 5.551115123125783E-17 0.013998885584478538
 0.340000 1.6653345369377348E-16 0.9035225143713044 0.0 2.0816681711721685E-17 4.440892098500626E-16 0.8980120108593086 0.02570566027529684 0.6960921542809009 1.0000000000000004 -5.551115123125783E-17 0.014928759122925461
 0.350000 5.551115123125783E-17 0.9279439712605341 1.1102230246251565E-16 -3.8163916471489756E-17 -2.220446049250313E-16 0.9237768037048413 0.02597723911337777 0.7072557437740807 1.0 5.551115123125783E-17 0.01593609894295639
 0.360000 5.551115123125783E-17 0.951215783792228 3.3306690738754696E-16 -1.3877787807814457E-16 -6.661338147750939E-16 0.9490106716457984 0.026241786848738277 0.7150156825920554 0.9999999999999999 5.551115123125783E-17 0.016959809059279407
 0.370000 -1.1102230246251565E-16 0.973523800749705 0.0 -1.0408340855860843E-17 0.0 0.973212579139215 0.026485939071967512 0.7196168057394581 0.9999999999999999 -2.7755575615628914E-17 0.017920059080035466
 0.380000 -2.220446049250313E-16 0.9944890474062433 0.0 9.020562075079397E-17 1.1102230246251565E-16 0.9960687924864634 0.026702547797167693 0.7216993759341547 0.9999999999999996 -1.6653345369377348E-16 0.018767597734532016
 0.390000 -2.220446049250313E-16 1.0000000000000002 0.0 1.249000902703301E-16 5.551115123125783E-17 0.9999999999999999 0.02678115724617137 0.7256112560459326 0.9999999999999996 -8.326672684688674E-17 0.019679796700235286
 0.400000 -5.551115123125783E-17 1.0000000000000002 1.1102230246251565E-16 -1.249000902703301E-16 -1.6653345369377348E-16 1.0000000000000002 0.026793489320618792 0.734038416176934 0.9999999999999999 -5.551115123125783E-17 0.020242876077978145
 0.410000 -3.885780586188048E-16 1.0 1.1102230246251565E-16 9.367506770274758E-17 -1.1102230246251565E-16 1.0 0.026762170243449544 0.7445782050196267 1.0000000000000004 8.326672684688674E-17 0.02067220860327662
 0.420000 5.551115123125783E-17 0.9999999999999998 -1.1102230246251565E-16 1.5959455978986625E-16 4.440892098500626E-16 0.9999999999999994 0.02674680090400525 0.7558360939023725 0.9999999999999997 -3.885780586188048E-16 0.021127750459593753
 0.430000 0.0 0.9999999999999997 -1.1102230246251565E-16 1.4224732503009818E-16 6.106226635438361E-16 1.0000000000000002 0.02677888399096683 0.7667917703177732 1.0000000000000002 8.326672684688674E-17 0.0216211048201273
 0.440000 -2.7755575615628914E-16 1.0000000000000002 -2.220446049250313E-16 -1.0408340855860843E-17 2.220446049250313E-16 1.0000000000000004 0.02685479693184023 0.7766715733357918 1.0000000000000002 -1.942890293094024E-16 0.022118410543866374
 0.450000 2.220446049250313E-16 0.9999999999999999 0.0 -1.9081958235744878E-16 2.7755575615628914E-16 1.0000000000000002 0.026956910888908583 0.7849341456641463 1.0000000000000002 1.942890293094024E-16 0.022582241192822594
 0.460000 0.0 1.0000000000000002 5.551115123125783E-16 -1.5612511283791264E-16 -3.3306690738754696E-16 0.9999999999999998 0.02706784537781375 0.7912305583765942 0.9999999999999996 3.3306690738754696E-16 0.022986757407501335
 0.470000 -2.7755575615628914E-16 0.9999999999999999 2.220446049250313E-16 -1.6306400674181987E-16 -3.3306690738754696E-16 1.0 0.02717674817135327 0.7953501348473492 1.0000000000000007 3.608224830031759E-16 0.023318083645815946
 0.480000 2.7755575615628914E-16 1.0 1.1102230246251565E-16 -3.5735303605122226E-16 -1.6653345369377348E-16 0.9999999999999999 0.02727952784133329 0.7971713422535887 1.0 2.220446049250313E-16 0.023569541349299117
 0.490000 0.0 1.0000000000000002 -1.1102230246251565E-16 4.128641872824801E-16 6.106226635438361E-16 0.9999999999999998 0.027376310171956506 0.7966230107103872 1.0 -8.326672684688674E-17 0.023737402913150296
 0.500000 5.551115123125783E-17 1.0000000000000002 1.1102230246251565E-16 -3.677613769070831E-16 5.551115123125783E-16 0.9999999999999996 0.02746872912689826 0.7936561544990172 0.9999999999999999 5.551115123125783E-17 0.023818763605441218
 0.510000 4.440892098500626E-16 0.9999999999999998 0.0 -6.245004513516506E-17 2.7755575615628914E-16 1.0 0.027557668684888403 0.7882551360122272 1.0 1.6653345369377348E-16 0.023810791395109887
 0.520000 -1.1102230246251565E-16 1.0000000000000002 -2.220446049250313E-16 1.3877787807814457E-17 9.43689570931383E-16 0.9999999999999996 0.027641009047469092 0.7805222784761685 1.0 8.326672684688674E-17 0.023711023687127464
 0.530000 -1.1102230246251565E-16 1.0000000000000002 2.220446049250313E-16 7.632783294297951E-17 1.6653345369377348E-16 1.0 0.02771599135878007 0.7706033439773383 1.0 1.1102230246251565E-16 0.023520786068248256
 0.540000 -1.1102230246251565E-16 1.0000000000000004 1.1102230246251565E-16 -1.249000902703301E-16 -1.1102230246251565E-16 0.9999999999999996 0.027781239449248006 0.7586315135311561 0.9999999999999997 -1.942890293094024E-16 0.023244458648287725
 0.550000 -4.440892098500626E-16 0.9999999999999998 -2.220446049250313E-16 4.163336342344337E-17 2.7755575615628914E-16 1.0 0.027836825709681576 0.7447154318803358 0.9999999999999999 -5.828670879282072E-16 0.022887222706633847
 0.560000 5.551115123125783E-17 1.0 1.1102230246251565E-16 -1.3877787807814457E-16 -6.661338147750939E-16 1.0 0.027883495000200466 0.7289429033983481 1.0000000000000004 -2.7755575615628914E-17 0.022453692110378842
 0.570000 1.6653345369377348E-16 1.0 -1.1102230246251565E-16 7.28583859910259E-17 -3.3306690738754696E-16 0.9999999999999998 0.027921942899846702 0.7113877222647922 1.0 -2.7755575615628914E-17 0.021947630211469393
 0.580000 -1.1102230246251565E-16 0.9999999999999998 -3.3306690738754696E-16 1.7694179454963432E-16 0.0 1.0 0.02795247495796777 0.6921152576922074 0.9999999999999998 -3.885780586188048E-16 0.02137223133026178
 0.590000 -5.551115123125783E-17 0.9907065543010847 1.1102230246251565E-16 2.42861286636753E-17 -1.1102230246251565E-16 0.9999999999999996 0.02789583728392202 0.6771736380490787 1.0000000000000002 1.1102230246251565E-16 0.020587668642598256
 0.600000 1.6653345369377348E-16 0.970702671768756 -1.1102230246251565E-16 -6.591949208711867E-17 -1.1102230246251565E-16 0.9999999999999998 0.02769751464980291 0.669713281503945 0.9999999999999998 -3.608224830031759E-16 0.019538265319473724
 0.610000 -2.7755575615628914E-16 0.9474166384914738 -1.1102230246251565E-16 -3.191891195797325E-16 1.6653345369377348E-16 1.0000000000000004 0.027414170411242184 0.666970161285773 1.0 2.220446049250313E-16 0.018411430635908888
 0.620000 1.6653345369377348E-16 0.9232380159834205 0.0 1.0408340855860843E-16 -1.6653345369377348E-16 1.0 0.027125758776939894 0.6671316111265597 0.9999999999999997 -1.6653345369377348E-16 0.01735789559842582
 0.630000 3.885780586188048E-16 0.8981646083187717 -5.551115123125783E-17 -1.0755285551056204E-16 0.0 0.9978897319208635 0.026875038864091132 0.6686396806706675 0.9999999999999998 1.1102230246251565E-16 0.016433429266830335
 0.640000 1.1102230246251565E-16 0.8681600664837578 -1.1102230246251565E-16 4.85722573273506E-17 -2.220446049250313E-16 0.9765097737558248 0.026642439399123332 0.6679431659949108 0.9999999999999999 -1.3877787807814457E-16 0.01590072498990608
 0.650000 0.0 0.8370055692607724 5.551115123125783E-17 1.457167719820518E-16 4.440892098500626E-16 0.9485149573433407 0.026470663512191274 0.6675066344142668 0.9999999999999998 -8.326672684688674E-17 0.015304404767155277
 0.660000 -1.1102230246251565E-16 0.8094075003508941 0.0 3.122502256758253E-17 -4.440892098500626E-16 0.9206413989442775 0.02572883400276653 0.6630145327013268 0.9683840350528686 -1.1102230246251565E-16 0.013716847631350781
 0.670000 1.6653345369377348E-16 0.7810553715912498 5.551115123125783E-17 1.249000902703301E-16 1.6653345369377348E-16 0.8951728809292636 0.024485631853369966 0.6530527065031912 0.9118326189568057 8.326672684688674E-17 0.011564026127520166
 0.680000 1.1102230246251565E-16 0.7512205653275168 -5.551115123125783E-17 9.71445146547012E-17 1.6653345369377348E-16 0.8708301878055208 0.02310987418952736 0.6385149926751508 0.8494197479576777 0.0 0.009363862193867672
 0.690000 -8.326672684688674E-17 0.7209868982931156 -5.551115123125783E-17 -6.245004513516506E-17 5.551115123125783E-17 0.8460074154377293 0.0217838656736824 0.6204778406837226 0.790573263955987 8.326672684688674E-17 0.007261411324604006
 0.700000 0.0 0.690778380897727 -1.6653345369377348E-16 4.163336342344337E-17 -1.1102230246251565E-16 0.8197294008630911 0.02053697811529153 0.6000325039602644 0.7372306468576922 -2.220446049250313E-16 0.005242562158515124
 0.710000 5.551115123125783E-17 0.6607370264929158 -5.551115123125783E-17 4.5102810375396984E-17 -1.1102230246251565E-16 0.7915336957326273 0.019348623559269203 0.578226474014927 0.6882372557578914 5.551115123125783E-17 0.003275019667577178
 0.720000 -1.1102230246251565E-16 0.6309518049591826 5.551115123125783E-17 9.020562075079397E-17 5.551115123125783E-17 0.7612886365568317 0.018199923988044438 0.5558982424579939 0.6419683662203294 0.0 0.0013565029820610808
 0.730000 -2.7755575615628914E-17 0.6011141155407487 1.6653345369377348E-16 -4.163336342344337E-17 -1.1102230246251565E-16 0.7264373408083465 0.01704301545359092 0.5350558917009415 0.5984442970935875 0.0 2.7755575615628914E-17
 0.740000 -1.942890293094024E-16 0.5699526715685695 0.0 1.3877787807814457E-17 3.3306690738754696E-16 0.6819966094279617 0.015847814745942733 0.5191854244994502 0.5590501012457142 -1.1102230246251565E-16 -2.7755575615628914E-17
 0.750000 1.1102230246251565E-16 0.5371551606295649 0.006752912278109702 -5.551115123125783E-17 -1.1102230246251565E-16 0.6525363516109371 0.014994169123817515 0.4960195267757282 0.521596816061752 0.0 0.0
 0.760000 -1.942890293094024E-16 0.5063038119995242 0.015327273230070104 3.8163916471489756E-17 1.1102230246251565E-16 0.6315900993943944 0.014268706701695631 0.4660767135692001 0.4864605795719782 5.551115123125783E-17 0.0
 0.770000 5.551115123125783E-17 0.4714744106294088 0.021867516750765925 -2.7755575615628914E-17 3.885780586188048E-16 0.6162010409700234 0.01386866146974349 0.4323940131571118 0.44511000278804325 -2.7755575615628914E-17 2.7755575615628914E-17
 0.780000 -1.6653345369377348E-16 0.4337185795018699 0.02579048438848408 -6.938893903907228E-18 1.6653345369377348E-16 0.6035093759105719 0.013613748249323062 0.3968625503100576 0.3979834930997639 0.0 -2.7755575615628914E-17
 0.790000 2.7755575615628914E-17 0.39094657257602977 0.036455256183770046 -2.0816681711721685E-17 0.0 0.5951665708270931 0.013217059597684593 0.3588348841416814 0.35698105709713324 -2.7755575615628914E-17 0.0029564970166087445
 0.800000 2.7755575615628914E-17 0.34870856837918096 0.04728785530095325 4.85722573273506E-17 2.220446049250313E-16 0.5858469955379442 0.012789438073865548 0.31882111671767815 0.3201501062579303 -8.326672684688674E-17 0.006345312352427329
 0.810000 -2.7755575615628914E-17 0.3078922917753245 0.05598186363486679 1.3877787807814457E-17 0.0 0.572841890865996 0.01223304472121688 0.27832236722771964 0.2846568912748998 -5.551115123125783E-17 0.00910700262537692
 0.820000 -1.1102230246251565E-16 0.26918705773770185 0.06228189501497239 1.3877787807814457E-17 0.0 0.5557087037343249 0.011546551389395818 0.238718253413431 0.24969076341016105 0.0 0.011003239503564577
 0.830000 0.0 0.2331652043651466 0.0666858547286639 1.3877787807814457E-17 1.1102230246251565E-16 0.5345625371007316 0.01076395244494472 0.20072571252943175 0.21574976648716615 -2.7755575615628914E-17 0.012201629489200339
 0.840000 -5.551115123125783E-17 0.20006792599039613 0.06971762106366802 2.0816681711721685E-17 3.3306690738754696E-16 0.509487186783012 0.00992279744033141 0.164590009507499 0.18360746108241255 8.326672684688674E-17 0.012939586240302697
 0.850000 0.0 0.1699144938819721 0.07166733862178565 0.0 0.0 0.4804283516141974 0.009049989431388477 0.13047732909237833 0.15383358371625078 1.3877787807814457E-17 0.01336590822755751
 0.860000 2.7755575615628914E-17 0.14266426004045468 0.072572189219334 0.0 0.0 0.44718966647090097 0.008161050322955509 0.09875142774802022 0.12672659930926933 0.0 0.013523407259269093
 0.870000 -8.326672684688674E-17 0.11824647944953334 0.07227148208870382 1.3877787807814457E-17 5.551115123125783E-17 0.40943532554295614 0.007265618643470335 0.07008459976453643 0.10240867072837345 4.163336342344337E-17 0.013389878066240646
 0.880000 -9.71445146547012E-17 0.09649047323863989 0.07046036543505846 2.0816681711721685E-17 0.0 0.36672269763186405 0.00637280549843536 0.04545859434502826 0.08095206931763405 2.7755575615628914E-17 0.012921004668048935
 0.890000 -4.163336342344337E-17 0.07706857637530062 0.06674158233709654 2.7755575615628914E-17 -5.551115123125783E-17 0.31864363867061607 0.005493402607899099 0.02605967553401077 0.06247571177774863 -1.3877787807814457E-17 0.012077056227484825
 0.900000 -1.3877787807814457E-17 0.05956869885829559 0.06073401684999977 0.0 5.551115123125783E-17 0.26519187273900297 0.004638582391456331 0.012951974850886835 0.04714893899265743 0.0 0.010839836851818593
 0.910000 0.0 0.04377431287225689 0.05230586635461151 3.469446951953614E-18 0.0 0.20741501893921807 0.0038162307695525795 0.006420343535707116 0.03503641605146532 6.938893903907228E-18 0.009233385928651278
 0.920000 1.0408340855860843E-17 0.02998559128366017 0.041850433510867036 -6.938893903907228E-18 -1.3877787807814457E-17 0.14816002730042926 0.003028643193623939 0.005280308924500482 0.025834006374838223 -1.3877787807814457E-17 0.007347628565750289
 0.930000 0.0 0.018844069398833665 0.030344468484687984 0.0 0.0 0.0924296414846148 0.0022770023760060607 0.006920872965534144 0.01876945590074508 1.0408340855860843E-17 0.005343190162507949
 0.940000 -1.734723475976807E-18 0.011878678630564354 0.019713177838080465 1.734723475976807E-18 1.3877787807814457E-17 0.04969328088273335 0.0016121171056346778 0.008644723038728493 0.014200602764967728 6.468765279104595E-4 0.0038031233450726114
 0.950000 -5.204170427930421E-18 0.007893690345587887 0.01161974641169855 0.0 6.938893903907228E-18 0.02345260348153891 0.0010644413592528473 0.00857166012777115 0.011064684699732173 0.001818652639594201 0.0028597471913113133
 0.960000 8.673617379884035E-19 0.0036311674847888335 0.005589265534033265 0.0 5.204170427930421E-18 0.006862889291312402 5.891850276583935E-4 0.006356274759944258 0.006882650581462143 0.002385121060031208 0.0019430675161388553
 0.970000 3.686287386450715E-18 3.469446951953614E-18 0.0018784579785076317 -2.3852447794681098E-18 5.637851296924623E-18 -1.0408340855860843E-17 2.3480147597949698E-4 0.003593159654436076 0.003172802626064746 0.0029204559356491118 0.0013871108173168123
 0.980000 -5.637851296924623E-18 -5.204170427930421E-18 -2.2551405187698492E-17 1.951563910473908E-18 0.006850349333988982 -2.7755575615628914E-17 0.0 5.3988185992094595E-17 0.0012474077782980743 0.0039311433940523045 0.001390837904708371
 0.990000 2.6020852139652106E-18 5.204170427930421E-18 6.938893903907228E-18 8.673617379884035E-19 0.010445083133124188 0.0 0.0 1.4812912181583204E-17 0.0017232702792838832 0.005871622969409435 0.0021637476594537457
 1.000000 0.0012170830418248447 -3.469446951953614E-18 -2.0816681711721685E-17 0.0012376903503650127 0.017739555638430812 -6.245004513516506E-17 7.589415207398531E-19 1.8865117801247777E-17 0.0031320338580803353 0.007168636369430258 0.003244970802551128
