0 1000000000 1.0
Linear 29 explicit
 0.000000 0.0 0.0 0.0 0.0 0.0 0.0 0.0 0.0 0.0 0.0 0.0 0.0 0.0 0.0 0.0 0.0 0.0 0.0 0.0 0.0 0.0 0.0 0.0 0.0 0.0 0.0 0.0 0.0 0.0
 0.100000 0.0 0.0 0.0 0.0 0.0 0.0 0.0 0.0 0.026999999999999982 0.0 0.054000000000000006 0.032399999999999984 0.032399999999999984 0.16199999999999998 0.16199999999999998 0.054000000000000006 0.0 0.026999999999999982 0.0 0.0 0.0 0.0 0.0 0.0 0.0 0.0 0.0 0.0 0.0
 0.200000 0.0 0.0 0.0 0.0 0.0 0.0 0.0 0.0 0.05699999999999997 0.0 0.11400000000000002 0.06839999999999997 0.06839999999999997 0.34199999999999997 0.34199999999999997 0.11400000000000002 0.0 0.05699999999999997 0.0 0.0 0.0 0.0 0.0 0.0 0.0 0.0 0.0 0.0 0.0
 0.300000 0.0 0.0 0.0 0.0 0.0 0.0 0.0 0.0 0.08699999999999994 0.0 0.17400000000000002 0.10439999999999995 0.10439999999999995 0.5219999999999999 0.5219999999999999 0.17400000000000002 0.0 0.08699999999999994 0.0 0.0 0.0 0.0 0.0 0.0 0.0 0.0 0.0 0.0 0.0
 0.400000 0.0 0.0 0.0 0.0 0.0 0.0 0.0 0.0 0.11699999999999994 0.0 0.23400000000000004 0.14039999999999997 0.14039999999999997 0.702 0.702 0.23400000000000004 0.0 0.11699999999999994 0.0 0.0 0.0 0.0 0.0 0.0 0.0 0.0 0.0 0.0 0.0
 0.500000 0.0 0.0 0.0 0.0 0.0 0.0 0.0 0.0 0.1469999999999999 0.0 0.29400000000000004 0.17639999999999995 0.17639999999999995 0.8819999999999999 0.8819999999999999 0.29400000000000004 0.0 0.1469999999999999 0.0 0.0 0.0 0.0 0.0 0.0 0.0 0.0 0.0 0.0 0.0
 0.600000 0.0 0.0 0.0 0.0 0.0 0.0 0.0 0.0 0.12299999999999994 0.0 0.24600000000000005 0.14759999999999995 0.14759999999999995 0.738 0.738 0.24600000000000005 0.0 0.12299999999999994 0.0 0.0 0.0 0.0 0.0 0.0 0.0 0.0 0.0 0.0 0.0
 0.700000 0.0 0.0 0.0 0.0 0.0 0.0 0.0 0.0 0.09299999999999996 0.0 0.18600000000000005 0.11159999999999998 0.11159999999999998 0.558 0.558 0.18600000000000005 0.0 0.09299999999999996 0.0 0.0 0.0 0.0 0.0 0.0 0.0 0.0 0.0 0.0 0.0
 0.800000 0.0 0.0 0.0 0.0 0.0 0.0 0.0 0.0 0.06299999999999996 0.0 0.126 0.07559999999999996 0.07559999999999996 0.3779999999999999 0.3779999999999999 0.126 0.0 0.06299999999999996 0.0 0.0 0.0 0.0 0.0 0.0 0.0 0.0 0.0 0.0 0.0
 0.900000 0.0 0.0 0.0 0.0 0.0 0.0 0.0 0.0 0.032999999999999974 0.0 0.066 0.03959999999999998 0.03959999999999998 0.19799999999999995 0.19799999999999995 0.066 0.0 0.032999999999999974 0.0 0.0 0.0 0.0 0.0 0.0 0.0 0.0 0.0 0.0 0.0
 1.000000 0.0 0.0 0.0 0.0 0.0 0.0 0.0 0.0 0.003000000000000001 0.0 0.006000000000000006 0.003600000000000002 0.003600000000000002 0.018000000000000013 0.018000000000000013 0.006000000000000006 0.0 0.003000000000000001 0.0 0.0 0.0 0.0 0.0 0.0 0.0 0.0 0.0 0.0 0.0
